/*--------------------------------*- C++ -*----------------------------------*\
  =========                 |
  \\      /  F ield         | OpenFOAM: The Open Source CFD Toolbox
   \\    /   O peration     | Website:  https://openfoam.org
    \\  /    A nd           | Version:  13
     \\/     M anipulation  |
\*---------------------------------------------------------------------------*/
FoamFile
{
    format      ascii;
    class       surfaceScalarField;
    location    "3";
    object      phi;
}
// * * * * * * * * * * * * * * * * * * * * * * * * * * * * * * * * * * * * * //

dimensions      [0 3 -1 0 0 0 0];

internalField   nonuniform List<scalar> 
4432
(
-1.86044e-07
1.86046e-07
-1.20387e-06
1.01782e-06
-2.53489e-06
1.33101e-06
-3.78447e-06
1.24957e-06
-4.84902e-06
1.06454e-06
-5.69044e-06
8.41408e-07
-6.30035e-06
6.09906e-07
-6.68719e-06
3.86833e-07
-6.86679e-06
1.79603e-07
-6.85748e-06
-9.31197e-09
-6.68378e-06
-1.737e-07
-6.36756e-06
-3.16211e-07
-5.93541e-06
-4.32138e-07
-5.41621e-06
-5.19195e-07
-4.83532e-06
-5.80879e-07
-4.21005e-06
-6.25252e-07
-3.54827e-06
-6.6177e-07
-2.84694e-06
-7.01316e-07
-2.09666e-06
-7.50267e-07
-1.30296e-06
-7.93685e-07
-5.29645e-07
-7.73309e-07
-4.61032e-08
-4.83535e-07
-4.60903e-08
-5.78994e-07
7.65032e-07
-1.65638e-06
2.0952e-06
-2.83653e-06
2.51114e-06
-3.93338e-06
2.3464e-06
-4.85753e-06
1.98866e-06
-5.57821e-06
1.56208e-06
-6.08816e-06
1.11984e-06
-6.3934e-06
6.92062e-07
-6.50698e-06
2.93168e-07
-6.44715e-06
-6.91481e-08
-6.23795e-06
-3.82906e-07
-5.90309e-06
-6.51075e-07
-5.46934e-06
-8.65886e-07
-4.96495e-06
-1.02359e-06
-4.41544e-06
-1.13039e-06
-3.84074e-06
-1.19995e-06
-3.25369e-06
-1.24883e-06
-2.65903e-06
-1.29598e-06
-2.05574e-06
-1.35355e-06
-1.44315e-06
-1.40628e-06
-8.44702e-07
-1.37177e-06
-3.06629e-07
-1.02162e-06
-3.52747e-07
-9.01517e-07
1.66655e-06
-1.95085e-06
3.14453e-06
-2.99333e-06
3.55362e-06
-3.94488e-06
3.29796e-06
-4.74194e-06
2.78573e-06
-5.35957e-06
2.17971e-06
-5.79078e-06
1.55105e-06
-6.03929e-06
9.40576e-07
-6.11502e-06
3.68892e-07
-6.03324e-06
-1.50924e-07
-5.81702e-06
-5.99133e-07
-5.48823e-06
-9.79863e-07
-5.07232e-06
-1.28181e-06
-4.59594e-06
-1.49997e-06
-4.08381e-06
-1.64252e-06
-3.55668e-06
-1.72709e-06
-3.0303e-06
-1.77522e-06
-2.51396e-06
-1.81233e-06
-2.01004e-06
-1.85748e-06
-1.51533e-06
-1.90099e-06
-1.02557e-06
-1.86153e-06
-5.10967e-07
-1.53623e-06
-8.63713e-07
-1.09643e-06
2.76301e-06
-2.12924e-06
4.17737e-06
-3.06261e-06
4.48702e-06
-3.88812e-06
4.12349e-06
-4.57407e-06
3.47171e-06
-5.10373e-06
2.70939e-06
-5.47093e-06
1.91827e-06
-5.67766e-06
1.14731e-06
-5.73089e-06
4.22127e-07
-5.64165e-06
-2.40182e-07
-5.43061e-06
-8.10189e-07
-5.11687e-06
-1.29361e-06
-4.72421e-06
-1.67449e-06
-4.27762e-06
-1.94658e-06
-3.8006e-06
-2.11958e-06
-3.314e-06
-2.21371e-06
-2.8354e-06
-2.25384e-06
-2.3772e-06
-2.27056e-06
-1.94441e-06
-2.29029e-06
-1.53139e-06
-2.31404e-06
-1.11497e-06
-2.27797e-06
-6.17734e-07
-2.03349e-06
-1.48148e-06
-1.18612e-06
3.94915e-06
-2.20969e-06
5.20097e-06
-3.05684e-06
5.3342e-06
-3.77584e-06
4.84251e-06
-4.36738e-06
4.06327e-06
-4.8242e-06
3.16623e-06
-5.14112e-06
2.23519e-06
-5.3188e-06
1.32499e-06
-5.36126e-06
4.64592e-07
-5.2736e-06
-3.27846e-07
-5.07406e-06
-1.00972e-06
-4.77835e-06
-1.58932e-06
-4.40973e-06
-2.0431e-06
-3.99149e-06
-2.36482e-06
-3.54538e-06
-2.56568e-06
-3.09159e-06
-2.66748e-06
-2.64852e-06
-2.6969e-06
-2.23064e-06
-2.68842e-06
-1.84553e-06
-2.67538e-06
-1.48719e-06
-2.67235e-06
-1.12174e-06
-2.64341e-06
-6.51097e-07
-2.50411e-06
-2.13255e-06
-1.20226e-06
5.15145e-06
-2.21311e-06
6.21185e-06
-2.98506e-06
6.10615e-06
-3.61156e-06
5.46901e-06
-4.12317e-06
4.57487e-06
-4.52007e-06
3.56312e-06
-4.79719e-06
2.51228e-06
-4.95411e-06
1.4819e-06
-4.99657e-06
5.07057e-07
-4.92318e-06
-4.01231e-07
-4.73804e-06
-1.19484e-06
-4.46204e-06
-1.86529e-06
-4.11807e-06
-2.38704e-06
-3.72599e-06
-2.75687e-06
-3.30575e-06
-2.98588e-06
-2.87627e-06
-3.09693e-06
-2.45589e-06
-3.11725e-06
-2.06055e-06
-3.08373e-06
-1.70173e-06
-3.03415e-06
-1.37846e-06
-2.99559e-06
-1.05718e-06
-2.96465e-06
-6.63281e-07
-2.89796e-06
-2.79583e-06
-1.25287e-06
6.40433e-06
-2.15451e-06
7.11345e-06
-2.83543e-06
6.78703e-06
-3.37391e-06
6.00745e-06
-3.81539e-06
5.01633e-06
-4.16153e-06
3.90923e-06
-4.40401e-06
2.75476e-06
-4.53853e-06
1.61641e-06
-4.57029e-06
5.38822e-07
-4.49427e-06
-4.77245e-07
-4.30334e-06
-1.38577e-06
-4.02711e-06
-2.1415e-06
-3.68915e-06
-2.72497e-06
-3.30779e-06
-3.1382e-06
-2.90128e-06
-3.39235e-06
-2.48605e-06
-3.51213e-06
-2.07873e-06
-3.52454e-06
-1.69526e-06
-3.46716e-06
-1.35253e-06
-3.37685e-06
-1.05932e-06
-3.28875e-06
-7.93118e-07
-3.2308e-06
-5.42922e-07
-3.14812e-06
-3.33876e-06
-1.24033e-06
7.6447e-06
-1.98463e-06
7.85769e-06
-2.53236e-06
7.33467e-06
-2.96001e-06
6.43502e-06
-3.31355e-06
5.36981e-06
-3.58923e-06
4.18488e-06
-3.77276e-06
2.93827e-06
-3.8555e-06
1.69915e-06
-3.82917e-06
5.12481e-07
-3.68309e-06
-6.23318e-07
-3.42462e-06
-1.64424e-06
-3.07955e-06
-2.48657e-06
-2.67392e-06
-3.13061e-06
-2.23496e-06
-3.57715e-06
-1.78453e-06
-3.84278e-06
-1.33796e-06
-3.95869e-06
-9.10609e-07
-3.95189e-06
-5.20028e-07
-3.85774e-06
-1.96704e-07
-3.70017e-06
2.40514e-08
-3.5095e-06
1.1308e-07
-3.31982e-06
6.42774e-08
-3.09931e-06
-3.2745e-06
1.17962e-06
-1.17962e-06
3.39513e-06
-2.21552e-06
5.2202e-06
-1.82507e-06
6.19781e-06
-9.77604e-07
6.37651e-06
-1.78702e-07
4.71704e-06
1.65948e-06
3.16778e-06
1.54927e-06
1.77363e-06
1.39416e-06
9.06631e-07
8.67001e-07
1.27304e-06
-3.66402e-07
6.77307e-07
5.95736e-07
-7.55264e-07
1.43258e-06
-4.47138e-07
-3.08122e-07
8.47924e-08
-5.31926e-07
3.0268e-07
-2.17883e-07
4.13051e-07
-1.10368e-07
3.93628e-07
1.94262e-08
3.91499e-07
2.13378e-09
3.91502e-07
1.59037e-06
-2.77e-06
3.35349e-06
-3.97864e-06
4.83103e-06
-3.30261e-06
5.28703e-06
-1.4336e-06
4.81795e-06
2.90391e-07
4.4635e-06
2.01394e-06
3.55105e-06
2.46172e-06
2.61636e-06
2.32886e-06
1.64138e-06
1.84199e-06
8.41714e-07
4.33272e-07
6.41775e-07
7.95684e-07
1.05149e-06
1.02287e-06
8.18587e-07
-7.52081e-08
5.5538e-07
-2.68711e-07
3.82824e-07
-4.53214e-08
2.51715e-07
2.07463e-08
1.35539e-07
1.35608e-07
-1.14947e-09
1.38829e-07
3.90359e-07
1.60956e-06
-4.37954e-06
2.71217e-06
-5.08122e-06
4.04236e-06
-4.63277e-06
5.02243e-06
-2.41366e-06
5.03946e-06
2.73352e-07
4.69591e-06
2.35747e-06
3.98957e-06
3.16803e-06
3.24622e-06
3.07219e-06
2.7972e-06
2.29099e-06
1.68473e-06
1.54574e-06
1.22316e-06
1.25726e-06
1.75865e-06
4.8738e-07
1.52211e-06
1.61329e-07
9.70208e-07
2.83185e-07
5.08753e-07
4.16131e-07
8.11096e-08
4.48391e-07
-1.63715e-07
3.80434e-07
-5.26081e-07
5.01197e-07
-1.35722e-07
1.21248e-06
-5.59203e-06
1.72121e-06
-5.58994e-06
2.64595e-06
-5.55748e-06
4.3914e-06
-4.15909e-06
5.37233e-06
-7.0759e-07
4.86797e-06
2.86183e-06
4.34682e-06
3.68917e-06
4.0958e-06
3.3232e-06
4.4703e-06
1.9165e-06
3.78637e-06
2.22968e-06
2.91686e-06
2.12678e-06
2.43227e-06
9.71981e-07
1.99054e-06
6.03079e-07
9.15498e-07
1.35823e-06
3.48193e-07
9.83447e-07
6.81556e-08
7.28442e-07
2.03359e-07
2.45243e-07
7.26767e-07
-2.21964e-08
5.91071e-07
6.78794e-07
-6.27082e-06
9.36142e-07
-5.84726e-06
1.38106e-06
-6.00237e-06
2.51764e-06
-5.29566e-06
4.32766e-06
-2.51761e-06
4.09194e-06
3.09754e-06
4.43261e-06
3.34849e-06
5.30014e-06
2.45567e-06
6.13835e-06
1.07829e-06
6.65736e-06
1.71066e-06
5.93585e-06
2.84829e-06
4.63986e-06
2.26798e-06
1.68004e-06
3.56292e-06
-8.20018e-07
3.85829e-06
-4.12818e-07
5.7625e-07
9.1271e-07
-5.9708e-07
2.47754e-06
-1.31958e-06
5.39975e-06
-2.9444e-06
5.99083e-06
8.20251e-07
-7.09104e-06
5.94429e-07
-5.62143e-06
1.06833e-06
-6.47625e-06
1.16916e-06
-5.39647e-06
2.1466e-06
-3.49504e-06
3.21788e-06
2.02629e-06
4.20136e-06
2.36505e-06
5.334e-06
1.32309e-06
6.18727e-06
2.25043e-07
6.73101e-06
1.16693e-06
6.98899e-06
2.59033e-06
7.09081e-06
2.16618e-06
1.18592e-06
9.46783e-06
-1.57981e-06
6.62403e-06
-1.86695e-07
-8.16838e-07
1.42322e-06
-2.20697e-06
3.2987e-06
-3.19504e-06
4.6642e-06
-4.30989e-06
1.06551e-05
6.57068e-07
-7.74809e-06
3.74324e-07
-5.3387e-06
9.50557e-07
-7.05248e-06
1.02657e-06
-5.47246e-06
9.79277e-07
-3.44772e-06
2.37759e-06
6.28005e-07
3.7048e-06
1.03789e-06
4.73319e-06
2.9473e-07
5.05818e-06
-9.99308e-08
5.3572e-06
8.6792e-07
6.15089e-06
1.79665e-06
6.03072e-06
2.28636e-06
1.46162e-06
1.40369e-05
-2.61339e-07
8.34701e-06
4.92363e-07
-1.57051e-06
1.6202e-06
-3.3348e-06
2.78152e-06
-4.35635e-06
3.23148e-06
-4.75982e-06
1.38866e-05
2.81998e-07
-8.03008e-06
2.04005e-07
-5.26069e-06
7.6426e-07
-7.61274e-06
1.06699e-06
-5.77518e-06
7.27587e-07
-3.10831e-06
1.61879e-06
-2.63189e-07
2.88416e-06
-2.27476e-07
3.36424e-06
-1.85342e-07
3.39185e-06
-1.27537e-07
3.68892e-06
5.70844e-07
4.42426e-06
1.06132e-06
4.38462e-06
2.32599e-06
1.61126e-06
1.68103e-05
1.09423e-06
8.86406e-06
1.27101e-06
-1.74728e-06
1.53148e-06
-3.59526e-06
1.77138e-06
-4.59623e-06
1.57693e-06
-4.56537e-06
1.54635e-05
-2.88111e-06
1.05258e-05
-3.52462e-06
8.50115e-06
-3.65488e-06
7.4649e-06
-3.64738e-06
6.42748e-06
-3.51144e-06
5.23385e-06
-3.22444e-06
3.89788e-06
-2.82101e-06
2.53484e-06
-2.37081e-06
1.24896e-06
-1.88003e-06
2.16969e-08
-1.31336e-06
-1.19e-06
-6.79647e-07
-2.27798e-06
2.04034e-08
-3.18666e-06
7.60383e-07
-3.87064e-06
1.49616e-06
-4.313e-06
2.19494e-06
-4.54164e-06
2.85181e-06
-4.61564e-06
3.44931e-06
-4.54947e-06
3.95827e-06
-4.36678e-06
4.28096e-06
-4.02295e-06
4.2743e-06
-3.50293e-06
3.75302e-06
-2.79863e-06
2.38264e-06
-1.72903e-06
1.08394e-07
-1.00031e-06
-2.60901e-07
1.07867e-05
5.60948e-08
8.18426e-06
6.68401e-07
6.85271e-06
1.34012e-06
5.75587e-06
2.04203e-06
4.53204e-06
2.82585e-06
3.11414e-06
3.63275e-06
1.72798e-06
4.32593e-06
5.55814e-07
4.90834e-06
-5.60713e-07
5.40474e-06
-1.68641e-06
5.8444e-06
-2.71765e-06
6.23203e-06
-3.57432e-06
6.57226e-06
-4.21091e-06
6.83713e-06
-4.57791e-06
7.00657e-06
-4.71112e-06
7.09054e-06
-4.69965e-06
7.07827e-06
-4.53725e-06
6.95964e-06
-4.2482e-06
6.64802e-06
-3.71136e-06
6.02924e-06
-2.88418e-06
5.11875e-06
-1.88818e-06
4.03305e-06
-6.43356e-07
8.66278e-07
3.27515e-06
1.71365e-06
9.07308e-06
3.10656e-06
6.79141e-06
4.36635e-06
5.59299e-06
5.37062e-06
4.75166e-06
6.31156e-06
3.59113e-06
7.30091e-06
2.12481e-06
8.29973e-06
7.2917e-07
9.0093e-06
-1.53746e-07
9.48115e-06
-1.03256e-06
9.78634e-06
-1.99159e-06
9.90046e-06
-2.83177e-06
9.83492e-06
-3.50878e-06
9.65034e-06
-4.02633e-06
9.34406e-06
-4.27162e-06
8.88107e-06
-4.24811e-06
8.3146e-06
-4.13317e-06
7.61748e-06
-3.84011e-06
6.70215e-06
-3.33286e-06
5.57195e-06
-2.58114e-06
4.36805e-06
-1.68027e-06
3.08965e-06
-6.09763e-07
1.94901e-06
4.97299e-07
1.81809e-06
9.97178e-07
4.1006e-06
4.97243e-06
5.67231e-06
5.21966e-06
7.00612e-06
4.25915e-06
8.25687e-06
3.50088e-06
9.43621e-06
2.41177e-06
1.05366e-05
1.02446e-06
1.12873e-05
-2.1556e-08
1.18657e-05
-7.32173e-07
1.22001e-05
-1.36703e-06
1.22066e-05
-1.99803e-06
1.18589e-05
-2.48405e-06
1.11559e-05
-2.80576e-06
1.02632e-05
-3.13359e-06
9.4213e-06
-3.42972e-06
8.45489e-06
-3.28167e-06
7.19403e-06
-2.87228e-06
5.61771e-06
-2.26376e-06
3.97619e-06
-1.69132e-06
2.33517e-06
-9.40101e-07
8.61777e-07
-2.06866e-07
-4.13096e-07
6.65126e-07
-1.39364e-06
1.47784e-06
2.56647e-06
-2.14201e-06
3.33791e-06
1.63445e-06
6.00716e-06
2.55034e-06
8.07715e-06
2.18909e-06
1.00002e-05
1.57778e-06
1.16718e-05
7.40087e-07
1.27519e-05
-5.56011e-08
1.31981e-05
-4.67862e-07
1.3523e-05
-1.05703e-06
1.3699e-05
-1.54301e-06
1.33336e-05
-1.63271e-06
1.25216e-05
-1.67205e-06
1.13101e-05
-1.59422e-06
9.88601e-06
-1.70944e-06
8.50518e-06
-2.04886e-06
7.04413e-06
-1.82058e-06
5.27145e-06
-1.09955e-06
3.30146e-06
-2.93738e-07
1.4976e-06
1.12579e-07
-1.24158e-07
6.81682e-07
-1.66197e-06
1.33097e-06
-2.95697e-06
1.96014e-06
-4.03103e-06
2.55194e-06
3.23956e-06
-4.70411e-06
1.86758e-06
-2.33225e-07
5.42603e-06
-1.00821e-06
8.46878e-06
-8.53729e-07
1.09189e-05
-8.72432e-07
1.27268e-05
-1.06781e-06
1.3777e-05
-1.10585e-06
1.44299e-05
-1.12078e-06
1.47044e-05
-1.33157e-06
1.45686e-05
-1.40723e-06
1.40561e-05
-1.12012e-06
1.31474e-05
-7.63378e-07
1.19701e-05
-4.16863e-07
1.04747e-05
-2.14091e-07
8.53265e-06
-1.06741e-07
6.41196e-06
3.00142e-07
4.3203e-06
9.92142e-07
2.33143e-06
1.69517e-06
2.61291e-07
2.18276e-06
-1.68265e-06
2.62566e-06
-3.37961e-06
3.02797e-06
-4.7578e-06
3.33837e-06
-5.77902e-06
3.57317e-06
3.78763e-06
-6.32706e-06
4.06706e-06
-4.3003e-06
7.05498e-06
-3.99614e-06
9.69012e-06
-3.48887e-06
1.1924e-05
-3.10632e-06
1.35989e-05
-2.74269e-06
1.47791e-05
-2.28606e-06
1.56018e-05
-1.94351e-06
1.58663e-05
-1.59605e-06
1.56021e-05
-1.14302e-06
1.48811e-05
-3.99078e-07
1.38369e-05
2.80771e-07
1.24499e-05
9.70155e-07
1.06836e-05
1.55215e-06
8.50394e-06
2.07294e-06
6.11245e-06
2.69161e-06
3.72274e-06
3.38183e-06
1.4207e-06
3.99719e-06
-8.28082e-07
4.43151e-06
-2.91889e-06
4.71645e-06
-4.70238e-06
4.81144e-06
-6.08203e-06
4.718e-06
-7.02449e-06
4.51563e-06
4.30167e-06
-7.53853e-06
4.41266e-06
-8.71276e-06
7.6289e-06
-7.21189e-06
1.03729e-05
-6.23243e-06
1.261e-05
-5.34312e-06
1.43618e-05
-4.49424e-06
1.56546e-05
-3.57871e-06
1.64355e-05
-2.72432e-06
1.66485e-05
-1.80901e-06
1.62506e-05
-7.451e-07
1.54638e-05
3.87652e-07
1.42538e-05
1.4907e-06
1.26786e-05
2.54526e-06
1.06908e-05
3.53977e-06
8.27745e-06
4.48608e-06
5.63274e-06
5.3361e-06
2.99067e-06
6.02363e-06
4.8456e-07
6.503e-06
-1.86282e-06
6.77858e-06
-3.96208e-06
6.8154e-06
-5.69905e-06
6.54812e-06
-7.01148e-06
6.03016e-06
-7.8965e-06
5.40041e-06
4.88076e-06
-8.47577e-06
3.20681e-06
-1.19193e-05
6.95107e-06
-1.09547e-05
1.03226e-05
-9.60314e-06
1.28343e-05
-7.85434e-06
1.47279e-05
-6.38751e-06
1.60997e-05
-4.95032e-06
1.69427e-05
-3.56717e-06
1.70796e-05
-1.9458e-06
1.64853e-05
-1.50792e-07
1.53974e-05
1.4754e-06
1.3982e-05
2.90589e-06
1.22179e-05
4.30901e-06
1.00198e-05
5.73739e-06
7.3674e-06
7.13791e-06
4.51769e-06
8.18519e-06
1.75032e-06
8.79037e-06
-7.57812e-07
9.01055e-06
-2.97593e-06
8.99616e-06
-4.84824e-06
8.68725e-06
-6.35241e-06
8.05189e-06
-7.47724e-06
7.15466e-06
-8.17585e-06
6.09878e-06
5.28281e-06
-8.57812e-06
7.1846e-06
-1.91057e-05
7.56918e-06
-1.13395e-05
9.51453e-06
-1.15485e-05
1.18677e-05
-1.02075e-05
1.37043e-05
-8.22414e-06
1.4958e-05
-6.20399e-06
1.55538e-05
-4.16306e-06
1.55157e-05
-1.90782e-06
1.49117e-05
4.53038e-07
1.38089e-05
2.57812e-06
1.23319e-05
4.3826e-06
1.05608e-05
6.07986e-06
8.58927e-06
7.70856e-06
6.52649e-06
9.20028e-06
4.39222e-06
1.0319e-05
2.21329e-06
1.09688e-05
4.6935e-08
1.11764e-05
-1.96943e-06
1.1012e-05
-3.72849e-06
1.04458e-05
-5.20214e-06
9.52508e-06
-6.39682e-06
8.3489e-06
-7.24042e-06
6.94194e-06
5.72155e-06
-7.67935e-06
-1.84325e-06
-1.72646e-05
1.4482e-07
-1.33305e-05
8.46722e-07
-1.22522e-05
1.2471e-06
-1.06092e-05
1.66845e-06
-8.64648e-06
2.36175e-06
-6.89805e-06
3.45699e-06
-5.25889e-06
4.58994e-06
-3.04121e-06
5.02672e-06
1.5956e-08
4.84039e-06
2.76429e-06
4.31693e-06
4.90606e-06
3.69739e-06
6.69955e-06
3.12559e-06
8.28065e-06
2.68371e-06
9.64255e-06
2.33332e-06
1.06699e-05
1.96267e-06
1.13399e-05
1.48796e-06
1.16515e-05
8.99083e-07
1.16013e-05
2.04408e-07
1.11407e-05
-5.68747e-07
1.02983e-05
-1.3667e-06
9.14669e-06
-2.19589e-06
7.77128e-06
6.17308e-06
-2.6473e-06
-3.18551e-06
-1.40803e-05
-3.98696e-06
-1.25309e-05
-4.72273e-06
-1.15181e-05
-5.46785e-06
-9.86542e-06
-5.84255e-06
-8.27285e-06
-5.5238e-06
-7.21767e-06
-4.56212e-06
-6.22123e-06
-3.41288e-06
-4.19096e-06
-2.33133e-06
-1.06595e-06
-1.8262e-06
2.25894e-06
-1.56543e-06
4.64521e-06
-1.39495e-06
6.52915e-06
-1.21572e-06
8.10163e-06
-9.69537e-07
9.3967e-06
-6.82343e-07
1.03831e-05
-3.87713e-07
1.10458e-05
-1.29508e-07
1.13938e-05
5.91542e-08
1.14131e-05
1.40287e-07
1.106e-05
8.6999e-08
1.03518e-05
-1.2663e-07
9.36051e-06
-5.37871e-07
8.1824e-06
6.86878e-06
-1.23318e-06
-3.43095e-06
-1.06499e-05
-5.30877e-06
-1.06537e-05
-6.85351e-06
-9.97393e-06
-8.12252e-06
-8.597e-06
-8.98136e-06
-7.41455e-06
-9.15537e-06
-7.04414e-06
-8.81068e-06
-6.56635e-06
-8.17852e-06
-4.82349e-06
-7.28327e-06
-1.96155e-06
-6.55737e-06
1.53268e-06
-5.87126e-06
3.95876e-06
-5.20944e-06
5.86701e-06
-4.54542e-06
7.43731e-06
-3.85991e-06
8.71091e-06
-3.15808e-06
9.68099e-06
-2.4584e-06
1.03459e-05
-1.77741e-06
1.07126e-05
-1.1391e-06
1.07745e-05
-5.935e-07
1.05141e-05
-1.90129e-07
9.94795e-06
3.78235e-08
9.13203e-06
6.24441e-08
8.15741e-06
7.12701e-06
-1.95922e-07
-3.58797e-06
-7.06259e-06
-5.78989e-06
-8.45227e-06
-7.57089e-06
-8.19342e-06
-8.95888e-06
-7.20947e-06
-9.96127e-06
-6.41261e-06
-1.06578e-05
-6.348e-06
-1.10247e-05
-6.19981e-06
-1.09371e-05
-4.9115e-06
-1.06374e-05
-2.26157e-06
-9.91992e-06
8.14871e-07
-9.07552e-06
3.11399e-06
-8.17303e-06
4.96414e-06
-7.22959e-06
6.49349e-06
-6.26319e-06
7.74411e-06
-5.28085e-06
8.69824e-06
-4.29913e-06
9.36373e-06
-3.33612e-06
9.7492e-06
-2.4173e-06
9.85532e-06
-1.58374e-06
9.68009e-06
-8.79044e-07
9.24266e-06
-3.36682e-07
8.58905e-06
4.33962e-08
7.77667e-06
6.98273e-06
1.87421e-07
-3.18176e-06
-3.8815e-06
-5.6096e-06
-6.02503e-06
-7.48563e-06
-6.31791e-06
-8.96543e-06
-5.73014e-06
-1.00172e-05
-5.36129e-06
-1.09849e-05
-5.38074e-06
-1.18619e-05
-5.32315e-06
-1.23997e-05
-4.37397e-06
-1.24954e-05
-2.16624e-06
-1.19335e-05
2.52675e-07
-1.11227e-05
2.30284e-06
-1.01722e-05
4.01328e-06
-9.1414e-06
5.46231e-06
-8.05975e-06
6.6621e-06
-6.9466e-06
7.58471e-06
-5.82465e-06
8.2414e-06
-4.71629e-06
8.64045e-06
-3.6473e-06
8.78595e-06
-2.65174e-06
8.6841e-06
-1.76464e-06
8.35495e-06
-1.01646e-06
7.84024e-06
-4.34702e-07
7.1943e-06
6.53804e-06
9.75763e-09
-2.55962e-06
-1.32293e-06
-5.05347e-06
-3.53196e-06
-7.09215e-06
-4.27984e-06
-8.63153e-06
-4.19129e-06
-9.78172e-06
-4.21156e-06
-1.08288e-05
-4.33407e-06
-1.1906e-05
-4.24636e-06
-1.28123e-05
-3.468e-06
-1.30758e-05
-1.90304e-06
-1.27689e-05
-5.45524e-08
-1.21245e-05
1.65819e-06
-1.12796e-05
3.16811e-06
-1.03012e-05
4.48357e-06
-9.22903e-06
5.58966e-06
-8.10087e-06
6.45624e-06
-6.94701e-06
7.08723e-06
-5.79387e-06
7.487e-06
-4.66868e-06
7.66044e-06
-3.60152e-06
7.61656e-06
-2.62314e-06
7.37606e-06
-1.75662e-06
6.97314e-06
-1.0136e-06
6.45079e-06
5.93059e-06
-4.06379e-07
-2.1981e-06
8.74246e-07
-4.48834e-06
-1.24252e-06
-6.5287e-06
-2.24015e-06
-8.04392e-06
-2.67661e-06
-9.27827e-06
-2.97769e-06
-1.04139e-05
-3.19882e-06
-1.15118e-05
-3.14892e-06
-1.23893e-05
-2.59076e-06
-1.27983e-05
-1.49441e-06
-1.27204e-05
-1.32654e-07
-1.229e-05
1.22751e-06
-1.16179e-05
2.49577e-06
-1.07696e-05
3.63499e-06
-9.79206e-06
4.61187e-06
-8.73193e-06
5.39587e-06
-7.62472e-06
5.97976e-06
-6.50111e-06
6.36314e-06
-5.38988e-06
6.54895e-06
-4.31976e-06
6.54614e-06
-3.31671e-06
6.37254e-06
-2.40152e-06
6.05749e-06
-1.58255e-06
5.63128e-06
5.21919e-06
-8.71282e-07
-1.99262e-06
2.86562e-06
-3.99422e-06
7.58195e-07
-5.78907e-06
-4.45978e-07
-7.26757e-06
-1.19867e-06
-8.52324e-06
-1.7225e-06
-9.6679e-06
-2.05458e-06
-1.07128e-05
-2.10438e-06
-1.15448e-05
-1.75914e-06
-1.20164e-05
-1.02308e-06
-1.2094e-05
-5.53022e-08
-1.18494e-05
9.82682e-07
-1.13537e-05
1.99987e-06
-1.06622e-05
2.94328e-06
-9.82188e-06
3.77131e-06
-8.87766e-06
4.45144e-06
-7.86744e-06
4.96932e-06
-6.82378e-06
5.31926e-06
-5.77629e-06
5.50125e-06
-4.75249e-06
5.52206e-06
-3.77794e-06
5.39759e-06
-2.87007e-06
5.14914e-06
-2.03803e-06
4.79888e-06
4.47703e-06
-1.29605e-06
-1.73541e-06
4.60019e-06
-3.42922e-06
2.4512e-06
-4.99154e-06
1.11567e-06
-6.36346e-06
1.72701e-07
-7.57559e-06
-5.1084e-07
-8.67243e-06
-9.58146e-07
-9.64724e-06
-1.12993e-06
-1.04248e-05
-9.81893e-07
-1.09162e-05
-5.31927e-07
-1.10956e-05
1.2383e-07
-1.09925e-05
8.79305e-07
-1.06505e-05
1.65769e-06
-1.01123e-05
2.40488e-06
-9.41884e-06
3.07762e-06
-8.6103e-06
3.64269e-06
-7.7228e-06
4.08161e-06
-6.78837e-06
4.38463e-06
-5.83625e-06
4.54892e-06
-4.89327e-06
4.57884e-06
-3.98203e-06
4.48595e-06
-3.12153e-06
4.28825e-06
-2.32277e-06
3.99961e-06
3.7506e-06
-1.59644e-06
-1.41963e-06
6.01854e-06
-2.82873e-06
3.85938e-06
-4.16566e-06
2.45192e-06
-5.39254e-06
1.39903e-06
-6.5111e-06
6.07264e-07
-7.52652e-06
5.68842e-08
-8.41918e-06
-2.37617e-07
-9.13786e-06
-2.63522e-07
-9.62726e-06
-4.27935e-08
-9.86506e-06
3.61387e-07
-9.86238e-06
8.76398e-07
-9.64472e-06
1.43982e-06
-9.24231e-06
2.00227e-06
-8.68806e-06
2.52316e-06
-8.01631e-06
2.97074e-06
-7.25937e-06
3.32447e-06
-6.44702e-06
3.57209e-06
-5.60665e-06
3.70837e-06
-4.7632e-06
3.73513e-06
-3.93983e-06
3.66221e-06
-3.15301e-06
3.50097e-06
-2.41468e-06
3.261e-06
3.08193e-06
-1.74615e-06
-1.08141e-06
7.09913e-06
-2.22243e-06
4.99963e-06
-3.3444e-06
3.57327e-06
-4.41017e-06
2.46427e-06
-5.4039e-06
1.60056e-06
-6.31401e-06
9.66616e-07
-7.11591e-06
5.63959e-07
-7.77073e-06
3.91005e-07
-8.24065e-06
4.26869e-07
-8.50719e-06
6.27693e-07
-8.57188e-06
9.40871e-07
-8.44889e-06
1.31663e-06
-8.1592e-06
1.71238e-06
-7.72812e-06
2.09189e-06
-7.18365e-06
2.42607e-06
-6.55352e-06
2.69414e-06
-5.86421e-06
2.8826e-06
-5.14074e-06
2.98469e-06
-4.40655e-06
3.00071e-06
-3.6811e-06
2.93636e-06
-2.98284e-06
2.80237e-06
-2.32534e-06
2.60299e-06
2.48182e-06
-1.72531e-06
-7.559e-07
7.85379e-06
-1.64459e-06
5.8875e-06
-2.56057e-06
4.48863e-06
-3.45958e-06
3.3628e-06
-4.31582e-06
2.45639e-06
-5.10828e-06
1.75872e-06
-5.81166e-06
1.26702e-06
-6.39569e-06
9.74764e-07
-6.83226e-06
8.63195e-07
-7.10472e-06
8.99935e-07
-7.20984e-06
1.04578e-06
-7.15499e-06
1.26158e-06
-6.95432e-06
1.51152e-06
-6.62683e-06
1.7642e-06
-6.19456e-06
1.99361e-06
-5.68057e-06
2.17996e-06
-5.10776e-06
2.30959e-06
-4.49816e-06
2.37491e-06
-3.87219e-06
2.37448e-06
-3.24997e-06
2.31379e-06
-2.64598e-06
2.19792e-06
-2.07245e-06
2.02918e-06
1.96543e-06
-1.55624e-06
-4.70753e-07
8.32396e-06
-1.12624e-06
6.54232e-06
-1.84516e-06
5.20698e-06
-2.57693e-06
4.0941e-06
-3.29022e-06
3.16929e-06
-3.96001e-06
2.42817e-06
-4.56145e-06
1.86818e-06
-5.06911e-06
1.48216e-06
-5.46053e-06
1.25438e-06
-5.72102e-06
1.16022e-06
-5.84526e-06
1.16983e-06
-5.8361e-06
1.25224e-06
-5.70267e-06
1.3779e-06
-5.45877e-06
1.52012e-06
-5.12144e-06
1.65609e-06
-4.70938e-06
1.76771e-06
-4.24179e-06
1.84182e-06
-3.73775e-06
1.87068e-06
-3.21584e-06
1.85234e-06
-2.69185e-06
1.78943e-06
-2.18115e-06
1.68689e-06
-1.69567e-06
1.54318e-06
1.52561e-06
-1.25595e-06
-2.40192e-07
8.56294e-06
-6.87944e-07
6.98927e-06
-1.22143e-06
5.73989e-06
-1.78937e-06
4.6616e-06
-2.35904e-06
3.73859e-06
-2.90447e-06
2.97328e-06
-3.40195e-06
2.36538e-06
-3.82926e-06
1.90923e-06
-4.16744e-06
1.59235e-06
-4.40326e-06
1.39585e-06
-4.53029e-06
1.29668e-06
-4.54852e-06
1.27029e-06
-4.46334e-06
1.29256e-06
-4.28449e-06
1.34109e-06
-4.02483e-06
1.39626e-06
-3.69921e-06
1.44192e-06
-3.3235e-06
1.46593e-06
-2.91368e-06
1.46069e-06
-2.48531e-06
1.42374e-06
-2.05483e-06
1.35861e-06
-1.63347e-06
1.26512e-06
-1.22914e-06
1.13864e-06
1.17092e-06
-8.74584e-07
-6.56897e-08
8.62807e-06
-3.37208e-07
7.26017e-06
-7.00333e-07
6.10249e-06
-1.11178e-06
5.07262e-06
-1.54119e-06
4.16765e-06
-1.96377e-06
3.39556e-06
-2.35753e-06
2.75888e-06
-2.70267e-06
2.25415e-06
-2.98251e-06
1.872e-06
-3.18482e-06
1.59798e-06
-3.30254e-06
1.41424e-06
-3.33374e-06
1.30133e-06
-3.28105e-06
1.23971e-06
-3.15097e-06
1.21085e-06
-2.95297e-06
1.19811e-06
-2.69862e-06
1.18741e-06
-2.40067e-06
1.16783e-06
-2.07254e-06
1.1324e-06
-1.72837e-06
1.07938e-06
-1.38013e-06
1.01004e-06
-1.04439e-06
9.2914e-07
-7.406e-07
8.34402e-07
8.65943e-07
-4.35672e-07
4.50304e-08
8.58188e-06
-7.14251e-08
7.37592e-06
-2.80376e-07
6.31093e-06
-5.46231e-07
5.33808e-06
-8.42554e-07
4.46364e-06
-1.14718e-06
3.69992e-06
-1.44026e-06
3.05172e-06
-1.70401e-06
2.5177e-06
-1.92338e-06
2.09119e-06
-2.08686e-06
1.7613e-06
-2.18696e-06
1.5142e-06
-2.22038e-06
1.33461e-06
-2.18764e-06
1.20685e-06
-2.09271e-06
1.11578e-06
-1.94229e-06
1.04756e-06
-1.74519e-06
9.90168e-07
-1.51165e-06
9.34165e-07
-1.25253e-06
8.73146e-07
-9.78909e-07
8.0557e-07
-7.03891e-07
7.34766e-07
-4.38919e-07
6.6382e-07
-1.87406e-07
5.82742e-07
6.3808e-07
4.03344e-08
1.20172e-07
8.46144e-06
1.27303e-07
7.36831e-06
5.17023e-08
6.3861e-06
-8.32337e-08
5.47265e-06
-2.57576e-07
4.63768e-06
-4.52749e-07
3.89484e-06
-6.51344e-07
3.2501e-06
-8.37485e-07
2.70366e-06
-9.97383e-07
2.25094e-06
-1.12006e-06
1.88384e-06
-1.19772e-06
1.59175e-06
-1.22602e-06
1.36279e-06
-1.20389e-06
1.1846e-06
-1.13325e-06
1.04502e-06
-1.01862e-06
9.32809e-07
-8.66733e-07
8.38163e-07
-6.85535e-07
7.52857e-07
-4.8401e-07
6.715e-07
-2.71832e-07
5.93256e-07
-5.6656e-08
5.19333e-07
1.55324e-07
4.51652e-07
3.56381e-07
3.81291e-07
4.6702e-07
5.27376e-07
1.7179e-07
8.28858e-06
2.77585e-07
7.26187e-06
3.14716e-07
6.34852e-06
2.93416e-07
5.49361e-06
2.26919e-07
4.70391e-06
1.29686e-07
3.99185e-06
1.63571e-08
3.36325e-06
-9.89433e-08
2.8188e-06
-2.03497e-07
2.35536e-06
-2.86617e-07
1.96684e-06
-3.40255e-07
1.64529e-06
-3.59277e-07
1.38172e-06
-3.41451e-07
1.16669e-06
-2.87264e-07
9.90743e-07
-1.99661e-07
8.45111e-07
-8.36064e-08
7.22014e-07
5.50993e-08
6.14059e-07
2.09999e-07
5.16517e-07
3.74708e-07
4.28413e-07
5.4091e-07
3.52941e-07
7.03305e-07
2.88984e-07
8.56353e-07
2.28166e-07
3.41177e-07
9.82118e-07
2.1456e-07
8.07383e-06
4.0069e-07
7.07538e-06
5.31014e-07
6.21785e-06
6.04889e-07
5.41945e-06
6.29322e-07
4.67924e-06
6.14991e-07
4.00599e-06
5.74235e-07
3.40385e-06
5.19723e-07
2.87319e-06
4.63421e-07
2.41156e-06
4.15699e-07
2.01448e-06
3.84726e-07
1.67619e-06
3.76212e-07
1.39016e-06
3.93318e-07
1.14951e-06
4.36742e-07
9.4725e-07
5.04756e-07
7.77024e-07
5.94145e-07
6.32553e-07
7.00918e-07
5.0722e-07
8.20014e-07
3.97343e-07
9.45453e-07
3.02884e-07
1.07325e-06
2.24948e-07
1.19618e-06
1.65955e-07
1.30821e-06
1.15824e-07
2.41492e-07
1.40786e-06
2.59182e-07
7.81381e-06
5.13958e-07
6.82018e-06
7.20887e-07
6.01065e-06
8.71863e-07
5.26826e-06
9.69435e-07
4.5815e-06
1.02155e-06
3.95374e-06
1.03887e-06
3.38641e-06
1.03309e-06
2.87889e-06
1.01562e-06
2.42896e-06
9.96692e-07
2.03335e-06
9.84704e-07
1.68813e-06
9.85832e-07
1.38899e-06
1.0039e-06
1.13141e-06
1.0404e-06
9.10701e-07
1.09437e-06
7.23003e-07
1.16401e-06
5.62862e-07
1.24627e-06
4.24906e-07
1.33726e-06
3.06313e-07
1.43318e-06
2.0686e-07
1.52803e-06
1.29973e-07
1.61912e-06
7.4645e-08
1.70334e-06
3.1537e-08
1.72653e-07
1.77208e-06
3.13753e-07
7.5003e-06
6.30817e-07
6.50304e-06
9.00845e-07
5.74049e-06
1.11201e-06
5.05697e-06
1.26476e-06
4.42865e-06
1.36585e-06
3.85257e-06
1.4253e-06
3.3269e-06
1.45445e-06
2.84969e-06
1.46463e-06
2.41875e-06
1.46614e-06
2.03181e-06
1.46762e-06
1.68664e-06
1.47557e-06
1.38102e-06
1.49424e-06
1.11272e-06
1.5256e-06
8.79314e-07
1.56923e-06
6.79353e-07
1.62407e-06
5.07994e-07
1.68769e-06
3.6125e-07
1.75692e-06
2.37046e-07
1.82794e-06
1.35775e-07
1.89865e-06
5.91242e-08
1.96443e-06
8.77624e-09
2.02171e-06
-2.60165e-08
1.16369e-07
2.07789e-06
3.82642e-07
7.11724e-06
7.60244e-07
6.12532e-06
1.08264e-06
5.41805e-06
1.33852e-06
4.80105e-06
1.52893e-06
4.2382e-06
1.66131e-06
3.72017e-06
1.74628e-06
3.24192e-06
1.79567e-06
2.80029e-06
1.8212e-06
2.39323e-06
1.83349e-06
2.01953e-06
1.84148e-06
1.67867e-06
1.85196e-06
1.37056e-06
1.86938e-06
1.0953e-06
1.89592e-06
8.52777e-07
1.93137e-06
6.43902e-07
1.97486e-06
4.64499e-07
2.02406e-06
3.12028e-07
2.07639e-06
1.84698e-07
2.12955e-06
8.25503e-08
2.17951e-06
9.07514e-09
2.22515e-06
-3.70277e-08
2.26507e-06
-6.59911e-08
8.47442e-08
2.29663e-06
4.68806e-07
6.64895e-06
9.07637e-07
5.68671e-06
1.27354e-06
5.05226e-06
1.5598e-06
4.51486e-06
1.77098e-06
4.02708e-06
1.91723e-06
3.57397e-06
2.01115e-06
3.14805e-06
2.06591e-06
2.74557e-06
2.09409e-06
2.36509e-06
2.10691e-06
2.00676e-06
2.11365e-06
1.67197e-06
2.12138e-06
1.36287e-06
2.13471e-06
1.08201e-06
2.15544e-06
8.32059e-07
2.18377e-06
6.15585e-07
2.21812e-06
4.30159e-07
2.2561e-06
2.74043e-07
2.29515e-06
1.45639e-07
2.3325e-06
4.51634e-08
2.36771e-06
-2.6231e-08
2.39767e-06
-6.70131e-08
2.41973e-06
-8.8224e-08
5.93649e-08
2.44504e-06
5.72786e-07
6.07623e-06
1.07479e-06
5.18496e-06
1.47625e-06
4.65102e-06
1.7793e-06
4.21198e-06
1.99502e-06
3.81149e-06
2.13838e-06
3.43072e-06
2.22533e-06
3.0612e-06
2.27115e-06
2.69984e-06
2.28966e-06
2.34665e-06
2.2928e-06
2.00371e-06
2.29028e-06
1.67456e-06
2.28942e-06
1.36379e-06
2.29492e-06
1.07656e-06
2.30852e-06
8.18494e-07
2.32984e-06
5.94291e-07
2.35643e-06
4.03592e-07
2.38518e-06
2.45295e-07
2.41335e-06
1.17464e-07
2.43951e-06
1.89713e-08
2.46108e-06
-4.78335e-08
2.47864e-06
-8.46674e-08
2.49219e-06
-1.01818e-07
4.74462e-08
2.50408e-06
6.94124e-07
5.38303e-06
1.26041e-06
4.61922e-06
1.68932e-06
4.22248e-06
1.99567e-06
3.90589e-06
2.20021e-06
3.60716e-06
2.32496e-06
3.30612e-06
2.39041e-06
2.99589e-06
2.41442e-06
2.67595e-06
2.41216e-06
2.34902e-06
2.39621e-06
2.01976e-06
2.3767e-06
1.69416e-06
2.36127e-06
1.37929e-06
2.35488e-06
1.083e-06
2.35932e-06
8.14108e-07
2.37332e-06
5.80322e-07
2.39292e-06
3.84009e-07
2.41396e-06
2.24267e-07
2.43326e-06
9.81627e-08
2.44864e-06
3.58625e-09
2.46074e-06
-5.99886e-08
2.46903e-06
-9.2961e-08
2.47296e-06
-1.05806e-07
3.25874e-08
2.48771e-06
8.29907e-07
4.55365e-06
1.45968e-06
3.99e-06
1.90653e-06
3.77607e-06
2.20213e-06
3.61062e-06
2.3805e-06
3.42904e-06
2.47283e-06
3.214e-06
2.50482e-06
2.96408e-06
2.49683e-06
2.68409e-06
2.46497e-06
2.38102e-06
2.42213e-06
2.06271e-06
2.37868e-06
1.7377e-06
2.34274e-06
1.41532e-06
2.31997e-06
1.10584e-06
2.31277e-06
8.21361e-07
2.31894e-06
5.74199e-07
2.33209e-06
3.7088e-07
2.34628e-06
2.101e-07
2.35779e-06
8.66628e-08
2.36534e-06
-3.97368e-09
2.36827e-06
-6.29032e-08
2.36912e-06
-9.38334e-08
2.37042e-06
-1.0717e-07
2.53162e-08
2.37772e-06
9.75613e-07
3.57911e-06
1.6638e-06
3.30254e-06
2.11571e-06
3.32468e-06
2.3854e-06
3.34131e-06
2.52434e-06
3.29039e-06
2.57414e-06
3.16444e-06
2.56522e-06
2.97319e-06
2.5194e-06
2.73008e-06
2.45272e-06
2.44784e-06
2.37767e-06
2.13789e-06
2.30457e-06
1.81091e-06
2.24224e-06
1.47774e-06
2.19795e-06
1.15021e-06
2.17601e-06
8.43366e-07
2.17378e-06
5.76487e-07
2.18066e-06
3.6404e-07
2.18839e-06
2.02408e-07
2.19258e-06
8.24945e-08
2.19121e-06
-2.56706e-09
2.18658e-06
-5.82792e-08
2.18095e-06
-8.81607e-08
2.1779e-06
-1.04025e-07
8.90136e-09
2.19423e-06
1.12324e-06
2.45661e-06
1.85669e-06
2.56978e-06
2.29478e-06
2.88709e-06
2.52367e-06
3.11279e-06
2.61503e-06
3.19933e-06
2.61929e-06
3.16041e-06
2.5692e-06
3.02347e-06
2.48599e-06
2.81345e-06
2.38421e-06
2.54976e-06
2.27501e-06
2.24722e-06
2.16814e-06
1.91789e-06
2.0734e-06
1.57257e-06
2.00107e-06
1.22262e-06
1.96036e-06
8.84144e-07
1.94927e-06
5.87637e-07
1.94971e-06
3.63644e-07
1.9504e-06
2.01765e-07
1.94675e-06
8.6186e-08
1.93722e-06
6.99402e-09
1.92279e-06
-4.37794e-08
1.90897e-06
-7.42582e-08
1.90397e-06
-9.90901e-08
-1.1532e-08
1.92453e-06
1.25248e-06
1.20517e-06
2.00589e-06
1.817e-06
2.40637e-06
2.48705e-06
2.58625e-06
2.93322e-06
2.63361e-06
3.1522e-06
2.60092e-06
3.19328e-06
2.51909e-06
3.10545e-06
2.40664e-06
2.92603e-06
2.27541e-06
2.68109e-06
2.13421e-06
2.38852e-06
1.99144e-06
2.06073e-06
1.85776e-06
1.70633e-06
1.74845e-06
1.33201e-06
1.68474e-06
9.47918e-07
1.66372e-06
6.08705e-07
1.65683e-06
3.70582e-07
1.64941e-06
2.09223e-07
1.63647e-06
9.91676e-08
1.61653e-06
2.69982e-08
1.59084e-06
-1.80556e-08
1.56403e-06
-4.74087e-08
1.546e-06
-8.08226e-08
-4.50793e-08
1.57946e-06
1.28216e-06
-7.62013e-08
2.04116e-06
1.05858e-06
2.39089e-06
2.13768e-06
2.53735e-06
2.78701e-06
2.56598e-06
3.12376e-06
2.52028e-06
3.23913e-06
2.42654e-06
3.1993e-06
2.30046e-06
3.05221e-06
2.15129e-06
2.83034e-06
1.98515e-06
2.55474e-06
1.80784e-06
2.23812e-06
1.62857e-06
1.88566e-06
1.4661e-06
1.49453e-06
1.36854e-06
1.04553e-06
1.34161e-06
6.35676e-07
1.3256e-06
3.86612e-07
1.30777e-06
2.27079e-07
1.28505e-06
1.21905e-07
1.25481e-06
5.7241e-08
1.21582e-06
2.09585e-08
1.16946e-06
-9.75913e-10
1.12403e-06
-3.5616e-08
-7.57545e-08
1.1547e-06
1.06765e-06
-1.14329e-06
1.76527e-06
3.61311e-07
2.1631e-06
1.74013e-06
2.35254e-06
2.59777e-06
2.41724e-06
3.05922e-06
2.39553e-06
3.26096e-06
2.31585e-06
3.27908e-06
2.19534e-06
3.17281e-06
2.04349e-06
2.98226e-06
1.865e-06
2.73329e-06
1.6619e-06
2.44126e-06
1.43726e-06
2.11034e-06
1.20657e-06
1.72526e-06
1.1142e-06
1.1379e-06
1.03189e-06
7.17985e-07
9.8809e-07
4.30391e-07
9.56228e-07
2.58905e-07
9.24906e-07
1.53176e-07
8.87703e-07
9.4387e-08
8.40056e-07
6.85389e-08
7.7773e-07
6.11716e-08
6.88911e-07
5.32152e-08
-2.98798e-08
6.42889e-07
3.2717e-07
1.01949e-06
1.74093e-06
2.11155e-06
2.26749e-06
2.29547e-06
2.24303e-06
2.13706e-06
1.99177e-06
1.81346e-06
1.60306e-06
1.35726e-06
1.08025e-06
8.60582e-07
6.87963e-07
6.19803e-07
5.81616e-07
5.51613e-07
5.22413e-07
4.90982e-07
4.5471e-07
4.00301e-07
3.47374e-07
-1.63033e-06
6.29996e-07
-1.33789e-06
-2.92439e-07
4.7515e-07
-1.81304e-06
-2.69728e-06
3.17244e-06
3.07408e-06
8.31063e-07
1.9247e-06
8.56925e-07
-1.28465e-07
2.40139e-07
-7.36772e-07
-2.08897e-06
5.6852e-07
1.25971e-06
5.48834e-08
1.37055e-06
-8.1003e-07
1.10503e-06
2.44262e-07
-1.79105e-06
-2.42344e-06
1.54114e-06
-2.53543e-06
1.48252e-06
-2.56948e-06
1.13909e-06
5.16377e-07
-2.8416e-06
-4.77934e-06
1.61638e-06
-4.80149e-06
1.50469e-06
-4.84493e-06
1.18253e-06
7.19881e-07
-5.04842e-06
-6.45842e-06
1.74776e-06
-6.56561e-06
1.61188e-06
-6.73123e-06
1.34818e-06
9.8771e-07
-6.99905e-06
-7.71304e-06
1.92228e-06
-7.88961e-06
1.78848e-06
-8.10367e-06
1.56223e-06
1.25857e-06
-8.37452e-06
-8.55971e-06
2.00614e-06
-8.60113e-06
1.82983e-06
-8.6766e-06
1.63765e-06
1.42659e-06
-8.84467e-06
-8.75478e-06
2.18269e-06
-8.90046e-06
1.97539e-06
-9.02116e-06
1.75822e-06
1.54679e-06
-9.14144e-06
-7.74015e-06
2.24348e-06
-7.80511e-06
2.04014e-06
-8.02549e-06
1.97853e-06
1.90558e-06
-8.38446e-06
-3.04308e-06
2.63921e-06
-3.36338e-06
2.36059e-06
-3.71983e-06
2.33485e-06
2.43742e-06
-4.2516e-06
-1.54158e-06
2.94757e-06
-1.90162e-06
2.72051e-06
-2.19136e-06
2.62467e-06
2.64035e-06
-2.39422e-06
-3.70542e-07
3.12209e-06
-6.1463e-07
2.96463e-06
-8.35959e-07
2.84585e-06
2.77341e-06
-9.69001e-07
1.46893e-07
3.16242e-06
6.7956e-08
3.04336e-06
9.71989e-09
2.90397e-06
2.75952e-06
2.35712e-08
1.2032e-07
3.05168e-06
2.07596e-07
2.95596e-06
3.0281e-07
2.80863e-06
2.62543e-06
4.36843e-07
-1.89804e-07
2.83494e-06
9.23113e-09
2.75683e-06
2.04815e-07
2.6129e-06
2.41129e-06
4.18937e-07
-5.97094e-07
2.56061e-06
-3.45029e-07
2.5046e-06
-9.91449e-08
2.36696e-06
2.15928e-06
1.5282e-07
-1.00259e-06
2.267e-06
-7.27168e-07
2.22916e-06
-4.70249e-07
2.10989e-06
1.90119e-06
-2.12142e-07
-1.31044e-06
1.98086e-06
-1.0444e-06
1.9629e-06
-7.92641e-07
1.85811e-06
1.65547e-06
-5.46965e-07
-1.48347e-06
1.71804e-06
-1.24192e-06
1.72141e-06
-1.01725e-06
1.63328e-06
1.4364e-06
-7.98121e-07
-1.496e-06
1.48863e-06
-1.2881e-06
1.51328e-06
-1.0953e-06
1.44051e-06
1.24738e-06
-9.0631e-07
-1.36155e-06
1.29379e-06
-1.18665e-06
1.33846e-06
-1.0282e-06
1.28189e-06
1.09343e-06
-8.74176e-07
-1.09594e-06
1.13362e-06
-9.52159e-07
1.1944e-06
-8.21825e-07
1.15161e-06
9.6692e-07
-6.95328e-07
-7.41868e-07
1.00078e-06
-6.28447e-07
1.08112e-06
-5.30691e-07
1.05369e-06
8.66768e-07
-4.30429e-07
-3.32487e-07
8.9753e-07
-2.44582e-07
9.92968e-07
-1.62533e-07
9.71765e-07
7.84304e-07
-8.00353e-08
1.18205e-07
8.19553e-07
1.86144e-07
9.25214e-07
2.44258e-07
9.13534e-07
7.23101e-07
3.05598e-07
5.84885e-07
7.61949e-07
6.33686e-07
8.76158e-07
6.79468e-07
8.67893e-07
6.75481e-07
7.27143e-07
1.02671e-06
7.17279e-07
1.06537e-06
8.37735e-07
1.09607e-06
8.37103e-07
6.41617e-07
1.13011e-06
1.44081e-06
6.84314e-07
1.46916e-06
8.09183e-07
1.49634e-06
8.10108e-07
6.13703e-07
1.52436e-06
1.79841e-06
6.5791e-07
1.82257e-06
7.85249e-07
1.84039e-06
7.9224e-07
5.94288e-07
1.85999e-06
2.09854e-06
6.37178e-07
2.11822e-06
7.65363e-07
2.13869e-06
7.71932e-07
5.75699e-07
2.1574e-06
2.31704e-06
6.16697e-07
2.339e-06
7.43597e-07
2.35607e-06
7.54851e-07
5.60884e-07
2.37108e-06
2.46478e-06
5.96944e-07
2.48767e-06
7.2058e-07
2.51183e-06
7.30863e-07
5.42917e-07
2.52996e-06
2.52645e-06
5.74532e-07
2.55416e-06
6.93041e-07
2.57759e-06
7.07483e-07
5.26019e-07
2.59467e-06
2.51211e-06
5.50103e-07
2.54236e-06
6.6273e-07
2.57434e-06
6.75622e-07
5.0388e-07
2.59665e-06
2.40769e-06
5.20082e-07
2.44468e-06
6.25814e-07
2.4782e-06
6.42197e-07
4.79954e-07
2.50228e-06
2.22959e-06
4.84715e-07
2.27243e-06
5.83012e-07
2.31671e-06
5.97989e-07
4.47284e-07
2.34956e-06
1.96948e-06
4.39765e-07
2.02431e-06
5.28179e-07
2.07645e-06
5.46014e-07
4.07562e-07
2.11629e-06
1.63877e-06
3.8048e-07
1.7153e-06
4.5179e-07
1.79306e-06
4.68247e-07
3.50076e-07
1.85071e-06
1.23581e-06
2.99307e-07
1.35459e-06
3.32811e-07
1.47244e-06
3.50534e-07
2.70033e-07
1.55252e-06
7.87313e-07
1.54797e-07
9.77494e-07
1.42785e-07
1.16771e-06
1.60211e-07
1.45842e-07
1.29188e-06
4.35465e-07
5.32964e-07
6.17009e-07
6.55412e-07
2.72218e-07
-5.12984e-06
-2.54524e-07
-4.73395e-06
1.63637e-07
-8.0309e-06
8.32959e-07
-6.44451e-06
9.75749e-07
-3.2511e-06
1.69382e-06
-9.81253e-07
2.41765e-06
-9.51317e-07
1.8232e-06
4.09111e-07
1.9567e-06
-2.61039e-07
2.42301e-06
1.04559e-07
3.04613e-06
4.38209e-07
2.70617e-06
2.66598e-06
4.50689e-06
1.50096e-05
6.12665e-06
7.24431e-06
4.55819e-06
-1.78791e-07
2.12992e-06
-1.16697e-06
-8.91642e-07
-1.57467e-06
-3.23164e-06
-2.22535e-06
1.22319e-05
-2.64536e-06
-4.57344e-06
-2.1764e-06
-5.20288e-06
-3.03805e-06
-7.16923e-06
-2.82601e-06
-6.65654e-06
-1.86632e-06
-4.21078e-06
-1.34111e-06
-1.50646e-06
-2.12507e-06
-1.67354e-07
-2.37012e-06
6.54174e-07
-2.53868e-06
-9.24627e-08
-2.73077e-06
2.96663e-07
-3.02001e-06
7.27463e-07
-2.70177e-06
2.34775e-06
3.61996e-06
8.68788e-06
5.59379e-06
5.27051e-06
2.90278e-06
2.51224e-06
-1.75121e-06
3.48702e-06
-6.96646e-06
3.64059e-06
-9.21188e-06
2.00796e-08
3.02001e-06
-3.21178e-06
-3.15269e-06
-3.77066e-06
-4.64398e-06
-5.36035e-06
-5.5795e-06
-5.49366e-06
-6.52319e-06
-4.65732e-06
-5.0471e-06
-5.20683e-06
-9.56932e-07
-5.83022e-06
4.56049e-07
-5.82313e-06
6.47107e-07
-5.96138e-06
4.5801e-08
-5.99177e-06
3.27076e-07
-5.98685e-06
7.22547e-07
-5.06892e-06
1.42985e-06
-4.74946e-07
4.09393e-06
9.89413e-07
3.80617e-06
-1.06618e-06
4.56784e-06
-3.79055e-06
6.21141e-06
-5.62249e-06
5.47254e-06
-6.53348e-06
9.31117e-07
-3.51346e-06
-4.39672e-06
-1.59755e-06
-5.69697e-06
-3.3437e-06
-6.67003e-06
-4.60642e-06
-7.55973e-06
-5.63346e-06
-8.15762e-06
-4.44919e-06
-8.30001e-06
-8.14504e-07
-8.84029e-06
9.96343e-07
-9.05054e-06
8.57357e-07
-8.65523e-06
-3.49494e-07
-8.06049e-06
-2.67635e-07
-7.35127e-06
1.33354e-08
-6.46939e-06
5.47981e-07
-4.46927e-06
2.09381e-06
-3.55721e-06
2.89412e-06
-3.17684e-06
4.18749e-06
-2.45984e-06
5.49443e-06
-1.45423e-06
4.46696e-06
-8.56392e-07
3.33276e-07
-4.36982e-06
-6.34794e-06
-2.98028e-07
-7.52026e-06
-2.17137e-06
-8.57764e-06
-3.54903e-06
-9.88912e-06
-4.32197e-06
-1.08117e-05
-3.52659e-06
-1.06123e-05
-1.01392e-06
-1.04227e-05
8.0684e-07
-9.8585e-06
2.9312e-07
-9.46125e-06
-7.46744e-07
-8.85516e-06
-8.73723e-07
-8.1438e-06
-6.98016e-07
-7.34874e-06
-2.47069e-07
-6.0447e-06
7.89779e-07
-4.91395e-06
1.76338e-06
-3.65223e-06
2.92579e-06
-1.80434e-06
3.64654e-06
-3.11785e-08
2.69381e-06
6.19778e-07
-3.17633e-07
-3.75005e-06
-8.04727e-06
7.50218e-07
-9.17914e-06
-1.03948e-06
-1.03447e-05
-2.38344e-06
-1.15484e-05
-3.1183e-06
-1.23353e-05
-2.73966e-06
-1.20161e-05
-1.33316e-06
-1.08988e-05
-3.10451e-07
-1.00328e-05
-5.72812e-07
-9.51965e-06
-1.25996e-06
-8.88422e-06
-1.50916e-06
-8.15677e-06
-1.42548e-06
-7.34046e-06
-1.06339e-06
-6.22786e-06
-3.22821e-07
-5.00986e-06
5.45368e-07
-3.52018e-06
1.4361e-06
-1.65002e-06
1.77638e-06
9.80314e-08
9.45766e-07
8.7075e-07
-1.09037e-06
-2.87929e-06
-9.28575e-06
1.66145e-06
-1.03948e-05
6.9555e-08
-1.15247e-05
-1.25357e-06
-1.25321e-05
-2.11087e-06
-1.29871e-05
-2.28465e-06
-1.24933e-05
-1.82699e-06
-1.13582e-05
-1.44556e-06
-1.02829e-05
-1.64814e-06
-9.44842e-06
-2.09441e-06
-8.65689e-06
-2.3007e-06
-7.83044e-06
-2.25195e-06
-6.92251e-06
-1.97133e-06
-5.80957e-06
-1.43578e-06
-4.54303e-06
-7.21185e-07
-3.07815e-06
-2.88041e-08
-1.4093e-06
1.07516e-07
6.07817e-08
-5.24337e-07
8.24053e-07
-1.85365e-06
-2.05525e-06
-9.7702e-06
2.58687e-06
-1.09539e-05
1.25318e-06
-1.21681e-05
-3.93683e-08
-1.31414e-05
-1.13756e-06
-1.33971e-05
-2.02894e-06
-1.27795e-05
-2.44457e-06
-1.16051e-05
-2.61986e-06
-1.03803e-05
-2.87282e-06
-9.33355e-06
-3.14111e-06
-8.38868e-06
-3.24546e-06
-7.46466e-06
-3.17587e-06
-6.47841e-06
-2.95748e-06
-5.30013e-06
-2.61397e-06
-3.89011e-06
-2.13113e-06
-2.36349e-06
-1.55538e-06
-9.09993e-07
-1.34594e-06
5.58832e-08
-1.49019e-06
1.48687e-07
-1.94644e-06
-1.90656e-06
-9.79366e-06
3.23898e-06
-1.10325e-05
2.49201e-06
-1.24921e-05
1.42014e-06
-1.35358e-05
-9.38078e-08
-1.36877e-05
-1.87699e-06
-1.29353e-05
-3.19692e-06
-1.16771e-05
-3.87806e-06
-1.03643e-05
-4.18553e-06
-9.22416e-06
-4.28121e-06
-8.22755e-06
-4.24201e-06
-7.28179e-06
-4.12158e-06
-6.31024e-06
-3.92896e-06
-5.21104e-06
-3.71312e-06
-3.93204e-06
-3.41006e-06
-2.25358e-06
-3.2337e-06
-6.91329e-07
-2.90805e-06
1.61899e-07
-2.34327e-06
-1.23966e-07
-1.66047e-06
-2.03049e-06
-9.22317e-06
4.07742e-06
-1.04105e-05
3.67931e-06
-1.17605e-05
2.77012e-06
-1.2787e-05
9.32802e-07
-1.31165e-05
-1.54746e-06
-1.25974e-05
-3.716e-06
-1.14554e-05
-5.01996e-06
-1.02538e-05
-5.38692e-06
-9.22984e-06
-5.30511e-06
-8.42047e-06
-5.05132e-06
-7.56285e-06
-4.97916e-06
-6.57982e-06
-4.91196e-06
-5.78818e-06
-4.50475e-06
-5.23184e-06
-3.96619e-06
-3.59074e-06
-4.87444e-06
-1.7562e-06
-4.74216e-06
-1.23525e-07
-3.97558e-06
1.20787e-06
-2.99155e-06
-8.2273e-07
-5.64005e-06
5.46607e-06
-7.1259e-06
5.16544e-06
-8.59724e-06
4.24173e-06
-8.88234e-06
1.21806e-06
-7.57995e-06
-2.84976e-06
-5.96092e-06
-5.335e-06
-4.94897e-06
-6.03192e-06
-6.03955e-06
-4.29642e-06
-7.49694e-06
-3.84789e-06
-8.64781e-06
-3.90072e-06
-8.14655e-06
-5.48071e-06
-6.35813e-06
-6.70068e-06
-3.72568e-06
-7.13746e-06
-7.42537e-07
-6.94969e-06
-2.02505e-06
-3.5921e-06
-2.3012e-06
-4.46613e-06
-2.05162e-06
-4.22532e-06
-1.88378e-06
-3.15997e-06
-2.7068e-06
-2.93833e-06
6.01059e-06
-3.40325e-06
5.63079e-06
-3.5117e-06
4.35049e-06
-3.15047e-06
8.57015e-07
-2.9126e-06
-3.08757e-06
-2.77217e-06
-5.47542e-06
-3.00186e-06
-5.8023e-06
-3.40677e-06
-3.89168e-06
-4.40623e-06
-2.84869e-06
-5.07986e-06
-3.22743e-06
-5.03812e-06
-5.52283e-06
-3.6976e-06
-8.04158e-06
-2.09459e-06
-8.74084e-06
-1.6619e-06
-7.38291e-06
-6.78891e-07
-4.57591e-06
-6.49874e-07
-4.49599e-06
-4.26941e-07
-4.4492e-06
9.78532e-08
-3.68554e-06
-2.60957e-06
-9.78479e-07
6.02027e-06
-5.60088e-07
5.21264e-06
1.87414e-07
3.60321e-06
4.61333e-07
5.83271e-07
-6.70638e-08
-2.55903e-06
-9.27152e-07
-4.61523e-06
-1.80365e-06
-4.92573e-06
-1.92286e-06
-3.77247e-06
-1.82092e-06
-2.95067e-06
-1.6393e-06
-3.40913e-06
-1.70522e-06
-5.457e-06
-1.7545e-06
-7.9924e-06
-1.81312e-06
-8.68238e-06
-1.61288e-06
-7.58339e-06
-6.54076e-07
-5.53518e-06
-8.12001e-08
-5.06943e-06
3.09453e-07
-4.8403e-06
7.57783e-07
-4.13466e-06
-1.85194e-06
4.22811e-07
5.62115e-06
1.08609e-06
4.54955e-06
1.80321e-06
2.88627e-06
1.94601e-06
4.40634e-07
1.42315e-06
-2.03603e-06
5.01222e-07
-3.6932e-06
-2.74894e-07
-4.14954e-06
-4.12485e-07
-3.63482e-06
-8.18204e-08
-3.2813e-06
3.31703e-07
-3.82263e-06
2.90137e-07
-5.41545e-06
-4.55688e-07
-7.24665e-06
-1.16315e-06
-7.97505e-06
-1.36295e-06
-7.38382e-06
-7.86509e-07
-6.11192e-06
-3.2224e-07
-5.53395e-06
-3.82396e-08
-5.12474e-06
1.46376e-07
-4.31944e-06
-1.70597e-06
1.0173e-06
5.04083e-06
1.72401e-06
3.84301e-06
2.32152e-06
2.28893e-06
2.44994e-06
3.12363e-07
2.02914e-06
-1.6151e-06
1.3175e-06
-2.98144e-06
7.12732e-07
-3.54469e-06
5.78656e-07
-3.50067e-06
8.06614e-07
-3.5092e-06
1.04392e-06
-4.0599e-06
8.64733e-07
-5.23626e-06
1.5035e-07
-6.53232e-06
-6.62457e-07
-7.16237e-06
-1.11467e-06
-6.93179e-06
-1.01437e-06
-6.21241e-06
-8.28962e-07
-5.71964e-06
-6.70344e-07
-5.2835e-06
-4.69982e-07
-4.5204e-06
-2.17601e-06
1.08333e-06
4.37655e-06
1.75497e-06
3.17153e-06
2.26132e-06
1.78274e-06
2.39034e-06
1.83483e-07
2.11238e-06
-1.33702e-06
1.60721e-06
-2.47617e-06
1.15737e-06
-3.09476e-06
9.83812e-07
-3.32703e-06
1.02981e-06
-3.55513e-06
1.05249e-06
-4.08253e-06
7.68264e-07
-4.95203e-06
1.02946e-07
-5.86705e-06
-6.74047e-07
-6.38549e-06
-1.23724e-06
-6.36876e-06
-1.44089e-06
-6.00898e-06
-1.48415e-06
-5.67654e-06
-1.42172e-06
-5.34632e-06
-1.12812e-06
-4.81407e-06
-3.30451e-06
8.36548e-07
3.69299e-06
1.45726e-06
2.551e-06
1.894e-06
1.34617e-06
2.03139e-06
4.62411e-08
1.86431e-06
-1.1698e-06
1.51387e-06
-2.12561e-06
1.16281e-06
-2.7436e-06
9.46221e-07
-3.11036e-06
8.36093e-07
-3.44493e-06
6.81129e-07
-3.92752e-06
3.11835e-07
-4.58272e-06
-3.11027e-07
-5.24423e-06
-1.02669e-06
-5.66992e-06
-1.62452e-06
-5.77108e-06
-1.98213e-06
-5.65151e-06
-2.14908e-06
-5.50985e-06
-2.10743e-06
-5.38805e-06
-1.66268e-06
-5.25937e-06
-4.96722e-06
4.6194e-07
3.01905e-06
1.02132e-06
1.99182e-06
1.40171e-06
9.65947e-07
1.54079e-06
-9.26802e-08
1.44425e-06
-1.07312e-06
1.1919e-06
-1.87315e-06
8.99284e-07
-2.45087e-06
6.49061e-07
-2.86004e-06
4.3028e-07
-3.22607e-06
1.5729e-07
-3.65448e-06
-2.63571e-07
-4.16184e-06
-8.48319e-07
-4.6595e-06
-1.49801e-06
-5.0203e-06
-2.07116e-06
-5.19804e-06
-2.46454e-06
-5.25831e-06
-2.6474e-06
-5.3271e-06
-2.53983e-06
-5.49599e-06
-1.90151e-06
-5.8977e-06
-6.86904e-06
7.42795e-08
2.39802e-06
5.76402e-07
1.48992e-06
9.08457e-07
6.34093e-07
1.04007e-06
-2.24127e-07
9.81837e-07
-1.01473e-06
7.8686e-07
-1.67802e-06
5.28275e-07
-2.19215e-06
2.58671e-07
-2.59032e-06
-2.23567e-08
-2.94495e-06
-3.58118e-07
-3.31864e-06
-7.95e-07
-3.72492e-06
-1.33327e-06
-4.12124e-06
-1.90519e-06
-4.44843e-06
-2.40925e-06
-4.69408e-06
-2.75444e-06
-4.91322e-06
-2.86989e-06
-5.21186e-06
-2.64356e-06
-5.72234e-06
-1.84908e-06
-6.69265e-06
-8.71812e-06
-2.39673e-07
1.83976e-06
2.08081e-07
1.04238e-06
4.96211e-07
3.46173e-07
6.1379e-07
-3.41524e-07
5.73319e-07
-9.74084e-07
4.11399e-07
-1.51595e-06
1.75846e-07
-1.95646e-06
-9.77401e-08
-2.3166e-06
-4.03162e-07
-2.63941e-06
-7.57792e-07
-2.96392e-06
-1.17949e-06
-3.30316e-06
-1.65737e-06
-3.64334e-06
-2.1387e-06
-3.96712e-06
-2.54607e-06
-4.28676e-06
-2.79836e-06
-4.66105e-06
-2.81443e-06
-5.19584e-06
-2.4815e-06
-6.05558e-06
-1.62592e-06
-7.5482e-06
-1.03442e-05
-4.22698e-07
1.3564e-06
-3.28393e-08
6.52789e-07
2.1268e-07
1.0089e-07
3.13016e-07
-4.41651e-07
2.79481e-07
-9.40353e-07
1.38523e-07
-1.3748e-06
-7.69701e-08
-1.74079e-06
-3.40927e-07
-2.05249e-06
-6.43066e-07
-2.33713e-06
-9.85429e-07
-2.62144e-06
-1.36839e-06
-2.92011e-06
-1.77435e-06
-3.23732e-06
-2.15983e-06
-3.58163e-06
-2.46366e-06
-3.98297e-06
-2.6171e-06
-4.50763e-06
-2.54528e-06
-5.26782e-06
-2.15871e-06
-6.44211e-06
-1.34737e-06
-8.35987e-06
-1.16916e-05
-4.59151e-07
9.41591e-07
-1.27679e-07
3.21585e-07
7.80349e-08
-1.04571e-07
1.59678e-07
-5.23069e-07
1.28199e-07
-9.08659e-07
3.15129e-09
-1.24955e-06
-1.91631e-07
-1.54581e-06
-4.35532e-07
-1.80841e-06
-7.15972e-07
-2.05653e-06
-1.02612e-06
-2.31116e-06
-1.35699e-06
-2.58914e-06
-1.68799e-06
-2.90624e-06
-1.98324e-06
-3.28635e-06
-2.19446e-06
-3.77173e-06
-2.26701e-06
-4.43513e-06
-2.14421e-06
-5.39059e-06
-1.76391e-06
-6.82263e-06
-1.06307e-06
-9.06065e-06
-1.27548e-05
-3.55263e-07
6.01832e-07
-8.14238e-08
4.80562e-08
8.64657e-08
-2.72177e-07
1.50952e-07
-5.87302e-07
1.20442e-07
-8.77908e-07
9.82237e-09
-1.1387e-06
-1.62647e-07
-1.37313e-06
-3.79773e-07
-1.59108e-06
-6.28124e-07
-1.808e-06
-8.96718e-07
-2.0424e-06
-1.17198e-06
-2.31374e-06
-1.43369e-06
-2.64442e-06
-1.65286e-06
-3.06711e-06
-1.79303e-06
-3.63153e-06
-1.81489e-06
-4.41323e-06
-1.67844e-06
-5.52715e-06
-1.3478e-06
-7.1532e-06
-7.92484e-07
-9.61611e-06
-1.35473e-05
-1.38335e-07
3.10023e-07
8.2661e-08
-1.72623e-07
2.17981e-07
-4.07197e-07
2.68123e-07
-6.37174e-07
2.38973e-07
-8.485e-07
1.42329e-07
-1.04181e-06
-7.08564e-09
-1.22348e-06
-1.94626e-07
-1.40332e-06
-4.07151e-07
-1.59527e-06
-6.3237e-07
-1.817e-06
-8.56233e-07
-2.08972e-06
-1.06046e-06
-2.44007e-06
-1.22253e-06
-2.90494e-06
-1.31659e-06
-3.5374e-06
-1.31644e-06
-4.41339e-06
-1.19977e-06
-5.64374e-06
-9.46885e-07
-7.40621e-06
-5.44917e-07
-1.0018e-05
-1.40921e-05
1.56248e-07
7.40945e-08
3.36541e-07
-3.52552e-07
4.45377e-07
-5.15704e-07
4.83407e-07
-6.74906e-07
4.5585e-07
-8.20661e-07
3.7231e-07
-9.57993e-07
2.44917e-07
-1.09582e-06
8.62494e-08
-1.24441e-06
-9.16489e-08
-1.41714e-06
-2.77108e-07
-1.63133e-06
-4.57533e-07
-1.90912e-06
-6.18098e-07
-2.27936e-06
-7.42207e-07
-2.78072e-06
-8.13202e-07
-3.46634e-06
-8.16271e-07
-4.41022e-06
-7.39768e-07
-5.7203e-06
-5.80893e-07
-7.565e-06
-3.38597e-07
-1.02603e-05
-1.44308e-05
5.01222e-07
-1.21198e-07
6.49464e-07
-5.00424e-07
7.36931e-07
-6.02828e-07
7.64964e-07
-7.02628e-07
7.38749e-07
-7.94149e-07
6.66577e-07
-8.85536e-07
5.58553e-07
-9.87527e-07
4.25358e-07
-1.11095e-06
2.77423e-07
-1.26897e-06
1.24909e-07
-1.4786e-06
-2.18273e-08
-1.76219e-06
-1.51973e-07
-2.14905e-06
-2.54717e-07
-2.67784e-06
-3.20329e-07
-3.40061e-06
-3.4153e-07
-4.38899e-06
-3.16802e-07
-5.74491e-06
-2.46157e-07
-7.63569e-06
-1.3301e-07
-1.03735e-05
-1.45636e-05
8.75871e-07
-2.69511e-07
9.95197e-07
-6.19347e-07
1.06281e-06
-6.70073e-07
1.08148e-06
-7.20969e-07
1.05574e-06
-7.68095e-07
9.92493e-07
-8.21988e-07
9.00099e-07
-8.94844e-07
7.87447e-07
-9.98029e-07
6.63226e-07
-1.1445e-06
5.35688e-07
-1.35084e-06
4.12579e-07
-1.63888e-06
3.01009e-07
-2.03731e-06
2.07091e-07
-2.58378e-06
1.34941e-07
-3.32836e-06
8.52714e-08
-4.3392e-06
5.67647e-08
-5.71644e-06
4.27013e-08
-7.62156e-06
3.53246e-08
-1.03658e-05
-1.45284e-05
1.25303e-06
-3.92038e-07
1.34484e-06
-7.10746e-07
1.39498e-06
-7.19839e-07
1.40467e-06
-7.30328e-07
1.37801e-06
-7.41111e-07
1.32084e-06
-7.64508e-07
1.24002e-06
-8.13722e-07
1.14273e-06
-9.00458e-07
1.03587e-06
-1.03738e-06
9.25664e-07
-1.2404e-06
8.17406e-07
-1.53042e-06
7.15126e-07
-1.93485e-06
6.21141e-07
-2.48965e-06
5.35438e-07
-3.24252e-06
4.55294e-07
-4.259e-06
3.7287e-07
-5.63389e-06
2.80528e-07
-7.52919e-06
1.66228e-07
-1.02517e-05
-1.43618e-05
1.61006e-06
-4.77296e-07
1.67765e-06
-7.7791e-07
1.71048e-06
-7.52278e-07
1.71058e-06
-7.30076e-07
1.68132e-06
-7.11516e-07
1.62735e-06
-7.10216e-07
1.55418e-06
-7.40243e-07
1.46744e-06
-8.13435e-07
1.37235e-06
-9.42029e-07
1.27328e-06
-1.14109e-06
1.17335e-06
-1.43028e-06
1.07409e-06
-1.83541e-06
9.75021e-07
-2.39042e-06
8.73055e-07
-3.14044e-06
7.61814e-07
-4.14764e-06
6.33994e-07
-5.50611e-06
4.76752e-07
-7.37196e-06
2.7479e-07
-1.00493e-05
-1.40873e-05
1.9287e-06
-5.45594e-07
1.97304e-06
-8.21818e-07
1.98993e-06
-7.68771e-07
1.98019e-06
-7.19974e-07
1.94669e-06
-6.77676e-07
1.89328e-06
-6.56486e-07
1.8243e-06
-6.70961e-07
1.74404e-06
-7.329e-07
1.65626e-06
-8.53988e-07
1.5637e-06
-1.0483e-06
1.46775e-06
-1.33412e-06
1.368e-06
-1.73549e-06
1.2618e-06
-2.28408e-06
1.14401e-06
-3.02252e-06
1.00714e-06
-4.01073e-06
8.38978e-07
-5.33785e-06
6.28446e-07
-7.16135e-06
3.5943e-07
-9.78071e-06
-1.37274e-05
2.19494e-06
-5.82671e-07
2.21844e-06
-8.44861e-07
2.2193e-06
-7.69224e-07
2.19919e-06
-6.99505e-07
2.16015e-06
-6.38297e-07
2.10517e-06
-6.01188e-07
2.03762e-06
-6.0312e-07
1.96071e-06
-6.5572e-07
1.87697e-06
-7.70008e-07
1.78789e-06
-9.58998e-07
1.6935e-06
-1.23954e-06
1.59196e-06
-1.6338e-06
1.47923e-06
-2.17122e-06
1.3486e-06
-2.89181e-06
1.19031e-06
-3.85235e-06
9.9444e-07
-5.14206e-06
7.45073e-07
-6.91213e-06
4.23818e-07
-9.45889e-06
-1.33041e-05
2.39722e-06
-6.08362e-07
2.40119e-06
-8.48369e-07
2.38808e-06
-7.55705e-07
2.35791e-06
-6.68981e-07
2.31249e-06
-5.92546e-07
2.25437e-06
-5.42775e-07
2.18627e-06
-5.34751e-07
2.11053e-06
-5.79734e-07
2.02877e-06
-6.88023e-07
1.9415e-06
-8.71545e-07
1.8478e-06
-1.14568e-06
1.74491e-06
-1.53079e-06
1.62772e-06
-2.05394e-06
1.4886e-06
-2.75262e-06
1.31786e-06
-3.68165e-06
1.10095e-06
-4.92514e-06
8.24768e-07
-6.6359e-06
4.70061e-07
-9.10489e-06
-1.28335e-05
2.53035e-06
-6.08293e-07
2.51749e-06
-8.35058e-07
2.49082e-06
-7.28638e-07
2.45067e-06
-6.28496e-07
2.39847e-06
-5.40041e-07
2.33633e-06
-4.80367e-07
2.2665e-06
-4.64685e-07
2.1907e-06
-5.03733e-07
2.10991e-06
-6.07052e-07
2.0239e-06
-7.85398e-07
1.93118e-06
-1.05286e-06
1.82846e-06
-1.428e-06
1.71011e-06
-1.93555e-06
1.56771e-06
-2.61024e-06
1.38991e-06
-3.50387e-06
1.16568e-06
-4.7011e-06
8.76824e-07
-6.3474e-06
5.01556e-07
-8.72903e-06
-1.23327e-05
2.58983e-06
-6.03006e-07
2.56234e-06
-8.0713e-07
2.52432e-06
-6.90237e-07
2.47519e-06
-5.79058e-07
2.41638e-06
-4.80958e-07
2.34993e-06
-4.13687e-07
2.27802e-06
-3.92582e-07
2.20179e-06
-4.2735e-07
2.12187e-06
-5.27003e-07
2.0375e-06
-7.00939e-07
1.94673e-06
-9.62031e-07
1.84629e-06
-1.32754e-06
1.73015e-06
-1.81944e-06
1.58945e-06
-2.4696e-06
1.41368e-06
-3.32828e-06
1.18727e-06
-4.47484e-06
8.96235e-07
-6.05642e-06
5.17507e-07
-8.35135e-06
-1.18146e-05
2.57476e-06
-5.807e-07
2.53671e-06
-7.68669e-07
2.48882e-06
-6.42003e-07
2.43184e-06
-5.21796e-07
2.36713e-06
-4.1603e-07
2.29684e-06
-3.43212e-07
2.22331e-06
-3.18908e-07
2.14716e-06
-3.51094e-07
2.06889e-06
-4.48661e-07
1.98701e-06
-6.19027e-07
1.89946e-06
-8.74493e-07
1.80348e-06
-1.23162e-06
1.69296e-06
-1.70902e-06
1.55834e-06
-2.33512e-06
1.38796e-06
-3.15808e-06
1.17153e-06
-4.25879e-06
8.90764e-07
-5.77623e-06
5.20701e-07
-7.9807e-06
-1.12948e-05
2.4852e-06
-5.63207e-07
2.44054e-06
-7.23603e-07
2.38602e-06
-5.87146e-07
2.32309e-06
-4.58619e-07
2.25397e-06
-3.467e-07
2.18074e-06
-2.69835e-07
2.10731e-06
-2.45358e-07
2.03224e-06
-2.75933e-07
1.95712e-06
-3.73503e-07
1.87932e-06
-5.41221e-07
1.79587e-06
-7.91081e-07
1.70612e-06
-1.14194e-06
1.60369e-06
-1.60672e-06
1.47814e-06
-2.20975e-06
1.31979e-06
-3.00001e-06
1.11459e-06
-4.05385e-06
8.51595e-07
-5.51332e-06
5.07018e-07
-7.63743e-06
-1.07872e-05
2.32801e-06
-5.4128e-07
2.28007e-06
-6.75288e-07
2.21996e-06
-5.26737e-07
2.15273e-06
-3.91143e-07
2.08088e-06
-2.74664e-07
2.00685e-06
-1.95659e-07
1.9363e-06
-1.74685e-07
1.86416e-06
-2.03724e-07
1.79479e-06
-3.04086e-07
1.72192e-06
-4.68338e-07
1.64325e-06
-7.12449e-07
1.56079e-06
-1.05956e-06
1.46821e-06
-1.51427e-06
1.35362e-06
-2.09533e-06
1.20716e-06
-2.85376e-06
1.02294e-06
-3.86998e-06
7.87691e-07
-5.27871e-06
4.79786e-07
-7.3287e-06
-1.03084e-05
2.11079e-06
-5.35406e-07
2.05888e-06
-6.23029e-07
1.9933e-06
-4.60878e-07
1.92335e-06
-3.2099e-07
1.85176e-06
-2.02906e-07
1.7802e-06
-1.23943e-07
1.71777e-06
-1.12165e-07
1.65093e-06
-1.36775e-07
1.58945e-06
-2.42566e-07
1.5231e-06
-4.02005e-07
1.44898e-06
-6.38328e-07
1.37308e-06
-9.83711e-07
1.29119e-06
-1.43248e-06
1.18865e-06
-1.99292e-06
1.06013e-06
-2.72545e-06
8.96143e-07
-3.70617e-06
6.93436e-07
-5.07585e-06
4.39067e-07
-7.07568e-06
-9.86843e-06
1.84646e-06
-5.30913e-07
1.78056e-06
-5.56859e-07
1.70614e-06
-3.86241e-07
1.63572e-06
-2.504e-07
1.56798e-06
-1.34969e-07
1.50473e-06
-6.05843e-08
1.45848e-06
-6.57162e-08
1.39765e-06
-7.58569e-08
1.3484e-06
-1.93266e-07
1.28678e-06
-3.40252e-07
1.21985e-06
-5.7137e-07
1.14694e-06
-9.10779e-07
1.076e-06
-1.36155e-06
9.87849e-07
-1.90481e-06
8.79452e-07
-2.61706e-06
7.50907e-07
-3.57773e-06
5.92582e-07
-4.91806e-06
4.07987e-07
-6.8899e-06
-9.46155e-06
1.54243e-06
-5.20682e-07
1.43817e-06
-4.52502e-07
1.35091e-06
-2.98931e-07
1.28546e-06
-1.84877e-07
1.21697e-06
-6.6498e-08
1.19121e-06
-3.47348e-08
1.15258e-06
-2.71203e-08
1.12037e-06
-4.36603e-08
1.07164e-06
-1.4453e-07
9.9324e-07
-2.61974e-07
9.81762e-07
-5.59943e-07
8.87937e-07
-8.17109e-07
8.2628e-07
-1.3001e-06
7.56458e-07
-1.83522e-06
6.84232e-07
-2.54514e-06
6.0877e-07
-3.50264e-06
5.27746e-07
-4.83699e-06
4.29311e-07
-6.79335e-06
-9.03311e-06
1.15904e-06
-3.87892e-07
1.00116e-06
-2.94697e-07
9.09723e-07
-2.07595e-07
8.60772e-07
-1.36068e-07
7.52951e-07
4.12191e-08
8.83889e-07
-1.65832e-07
7.67387e-07
8.92377e-08
8.5744e-07
-1.3389e-07
7.48205e-07
-3.55356e-08
5.56713e-07
-7.06995e-08
8.23699e-07
-8.27221e-07
6.19579e-07
-6.13316e-07
5.48993e-07
-1.22991e-06
4.95208e-07
-1.78187e-06
4.58056e-07
-2.50847e-06
4.54829e-07
-3.49993e-06
4.95252e-07
-4.87848e-06
5.77879e-07
-6.87686e-06
-8.45546e-06
4.82743e-07
3.76939e-07
3.38362e-07
3.44619e-07
3.50742e-07
4.99373e-07
4.28603e-07
4.82421e-07
3.52902e-07
2.32025e-07
4.27916e-07
2.37462e-07
1.84239e-07
1.49984e-07
1.26414e-07
1.29268e-07
2.19498e-07
7.14564e-07
)
;

boundaryField
{
    leftWall
    {
        type            calculated;
        value           uniform 0;
    }
    rightWall
    {
        type            calculated;
        value           uniform 0;
    }
    lowerWall
    {
        type            calculated;
        value           uniform 0;
    }
    atmosphere
    {
        type            calculated;
        value           nonuniform List<scalar> 
46
(
-1.47038e-06
-3.30919e-07
1.01879e-06
2.22722e-06
2.90334e-06
3.23303e-06
3.33156e-06
3.27882e-06
3.12757e-06
2.91163e-06
2.65168e-06
2.35615e-06
2.00228e-06
1.35756e-06
8.90584e-07
4.98529e-07
2.97064e-07
1.83146e-07
1.23548e-07
9.99238e-08
9.74137e-08
1.07544e-07
2.29585e-08
6.66384e-08
4.50909e-08
7.60791e-08
1.07401e-07
-2.15268e-07
-1.8895e-07
-1.69086e-07
-1.42394e-07
3.50141e-08
-3.14548e-07
1.5992e-07
-1.8782e-07
9.38897e-08
5.00556e-08
-1.02326e-06
-4.22989e-07
-1.17684e-06
-1.74779e-06
-2.48508e-06
-3.50298e-06
-4.9689e-06
-7.37207e-06
-7.74083e-06
)
;
    }
    defaultFaces
    {
        type            empty;
    }
}


// ************************************************************************* //
