/*--------------------------------*- C++ -*----------------------------------*\
  =========                 |
  \\      /  F ield         | OpenFOAM: The Open Source CFD Toolbox
   \\    /   O peration     | Website:  https://openfoam.org
    \\  /    A nd           | Version:  13
     \\/     M anipulation  |
\*---------------------------------------------------------------------------*/
FoamFile
{
    format      ascii;
    class       surfaceScalarField;
    location    "1.15";
    object      phi;
}
// * * * * * * * * * * * * * * * * * * * * * * * * * * * * * * * * * * * * * //

dimensions      [0 3 -1 0 0 0 0];

internalField   nonuniform List<scalar> 
4432
(
3.56545e-06
-3.56542e-06
5.20167e-06
-1.63619e-06
6.60026e-06
-1.39859e-06
7.74622e-06
-1.14596e-06
8.40822e-06
-6.61997e-07
8.52648e-06
-1.18268e-07
8.0907e-06
4.35778e-07
7.17603e-06
9.14668e-07
5.96471e-06
1.21132e-06
4.64224e-06
1.32246e-06
3.37517e-06
1.26708e-06
2.28083e-06
1.09433e-06
1.41204e-06
8.68798e-07
7.84818e-07
6.27225e-07
3.90776e-07
3.94044e-07
2.10504e-07
1.80273e-07
2.3275e-07
-2.22461e-08
4.25283e-07
-1.92532e-07
7.43061e-07
-3.17778e-07
1.13198e-06
-3.88921e-07
1.48935e-06
-3.57367e-07
1.5691e-06
-7.97485e-08
1.5691e-06
2.70096e-06
-6.26628e-06
5.17778e-06
-4.11295e-06
7.3006e-06
-3.52136e-06
8.83515e-06
-2.68047e-06
9.64549e-06
-1.47231e-06
9.73762e-06
-2.10383e-07
9.18712e-06
9.86304e-07
8.15336e-06
1.94846e-06
6.84583e-06
2.51888e-06
5.44904e-06
2.71928e-06
4.11096e-06
2.60517e-06
2.9399e-06
2.26541e-06
1.98886e-06
1.81985e-06
1.27277e-06
1.34332e-06
7.81935e-07
8.8488e-07
4.94469e-07
4.67741e-07
3.7752e-07
9.47045e-08
3.90826e-07
-2.05837e-07
4.6542e-07
-3.92371e-07
5.39065e-07
-4.62566e-07
5.8072e-07
-3.99022e-07
5.70589e-07
-6.96179e-08
2.13969e-06
2.65651e-06
-8.92279e-06
5.64345e-06
-7.09989e-06
8.09074e-06
-5.96866e-06
9.7667e-06
-4.35644e-06
1.05896e-05
-2.29526e-06
1.0625e-05
-2.45723e-07
9.99927e-06
1.61201e-06
8.89337e-06
3.05436e-06
7.53101e-06
3.88124e-06
6.09363e-06
4.15666e-06
4.71702e-06
3.98179e-06
3.50251e-06
3.47992e-06
2.50325e-06
2.81911e-06
1.73235e-06
2.11423e-06
1.17783e-06
1.43939e-06
8.1467e-07
8.30903e-07
6.03813e-07
3.05561e-07
4.94782e-07
-9.68063e-08
4.14858e-07
-3.12447e-07
2.98108e-07
-3.45816e-07
1.14275e-07
-2.1519e-07
-7.8242e-08
1.22899e-07
2.06144e-06
3.02129e-06
-1.1944e-05
6.35174e-06
-1.04303e-05
8.96377e-06
-8.58068e-06
1.06816e-05
-6.07422e-06
1.14699e-05
-3.08354e-06
1.1441e-05
-2.16847e-07
1.07502e-05
2.30287e-06
9.59096e-06
4.21359e-06
8.19714e-06
5.27509e-06
6.73832e-06
5.6155e-06
5.33325e-06
5.38687e-06
4.08475e-06
4.72842e-06
3.04571e-06
3.85815e-06
2.22918e-06
2.93076e-06
1.62288e-06
2.04569e-06
1.19693e-06
1.25686e-06
9.08658e-07
5.93829e-07
7.03447e-07
1.08404e-07
5.1249e-07
-1.21489e-07
2.7237e-07
-1.05697e-07
-8.47702e-08
1.41949e-07
-4.76424e-07
5.1455e-07
1.58502e-06
3.59417e-06
-1.55382e-05
7.13228e-06
-1.39684e-05
9.81302e-06
-1.12614e-05
1.15288e-05
-7.78998e-06
1.22663e-05
-3.8211e-06
1.21838e-05
-1.3438e-07
1.14605e-05
3.02621e-06
1.02765e-05
5.39761e-06
8.86724e-06
6.68436e-06
7.4038e-06
7.07892e-06
5.98871e-06
6.80194e-06
4.7213e-06
5.99581e-06
3.65613e-06
4.92329e-06
2.80424e-06
3.78263e-06
2.15171e-06
2.69819e-06
1.67313e-06
1.73543e-06
1.31669e-06
9.50262e-07
1.02803e-06
3.97065e-07
7.53261e-07
1.53279e-07
4.66271e-07
1.81294e-07
7.00351e-08
5.38184e-07
-4.69476e-07
1.05406e-06
1.11554e-06
4.1714e-06
-1.97096e-05
7.79459e-06
-1.75917e-05
1.04832e-05
-1.39501e-05
1.21923e-05
-9.4991e-06
1.28992e-05
-4.52796e-06
1.27878e-05
-2.29954e-08
1.20587e-05
3.75532e-06
1.08992e-05
6.55712e-06
9.54383e-06
8.03966e-06
8.11698e-06
8.5057e-06
6.74335e-06
8.17551e-06
5.50811e-06
7.23101e-06
4.47725e-06
5.95412e-06
3.64557e-06
4.61429e-06
2.99149e-06
3.35225e-06
2.49109e-06
2.23583e-06
2.08132e-06
1.36003e-06
1.69737e-06
7.81012e-07
1.33879e-06
5.11861e-07
1.14972e-06
3.70358e-07
9.2147e-07
7.66426e-07
4.60837e-07
1.51467e-06
1.57634e-06
4.51887e-06
-2.42285e-05
8.13054e-06
-2.12033e-05
1.08121e-05
-1.66317e-05
1.25333e-05
-1.12202e-05
1.3226e-05
-5.22069e-06
1.31441e-05
5.89027e-08
1.2508e-05
4.39138e-06
1.14637e-05
7.60135e-06
1.02942e-05
9.2091e-06
9.0663e-06
9.7335e-06
7.86426e-06
9.37746e-06
6.76175e-06
8.33345e-06
5.8641e-06
6.85172e-06
5.18184e-06
5.29653e-06
4.65283e-06
3.88124e-06
4.19805e-06
2.69062e-06
3.75093e-06
1.80715e-06
3.2162e-06
1.31575e-06
2.71436e-06
1.01371e-06
2.9056e-06
1.79114e-07
3.24131e-06
4.30695e-07
3.23096e-06
1.52497e-06
4.8073e-06
4.52024e-06
-2.87487e-05
7.94334e-06
-2.46264e-05
1.05526e-05
-1.92409e-05
1.2369e-05
-1.30367e-05
1.31572e-05
-6.00892e-06
1.31692e-05
4.6904e-08
1.27965e-05
4.76403e-06
1.19583e-05
8.43943e-06
1.09461e-05
1.02212e-05
1.02458e-05
1.04337e-05
9.77645e-06
9.84683e-06
9.36925e-06
8.74065e-06
8.91221e-06
7.30876e-06
8.39092e-06
5.81783e-06
7.81408e-06
4.4581e-06
7.15127e-06
3.35343e-06
6.37908e-06
2.57935e-06
5.38979e-06
2.30505e-06
4.34282e-06
2.06069e-06
4.35045e-06
1.71469e-07
4.49914e-06
2.81998e-07
4.04537e-06
1.97873e-06
8.85262e-06
-2.93504e-05
2.93503e-05
-3.89617e-05
9.61129e-06
-4.53983e-05
6.43664e-06
-5.30239e-05
7.62562e-06
-5.92488e-05
6.22476e-06
-5.99935e-05
7.44593e-07
-5.03912e-05
-9.60237e-06
-4.201e-05
-8.38118e-06
-3.58056e-05
-6.20446e-06
-2.86163e-05
-7.18929e-06
-1.82926e-05
-1.03237e-05
-8.73976e-06
-9.55292e-06
-6.41611e-06
-2.32366e-06
-8.56905e-06
2.15295e-06
-8.18183e-06
-3.87224e-07
-7.60667e-06
-5.7515e-07
-8.63338e-06
1.02671e-06
-6.05035e-06
-2.58303e-06
-6.05035e-06
-2.1522e-05
5.08722e-05
-2.96141e-05
1.77034e-05
-3.72824e-05
1.4105e-05
-4.29079e-05
1.32511e-05
-4.5663e-05
8.97993e-06
-4.48946e-05
-2.38889e-08
-4.12979e-05
-1.31991e-05
-3.742e-05
-1.22591e-05
-3.36808e-05
-9.94363e-06
-2.80019e-05
-1.28682e-05
-2.0679e-05
-1.76466e-05
-1.29987e-05
-1.72332e-05
-8.46367e-06
-6.85864e-06
-6.9277e-06
6.16977e-07
-5.04712e-06
-2.2678e-06
-3.39481e-06
-2.22746e-06
-3.40911e-06
1.04099e-06
-2.61087e-06
-3.38128e-06
-8.66124e-06
-1.51733e-05
6.60454e-05
-2.48432e-05
2.73733e-05
-3.35023e-05
2.2764e-05
-3.75865e-05
1.73353e-05
-3.71079e-05
8.5014e-06
-3.54789e-05
-1.65296e-06
-3.53991e-05
-1.32789e-05
-3.39781e-05
-1.36801e-05
-3.15447e-05
-1.23769e-05
-2.7004e-05
-1.74089e-05
-2.14822e-05
-2.31684e-05
-1.62924e-05
-2.2423e-05
-1.11159e-05
-1.20351e-05
-6.5302e-06
-3.96877e-06
-3.11908e-06
-5.67893e-06
-1.23675e-07
-5.22289e-06
1.53064e-06
-6.13343e-07
7.08933e-07
-2.55957e-06
-7.9523e-06
-9.48497e-06
7.55303e-05
-1.99267e-05
3.78149e-05
-2.96707e-05
3.25078e-05
-3.358e-05
2.12445e-05
-3.2617e-05
7.53834e-06
-3.12605e-05
-3.00938e-06
-3.16434e-05
-1.2896e-05
-3.14725e-05
-1.38509e-05
-2.94716e-05
-1.43778e-05
-2.55513e-05
-2.13292e-05
-2.14885e-05
-2.72311e-05
-1.78444e-05
-2.60669e-05
-1.31723e-05
-1.67072e-05
-7.15409e-06
-9.9869e-06
-2.19815e-06
-1.06349e-05
2.35721e-06
-9.77826e-06
5.7602e-06
-4.01635e-06
3.54657e-06
-3.45962e-07
-4.40574e-06
-5.14519e-06
8.06755e-05
-1.49264e-05
4.75962e-05
-2.29561e-05
4.05374e-05
-2.81495e-05
2.64377e-05
-2.87222e-05
8.11091e-06
-2.8143e-05
-3.58844e-06
-2.88583e-05
-1.21806e-05
-2.89971e-05
-1.3712e-05
-2.67437e-05
-1.66312e-05
-2.33721e-05
-2.47008e-05
-2.05099e-05
-3.00932e-05
-1.75222e-05
-2.90544e-05
-1.31873e-05
-2.1042e-05
-7.69729e-06
-1.54768e-05
-2.38069e-06
-1.59514e-05
2.72388e-06
-1.48828e-05
6.59874e-06
-7.89117e-06
5.66357e-06
5.89209e-07
1.25783e-06
-2.62181e-06
8.32972e-05
-1.11344e-05
5.61089e-05
-1.67136e-05
4.61167e-05
-2.0784e-05
3.0508e-05
-2.36279e-05
1.09547e-05
-2.46321e-05
-2.58426e-06
-2.52792e-05
-1.15334e-05
-2.43914e-05
-1.45999e-05
-2.22302e-05
-1.87924e-05
-2.02866e-05
-2.66442e-05
-1.88447e-05
-3.1535e-05
-1.64558e-05
-3.14432e-05
-1.23901e-05
-2.51076e-05
-7.30833e-06
-2.05585e-05
-2.45449e-06
-2.08052e-05
2.09376e-06
-1.9431e-05
5.56899e-06
-1.13664e-05
6.18762e-06
-2.94329e-08
7.44541e-06
-1.69879e-06
8.49961e-05
-9.06432e-06
6.34744e-05
-1.27237e-05
4.97761e-05
-1.51014e-05
3.28858e-05
-1.77355e-05
1.35889e-05
-1.9522e-05
-7.97839e-07
-2.05819e-05
-1.04735e-05
-1.99714e-05
-1.52105e-05
-1.81337e-05
-2.06302e-05
-1.64091e-05
-2.83689e-05
-1.52903e-05
-3.26537e-05
-1.36802e-05
-3.30534e-05
-1.01364e-05
-2.86514e-05
-5.70059e-06
-2.49943e-05
-1.78403e-06
-2.47217e-05
1.69703e-06
-2.2912e-05
4.83512e-06
-1.45044e-05
6.26695e-06
-1.4613e-06
1.37123e-05
-2.8292e-06
8.78254e-05
-7.64861e-06
6.82937e-05
-1.00468e-05
5.21743e-05
-1.15635e-05
3.44026e-05
-1.36094e-05
1.56349e-05
-1.53918e-05
9.84618e-07
-1.65015e-05
-9.36398e-06
-1.59447e-05
-1.57674e-05
-1.42844e-05
-2.22906e-05
-1.26104e-05
-3.0043e-05
-1.05742e-05
-3.469e-05
-8.60172e-06
-3.5026e-05
-5.77721e-06
-3.14761e-05
-2.64996e-06
-2.81216e-05
-1.61086e-08
-2.73556e-05
2.1429e-06
-2.5071e-05
5.13133e-06
-1.74929e-05
6.30477e-06
-2.63477e-06
2.0017e-05
9.20158e-06
-3.79502e-05
1.56393e-05
-3.1064e-05
2.0465e-05
-2.40664e-05
2.45355e-05
-1.71071e-05
2.68587e-05
-8.33209e-06
2.68796e-05
2.60577e-08
2.64288e-05
5.21471e-06
2.66791e-05
8.18901e-06
2.70361e-05
9.86421e-06
2.7237e-05
1.02329e-05
2.72251e-05
9.85878e-06
2.68665e-05
9.09937e-06
2.60417e-05
8.13371e-06
2.47839e-05
7.07574e-06
2.31159e-05
6.12616e-06
2.09938e-05
5.47559e-06
1.8568e-05
5.00517e-06
1.53711e-05
5.50189e-06
1.15653e-05
5.86651e-06
8.92962e-06
2.80709e-06
6.5824e-06
2.62921e-06
2.88175e-06
5.67934e-06
1.30654e-05
-1.33095e-06
7.21258e-06
-4.51628e-05
9.9068e-06
-3.37581e-05
1.21339e-05
-2.62934e-05
1.39874e-05
-1.89606e-05
1.65181e-05
-1.08628e-05
1.98779e-05
-3.33375e-06
2.30808e-05
2.01189e-06
2.57948e-05
5.47507e-06
2.79729e-05
7.6863e-06
2.92929e-05
8.91301e-06
2.96955e-05
9.4563e-06
2.93108e-05
9.48414e-06
2.81571e-05
9.28748e-06
2.63978e-05
8.83508e-06
2.41905e-05
8.33348e-06
2.11528e-05
8.51328e-06
1.76885e-05
8.46945e-06
1.38566e-05
9.33377e-06
9.03011e-06
1.0693e-05
1.85813e-06
9.97904e-06
-5.34916e-06
9.83647e-06
-1.28735e-05
1.32037e-05
1.85944e-05
-1.84025e-05
-1.28083e-06
-4.3882e-05
1.07062e-06
-3.61096e-05
3.75891e-06
-2.89818e-05
6.89637e-06
-2.20981e-05
1.08921e-05
-1.48585e-05
1.55871e-05
-8.02876e-06
2.00498e-05
-2.45073e-06
2.3649e-05
1.87598e-06
2.61455e-05
5.18991e-06
2.74995e-05
7.55905e-06
2.77184e-05
9.23746e-06
2.7076e-05
1.01265e-05
2.54916e-05
1.08719e-05
2.30242e-05
1.13025e-05
1.9998e-05
1.13596e-05
1.599e-05
1.25213e-05
1.01517e-05
1.43078e-05
4.09778e-06
1.53876e-05
-1.70955e-06
1.65003e-05
-8.03503e-06
1.63045e-05
-1.48606e-05
1.66621e-05
-2.06977e-05
1.90407e-05
2.27472e-05
-2.48504e-05
-2.46811e-06
-4.14139e-05
-1.74375e-06
-3.68341e-05
5.90668e-07
-3.13163e-05
3.96372e-06
-2.54712e-05
8.21462e-06
-1.91094e-05
1.28174e-05
-1.26315e-05
1.69576e-05
-6.5909e-06
2.01246e-05
-1.29098e-06
2.20619e-05
3.25258e-06
2.29614e-05
6.65956e-06
2.25467e-05
9.65219e-06
2.12967e-05
1.13765e-05
1.9139e-05
1.30295e-05
1.56676e-05
1.47739e-05
1.06463e-05
1.63809e-05
5.20702e-06
1.79605e-05
-4.30218e-07
1.9945e-05
-5.68395e-06
2.06414e-05
-1.05027e-05
2.1319e-05
-1.56432e-05
2.14451e-05
-2.08788e-05
2.18977e-05
-2.51921e-05
2.3354e-05
2.55452e-05
-2.79901e-05
-1.51248e-06
-3.99014e-05
-1.54654e-06
-3.68e-05
-5.23645e-08
-3.28105e-05
2.64316e-06
-2.81667e-05
6.12762e-06
-2.25939e-05
9.70979e-06
-1.62137e-05
1.2712e-05
-9.59312e-06
1.48413e-05
-3.42029e-06
1.56236e-05
2.47027e-06
1.55311e-05
6.75208e-06
1.43629e-05
1.08203e-05
1.19906e-05
1.37488e-05
8.45408e-06
1.6566e-05
4.17513e-06
1.90528e-05
-4.31576e-07
2.09876e-05
-4.75931e-06
2.22883e-05
-8.68126e-06
2.3867e-05
-1.27532e-05
2.47134e-05
-1.67204e-05
2.52862e-05
-2.07936e-05
2.55184e-05
-2.47215e-05
2.58257e-05
-2.78694e-05
2.65019e-05
2.74233e-05
-2.97474e-05
-1.14623e-06
-3.87552e-05
-1.75689e-06
-3.61894e-05
-1.18032e-06
-3.3387e-05
4.8129e-07
-2.98284e-05
2.74271e-06
-2.48553e-05
4.95174e-06
-1.84227e-05
6.34535e-06
-1.09867e-05
6.91617e-06
-3.99111e-06
6.49981e-06
2.88661e-06
4.89363e-06
8.35823e-06
2.75944e-06
1.29545e-05
-1.62207e-07
1.66705e-05
-3.10036e-06
1.95041e-05
-5.79001e-06
2.17425e-05
-8.53581e-06
2.37334e-05
-1.15313e-05
2.52838e-05
-1.44381e-05
2.67739e-05
-1.75451e-05
2.78205e-05
-2.0711e-05
2.84521e-05
-2.38814e-05
2.86888e-05
-2.68792e-05
2.88235e-05
-2.92715e-05
2.88943e-05
2.86802e-05
-3.05284e-05
-1.97719e-06
-3.67781e-05
-3.55561e-06
-3.4611e-05
-4.07206e-06
-3.28706e-05
-3.67897e-06
-3.02215e-05
-2.74091e-06
-2.57934e-05
-2.12634e-06
-1.90373e-05
-2.55177e-06
-1.05612e-05
-3.88625e-06
-2.65663e-06
-5.24614e-06
4.2465e-06
-7.08891e-06
1.0201e-05
-8.55334e-06
1.44189e-05
-9.80585e-06
1.7923e-05
-1.10917e-05
2.079e-05
-1.25421e-05
2.31929e-05
-1.41451e-05
2.53365e-05
-1.60516e-05
2.71903e-05
-1.81005e-05
2.88227e-05
-2.03641e-05
3.00841e-05
-2.2804e-05
3.0892e-05
-2.52478e-05
3.11326e-05
-2.76338e-05
3.12096e-05
-2.9706e-05
3.09664e-05
2.94964e-05
-3.05221e-05
-3.99942e-06
-3.27787e-05
-6.99241e-06
-3.1618e-05
-8.78074e-06
-3.10823e-05
-9.59547e-06
-2.94067e-05
-1.0349e-05
-2.50397e-05
-1.15977e-05
-1.77885e-05
-1.3188e-05
-8.9709e-06
-1.47007e-05
-1.14392e-06
-1.55492e-05
5.09497e-06
-1.58307e-05
1.04825e-05
-1.61238e-05
1.4712e-05
-1.63794e-05
1.81787e-05
-1.66745e-05
2.10852e-05
-1.71377e-05
2.36562e-05
-1.78512e-05
2.605e-05
-1.88209e-05
2.816e-05
-2.00177e-05
3.00195e-05
-2.1512e-05
3.15783e-05
-2.33178e-05
3.26978e-05
-2.50924e-05
3.29072e-05
-2.69148e-05
3.30318e-05
-2.93335e-05
3.33849e-05
3.05093e-05
-3.03467e-05
-6.44929e-06
-2.63294e-05
-1.08452e-05
-2.72222e-05
-1.40612e-05
-2.78662e-05
-1.66876e-05
-2.67802e-05
-1.92684e-05
-2.24589e-05
-2.1495e-05
-1.55619e-05
-2.24012e-05
-8.06471e-06
-2.24658e-05
-1.07934e-06
-2.2358e-05
4.9872e-06
-2.19735e-05
1.0098e-05
-2.14982e-05
1.42367e-05
-2.10019e-05
1.76824e-05
-2.05469e-05
2.06303e-05
-2.01896e-05
2.32989e-05
-2.00846e-05
2.5945e-05
-2.02701e-05
2.83454e-05
-2.06708e-05
3.042e-05
-2.15263e-05
3.24334e-05
-2.28485e-05
3.40195e-05
-2.39538e-05
3.40119e-05
-2.47744e-05
3.38519e-05
-2.74804e-05
3.60905e-05
3.29591e-05
-2.99305e-05
-6.85833e-06
-1.94711e-05
-1.28641e-05
-2.12161e-05
-1.88067e-05
-2.19233e-05
-2.46054e-05
-2.09814e-05
-2.77551e-05
-1.93091e-05
-2.88624e-05
-1.44546e-05
-2.87484e-05
-8.17872e-06
-2.81977e-05
-1.63006e-06
-2.73896e-05
4.17911e-06
-2.64033e-05
9.11176e-06
-2.53335e-05
1.31669e-05
-2.42842e-05
1.6633e-05
-2.32703e-05
1.96162e-05
-2.23754e-05
2.24038e-05
-2.17073e-05
2.52765e-05
-2.12421e-05
2.78798e-05
-2.08841e-05
3.00614e-05
-2.09776e-05
3.25267e-05
-2.18307e-05
3.4872e-05
-2.23125e-05
3.44928e-05
-2.27539e-05
3.4292e-05
-2.44697e-05
3.78046e-05
3.48717e-05
-2.63837e-05
-2.05733e-06
-1.74133e-05
-8.66371e-06
-1.46094e-05
-2.48252e-05
-5.76152e-06
-3.29856e-05
-1.28208e-05
-3.45308e-05
-1.77638e-05
-3.46247e-05
-1.43606e-05
-3.38087e-05
-8.99454e-06
-3.27403e-05
-2.69828e-06
-3.1445e-05
2.88375e-06
-2.99304e-05
7.597e-06
-2.83435e-05
1.15797e-05
-2.68097e-05
1.5099e-05
-2.53945e-05
1.82007e-05
-2.41108e-05
2.112e-05
-2.29821e-05
2.41473e-05
-2.19929e-05
2.68897e-05
-2.18954e-05
2.99624e-05
-2.34264e-05
3.40558e-05
-2.45285e-05
3.59727e-05
-2.64425e-05
3.64051e-05
-2.96579e-05
3.75061e-05
-3.28211e-05
4.09676e-05
3.73504e-05
-3.52988e-05
1.18063e-05
-2.92191e-05
-1.75602e-06
-1.04498e-06
-3.55094e-05
2.79922e-05
-3.84502e-05
-9.88051e-06
-3.91123e-05
-1.71018e-05
-3.91749e-05
-1.42978e-05
-3.77141e-05
-1.04551e-05
-3.65823e-05
-3.82985e-06
-3.49885e-05
1.28997e-06
-3.30037e-05
5.61187e-06
-3.09257e-05
9.50108e-06
-2.91222e-05
1.32944e-05
-2.80757e-05
1.71528e-05
-2.77796e-05
2.08224e-05
-2.81974e-05
2.45638e-05
-2.95575e-05
2.82483e-05
-3.29715e-05
3.33751e-05
-3.73846e-05
3.84685e-05
-4.06139e-05
3.9202e-05
-4.22719e-05
3.80633e-05
-4.2801e-05
3.80361e-05
-4.13551e-05
3.95236e-05
3.66384e-05
-4.06406e-05
-9.36076e-06
-1.98563e-05
-1.65553e-05
6.14962e-06
-1.74281e-05
2.88634e-05
-2.81371e-05
8.27479e-07
-3.96775e-05
-5.56109e-06
-4.37391e-05
-1.02356e-05
-4.34337e-05
-1.07598e-05
-4.14274e-05
-5.83573e-06
-3.95985e-05
-5.39161e-07
-3.86687e-05
4.68144e-06
-3.891e-05
9.74156e-06
-4.06535e-05
1.50366e-05
-4.37274e-05
2.02256e-05
-4.71601e-05
2.42544e-05
-4.96385e-05
2.7042e-05
-5.07089e-05
2.9319e-05
-5.06469e-05
3.33141e-05
-4.98418e-05
3.7665e-05
-5.02529e-05
3.96145e-05
-5.07194e-05
3.85313e-05
-5.02915e-05
3.76097e-05
-4.84056e-05
3.76389e-05
3.40899e-05
-4.58553e-05
-1.48642e-05
-4.99186e-06
-2.46881e-05
1.5972e-05
-2.19295e-05
2.61044e-05
-3.22229e-05
1.11209e-05
-4.04245e-05
2.6407e-06
-4.70794e-05
-3.5805e-06
-5.17245e-05
-6.11462e-06
-5.39656e-05
-3.59461e-06
-5.5728e-05
1.22311e-06
-5.71394e-05
6.09292e-06
-5.8049e-05
1.06515e-05
-5.84804e-05
1.54687e-05
-5.89795e-05
2.07255e-05
-5.96268e-05
2.49026e-05
-6.05096e-05
2.79258e-05
-6.11136e-05
2.99242e-05
-6.04457e-05
3.26477e-05
-5.91361e-05
3.63563e-05
-5.72454e-05
3.77244e-05
-5.57713e-05
3.70576e-05
-5.40916e-05
3.59306e-05
-5.09381e-05
3.44861e-05
3.07302e-05
-4.75769e-05
-1.36402e-05
8.64776e-06
-2.15841e-05
2.39159e-05
-2.3055e-05
2.75756e-05
-2.99771e-05
1.80434e-05
-3.79297e-05
1.05931e-05
-4.5663e-05
4.15244e-06
-5.26541e-05
8.76099e-07
-5.7889e-05
1.64e-06
-6.1241e-05
4.57517e-06
-6.34822e-05
8.33451e-06
-6.51513e-05
1.23212e-05
-6.62589e-05
1.65772e-05
-6.66052e-05
2.10727e-05
-6.65634e-05
2.48612e-05
-6.60224e-05
2.73852e-05
-6.54329e-05
2.93352e-05
-6.42901e-05
3.15055e-05
-6.18077e-05
3.38742e-05
-5.88788e-05
3.47958e-05
-5.61319e-05
3.43108e-05
-5.31873e-05
3.29863e-05
-4.95969e-05
3.08962e-05
2.71385e-05
-4.60038e-05
-1.36034e-05
2.22516e-05
-1.98696e-05
3.01822e-05
-2.28229e-05
3.0529e-05
-2.86372e-05
2.38579e-05
-3.52585e-05
1.72144e-05
-4.25427e-05
1.14366e-05
-4.96288e-05
7.96212e-06
-5.54022e-05
7.41336e-06
-5.97009e-05
8.87387e-06
-6.28024e-05
1.14362e-05
-6.50462e-05
1.45653e-05
-6.6472e-05
1.80033e-05
-6.6907e-05
2.15079e-05
-6.64343e-05
2.43886e-05
-6.55071e-05
2.64581e-05
-6.41907e-05
2.8019e-05
-6.22757e-05
2.95907e-05
-5.93794e-05
3.0978e-05
-5.60706e-05
3.14871e-05
-5.26942e-05
3.09342e-05
-4.91496e-05
2.94417e-05
-4.5327e-05
2.70741e-05
2.33956e-05
-4.15828e-05
-1.06198e-05
3.28716e-05
-1.61853e-05
3.57479e-05
-1.98828e-05
3.42267e-05
-2.48502e-05
2.88254e-05
-3.06948e-05
2.3059e-05
-3.71965e-05
1.79383e-05
-4.37098e-05
1.44754e-05
-4.9407e-05
1.31106e-05
-5.39605e-05
1.34273e-05
-5.73852e-05
1.48611e-05
-5.97852e-05
1.69654e-05
-6.12071e-05
1.94252e-05
-6.16107e-05
2.19116e-05
-6.11955e-05
2.39734e-05
-6.01748e-05
2.54373e-05
-5.86379e-05
2.64822e-05
-5.64567e-05
2.74095e-05
-5.34926e-05
2.80139e-05
-5.00556e-05
2.80501e-05
-4.64065e-05
2.7285e-05
-4.26333e-05
2.56685e-05
-3.87356e-05
2.31765e-05
1.96497e-05
-3.49883e-05
-7.26434e-06
4.01364e-05
-1.17365e-05
4.02203e-05
-1.51929e-05
3.76832e-05
-1.94128e-05
3.30454e-05
-2.43962e-05
2.80425e-05
-2.99696e-05
2.35118e-05
-3.56446e-05
2.01504e-05
-4.08237e-05
1.82897e-05
-4.51578e-05
1.77614e-05
-4.85197e-05
1.82229e-05
-5.08917e-05
1.93374e-05
-5.22753e-05
2.08088e-05
-5.26949e-05
2.23312e-05
-5.23356e-05
2.36141e-05
-5.13668e-05
2.44684e-05
-4.98757e-05
2.49909e-05
-4.77048e-05
2.52386e-05
-4.49142e-05
2.52232e-05
-4.15911e-05
2.4727e-05
-3.79627e-05
2.36563e-05
-3.41931e-05
2.18988e-05
-3.04275e-05
1.94113e-05
1.60222e-05
-2.67989e-05
-4.31241e-06
4.44489e-05
-7.2544e-06
4.31625e-05
-9.86517e-06
4.02941e-05
-1.31164e-05
3.62967e-05
-1.70889e-05
3.20151e-05
-2.16169e-05
2.80399e-05
-2.63221e-05
2.48557e-05
-3.07517e-05
2.27193e-05
-3.45766e-05
2.15863e-05
-3.76155e-05
2.12618e-05
-3.97867e-05
2.15085e-05
-4.10644e-05
2.20864e-05
-4.14837e-05
2.27503e-05
-4.11412e-05
2.32716e-05
-4.02084e-05
2.35354e-05
-3.87398e-05
2.35221e-05
-3.67435e-05
2.32422e-05
-3.42047e-05
2.26844e-05
-3.12088e-05
2.1731e-05
-2.78972e-05
2.03443e-05
-2.44195e-05
1.84211e-05
-2.09416e-05
1.59335e-05
1.27034e-05
-1.76215e-05
-1.87012e-06
4.63194e-05
-3.23388e-06
4.45265e-05
-4.72979e-06
4.17902e-05
-6.85075e-06
3.84177e-05
-9.66766e-06
3.48321e-05
-1.3038e-05
3.14102e-05
-1.66623e-05
2.84801e-05
-2.01842e-05
2.62412e-05
-2.33101e-05
2.47122e-05
-2.58444e-05
2.3796e-05
-2.76757e-05
2.33397e-05
-2.8757e-05
2.31677e-05
-2.91038e-05
2.3097e-05
-2.87954e-05
2.2963e-05
-2.79185e-05
2.26585e-05
-2.65427e-05
2.21463e-05
-2.47135e-05
2.1413e-05
-2.24472e-05
2.0418e-05
-1.98397e-05
1.91234e-05
-1.69523e-05
1.74566e-05
-1.3936e-05
1.54046e-05
-1.0929e-05
1.2927e-05
9.79949e-06
-8.02396e-06
5.49935e-08
4.62645e-05
1.85992e-08
4.4563e-05
-3.37058e-07
4.2146e-05
-1.28869e-06
3.93695e-05
-2.89034e-06
3.64338e-05
-5.03699e-06
3.35569e-05
-7.50229e-06
3.09454e-05
-1.00083e-05
2.87472e-05
-1.23051e-05
2.7009e-05
-1.42044e-05
2.56953e-05
-1.55846e-05
2.47199e-05
-1.63834e-05
2.39664e-05
-1.65949e-05
2.33084e-05
-1.62614e-05
2.26293e-05
-1.54489e-05
2.18459e-05
-1.42132e-05
2.09105e-05
-1.25929e-05
1.97926e-05
-1.06384e-05
1.84635e-05
-8.40288e-06
1.68878e-05
-5.97983e-06
1.50332e-05
-3.43837e-06
1.28631e-05
-8.75239e-07
1.03638e-05
7.45096e-06
1.4746e-06
1.38259e-06
4.48823e-05
2.41827e-06
4.35275e-05
3.06764e-06
4.14967e-05
3.19196e-06
3.92452e-05
2.74769e-06
3.68781e-05
1.7987e-06
3.45059e-05
4.97392e-07
3.22467e-05
-9.53969e-07
3.01986e-05
-2.35438e-06
2.84094e-05
-3.53662e-06
2.68774e-05
-4.38223e-06
2.55654e-05
-4.82232e-06
2.44064e-05
-4.83371e-06
2.33197e-05
-4.43174e-06
2.22272e-05
-3.65281e-06
2.10669e-05
-2.53762e-06
1.97952e-05
-1.12562e-06
1.83805e-05
5.39842e-07
1.6798e-05
2.40405e-06
1.50235e-05
4.4046e-06
1.30324e-05
6.45715e-06
1.08104e-05
8.46745e-06
8.35388e-06
5.53685e-06
1.03826e-05
2.2279e-06
4.26544e-05
4.03454e-06
4.1721e-05
5.47498e-06
4.00564e-05
6.48488e-06
3.82354e-05
7.03267e-06
3.63304e-05
7.14796e-06
3.43907e-05
6.92125e-06
3.24734e-05
6.48523e-06
3.06346e-05
5.98365e-06
2.89109e-05
5.54703e-06
2.7314e-05
5.28026e-06
2.58321e-05
5.25384e-06
2.44327e-05
5.50258e-06
2.30709e-05
6.03073e-06
2.1699e-05
6.82219e-06
2.02753e-05
7.85043e-06
1.87669e-05
9.08285e-06
1.7148e-05
1.04827e-05
1.53981e-05
1.20076e-05
1.34985e-05
1.36046e-05
1.14351e-05
1.5215e-05
9.19987e-06
1.67748e-05
6.79405e-06
4.10761e-06
1.82052e-05
2.71289e-06
3.99419e-05
5.02331e-06
3.94108e-05
7.02247e-06
3.80574e-05
8.68552e-06
3.65725e-05
9.99217e-06
3.50238e-05
1.09515e-05
3.34314e-05
1.16092e-05
3.18157e-05
1.20424e-05
3.02014e-05
1.23434e-05
2.86099e-05
1.26044e-05
2.7053e-05
1.29057e-05
2.55307e-05
1.33077e-05
2.40306e-05
1.38473e-05
2.25312e-05
1.45396e-05
2.10066e-05
1.53828e-05
1.9432e-05
1.6364e-05
1.77856e-05
1.74626e-05
1.60494e-05
1.86523e-05
1.42083e-05
1.99005e-05
1.22502e-05
2.11693e-05
1.01659e-05
2.24144e-05
7.95461e-06
2.35874e-05
5.62134e-06
3.05918e-06
2.46368e-05
2.95494e-06
3.6987e-05
5.55494e-06
3.68109e-05
7.89823e-06
3.57142e-05
9.98319e-06
3.44876e-05
1.18007e-05
3.32064e-05
1.33517e-05
3.18804e-05
1.46555e-05
3.05119e-05
1.57505e-05
2.91065e-05
1.66885e-05
2.76719e-05
1.75267e-05
2.62148e-05
1.83195e-05
2.47379e-05
1.91118e-05
2.32382e-05
1.99357e-05
2.17072e-05
2.08091e-05
2.01331e-05
2.17382e-05
1.85028e-05
2.27195e-05
1.68041e-05
2.37426e-05
1.50262e-05
2.47909e-05
1.316e-05
2.58427e-05
1.11983e-05
2.68698e-05
9.13849e-06
2.78427e-05
6.98163e-06
2.8729e-05
4.73498e-06
2.30776e-06
2.94816e-05
3.02564e-06
3.39618e-05
5.75835e-06
3.40784e-05
8.27662e-06
3.31961e-05
1.05891e-05
3.21752e-05
1.26973e-05
3.10982e-05
1.46033e-05
2.99745e-05
1.63146e-05
2.88007e-05
1.78476e-05
2.75735e-05
1.92273e-05
2.62921e-05
2.04842e-05
2.49578e-05
2.16504e-05
2.35717e-05
2.27548e-05
2.21337e-05
2.38207e-05
2.06413e-05
2.48636e-05
1.909e-05
2.5892e-05
1.74744e-05
2.69072e-05
1.57888e-05
2.79053e-05
1.40281e-05
2.88769e-05
1.21883e-05
2.98078e-05
1.02672e-05
3.0681e-05
8.26502e-06
3.14752e-05
6.18721e-06
3.2167e-05
4.04351e-06
1.74552e-06
3.27301e-05
2.97197e-06
3.09898e-05
5.7236e-06
3.13269e-05
8.29256e-06
3.06272e-05
1.06883e-05
2.97795e-05
1.2919e-05
2.88677e-05
1.49907e-05
2.79027e-05
1.6909e-05
2.68824e-05
1.86809e-05
2.58016e-05
2.03168e-05
2.46562e-05
2.18307e-05
2.34439e-05
2.32383e-05
2.2164e-05
2.45557e-05
2.08163e-05
2.57968e-05
1.94001e-05
2.69725e-05
1.79143e-05
2.80895e-05
1.63574e-05
2.91505e-05
1.47277e-05
3.01543e-05
1.30242e-05
3.1096e-05
1.12465e-05
3.19674e-05
9.39571e-06
3.27563e-05
7.47584e-06
3.34499e-05
5.49355e-06
3.40333e-05
3.45993e-06
1.29956e-06
3.44803e-05
2.82163e-06
2.81687e-05
5.50791e-06
2.86409e-05
8.04183e-06
2.80935e-05
1.04235e-05
2.7398e-05
1.26625e-05
2.66287e-05
1.47686e-05
2.57967e-05
1.67488e-05
2.49022e-05
1.86083e-05
2.39422e-05
2.03516e-05
2.29129e-05
2.19843e-05
2.18112e-05
2.35129e-05
2.06354e-05
2.49445e-05
1.93846e-05
2.62859e-05
1.80586e-05
2.75428e-05
1.66573e-05
2.87191e-05
1.51809e-05
2.98166e-05
1.36301e-05
3.08347e-05
1.20061e-05
3.17702e-05
1.0311e-05
3.26173e-05
8.5485e-06
3.33689e-05
6.72391e-06
3.40157e-05
4.84654e-06
3.45464e-05
2.92952e-06
8.97432e-07
3.49493e-05
2.60386e-06
2.55648e-05
5.15936e-06
2.60855e-05
7.59599e-06
2.5657e-05
9.89996e-06
2.50941e-05
1.20766e-05
2.44522e-05
1.41358e-05
2.37376e-05
1.60859e-05
2.29521e-05
1.79327e-05
2.20954e-05
1.96799e-05
2.11657e-05
2.13299e-05
2.01611e-05
2.28852e-05
1.908e-05
2.43481e-05
1.79217e-05
2.57208e-05
1.66858e-05
2.70054e-05
1.53726e-05
2.8203e-05
1.39832e-05
2.93139e-05
1.25192e-05
3.03369e-05
1.09831e-05
3.12692e-05
9.37865e-06
3.21068e-05
7.71075e-06
3.28432e-05
5.98721e-06
3.34726e-05
4.21712e-06
3.39872e-05
2.41476e-06
5.14319e-07
3.43712e-05
2.34151e-06
2.32238e-05
4.71812e-06
2.37091e-05
7.01427e-06
2.3361e-05
9.19954e-06
2.2909e-05
1.12718e-05
2.238e-05
1.32377e-05
2.17717e-05
1.51053e-05
2.10846e-05
1.68808e-05
2.03198e-05
1.85684e-05
1.94781e-05
2.01703e-05
1.85592e-05
2.16877e-05
1.75626e-05
2.31211e-05
1.64882e-05
2.44707e-05
1.53361e-05
2.57365e-05
1.41068e-05
2.69179e-05
1.28017e-05
2.8014e-05
1.14231e-05
2.90228e-05
9.97423e-06
2.99416e-05
8.4598e-06
3.07661e-05
6.88608e-06
3.14922e-05
5.26091e-06
3.21133e-05
3.59572e-06
3.26214e-05
1.90691e-06
1.28736e-07
3.30076e-05
2.06152e-06
2.11621e-05
4.22632e-06
2.15444e-05
6.35021e-06
2.12372e-05
8.38931e-06
2.08699e-05
1.03321e-05
2.04373e-05
1.21797e-05
1.99241e-05
1.39375e-05
1.93267e-05
1.56112e-05
1.86462e-05
1.72048e-05
1.78844e-05
1.87211e-05
1.70428e-05
2.01614e-05
1.61223e-05
2.15259e-05
1.51236e-05
2.28145e-05
1.40474e-05
2.40264e-05
1.28948e-05
2.51604e-05
1.16676e-05
2.62149e-05
1.03685e-05
2.71878e-05
9.0013e-06
2.80762e-05
7.57132e-06
2.88767e-05
6.08546e-06
2.95841e-05
4.55321e-06
3.01933e-05
2.98648e-06
3.06965e-05
1.40353e-06
-2.51294e-07
3.10772e-05
1.78112e-06
1.93813e-05
3.71745e-06
1.96082e-05
5.65072e-06
1.9304e-05
7.52631e-06
1.89944e-05
9.32453e-06
1.86392e-05
1.10404e-05
1.82082e-05
1.26754e-05
1.76918e-05
1.42328e-05
1.70888e-05
1.57162e-05
1.6401e-05
1.71282e-05
1.56308e-05
1.84705e-05
1.478e-05
1.97437e-05
1.38504e-05
2.09477e-05
1.28433e-05
2.20821e-05
1.17604e-05
2.31456e-05
1.0604e-05
2.41369e-05
9.37715e-06
2.5054e-05
8.08413e-06
2.58944e-05
6.73086e-06
2.66547e-05
5.32515e-06
2.73308e-05
3.87685e-06
2.79169e-05
2.40011e-06
2.84042e-05
9.1653e-07
-6.27715e-07
2.87812e-05
1.51752e-06
1.78637e-05
3.22202e-06
1.79037e-05
4.95526e-06
1.75708e-05
6.65784e-06
1.72918e-05
8.30336e-06
1.69937e-05
9.88087e-06
1.66307e-05
1.13872e-05
1.61854e-05
1.2823e-05
1.5653e-05
1.419e-05
1.5034e-05
1.54902e-05
1.43305e-05
1.67252e-05
1.3545e-05
1.7896e-05
1.26796e-05
1.90027e-05
1.17365e-05
2.00453e-05
1.07177e-05
2.10233e-05
9.62604e-06
2.19355e-05
8.46482e-06
2.27809e-05
7.23875e-06
2.35575e-05
5.95422e-06
2.42631e-05
4.61947e-06
2.48934e-05
3.24632e-06
2.54436e-05
1.8499e-06
2.59053e-05
4.54711e-07
-9.81872e-07
2.62601e-05
1.27793e-06
1.6586e-05
2.75978e-06
1.64219e-05
4.29523e-06
1.60353e-05
5.82313e-06
1.57639e-05
7.31325e-06
1.55035e-05
8.75011e-06
1.51939e-05
1.01264e-05
1.48091e-05
1.14396e-05
1.43398e-05
1.26893e-05
1.37842e-05
1.38764e-05
1.31435e-05
1.50016e-05
1.24197e-05
1.6066e-05
1.16152e-05
1.70698e-05
1.07325e-05
1.80134e-05
9.77411e-06
1.88966e-05
8.74278e-06
1.97192e-05
7.64218e-06
2.04808e-05
6.47713e-06
2.11808e-05
5.25423e-06
2.18176e-05
3.98262e-06
2.23892e-05
2.67459e-06
2.28905e-05
1.34838e-06
2.33121e-05
3.33861e-08
-1.30797e-06
2.36387e-05
1.07233e-06
1.55133e-05
2.34937e-06
1.51447e-05
3.69589e-06
1.46887e-05
5.05383e-06
1.4406e-05
6.39097e-06
1.41664e-05
7.68869e-06
1.38961e-05
8.93647e-06
1.35613e-05
1.01288e-05
1.31474e-05
1.12633e-05
1.26497e-05
1.2339e-05
1.20677e-05
1.33559e-05
1.14027e-05
1.43142e-05
1.06569e-05
1.52142e-05
9.83256e-06
1.60559e-05
8.9323e-06
1.68397e-05
7.95895e-06
1.75659e-05
6.91601e-06
1.82348e-05
5.80812e-06
1.88473e-05
4.64172e-06
1.9404e-05
3.42591e-06
1.9904e-05
2.17448e-06
2.03444e-05
9.07993e-07
2.07168e-05
-3.39115e-07
-1.58903e-06
2.09984e-05
9.03432e-07
1.461e-05
2.00178e-06
1.40463e-05
3.17739e-06
1.35131e-05
4.37644e-06
1.32068e-05
5.56761e-06
1.29751e-05
6.73109e-06
1.27326e-05
7.85437e-06
1.2438e-05
8.92981e-06
1.2072e-05
9.95297e-06
1.16265e-05
1.09213e-05
1.10993e-05
1.18336e-05
1.04904e-05
1.26889e-05
9.80149e-06
1.34869e-05
9.03456e-06
1.42272e-05
8.19194e-06
1.49099e-05
7.27621e-06
1.55355e-05
6.29042e-06
1.61051e-05
5.23851e-06
1.66208e-05
4.12605e-06
1.70851e-05
2.96161e-06
1.75007e-05
1.75881e-06
1.78677e-05
5.40928e-07
1.81787e-05
-6.49838e-07
-1.82168e-06
1.84118e-05
7.78424e-07
1.38313e-05
1.73003e-06
1.30946e-05
2.75704e-06
1.2486e-05
3.8132e-06
1.21506e-05
4.86959e-06
1.19187e-05
5.90697e-06
1.16952e-05
6.91227e-06
1.14326e-05
7.87667e-06
1.11075e-05
8.79427e-06
1.07089e-05
9.66106e-06
1.02324e-05
1.04743e-05
9.67717e-06
1.12318e-05
9.0439e-06
1.19321e-05
8.33426e-06
1.25738e-05
7.5502e-06
1.31561e-05
6.69384e-06
1.36791e-05
5.76744e-06
1.4144e-05
4.77369e-06
1.45536e-05
3.7164e-06
1.49134e-05
2.60183e-06
1.52296e-05
1.44252e-06
1.55082e-05
2.62515e-07
1.57468e-05
-8.88531e-07
-1.98956e-06
1.59152e-05
7.0007e-07
1.31313e-05
1.54386e-06
1.22507e-05
2.45128e-06
1.15785e-05
3.38434e-06
1.12175e-05
4.31986e-06
1.09831e-05
5.24162e-06
1.07734e-05
6.13762e-06
1.05366e-05
6.99887e-06
1.02462e-05
7.81857e-06
9.88917e-06
8.59144e-06
9.45953e-06
9.31323e-06
8.95533e-06
9.98034e-06
8.37676e-06
1.05895e-05
7.72503e-06
1.11379e-05
7.00177e-06
1.16232e-05
6.20861e-06
1.20437e-05
5.34688e-06
1.23998e-05
4.41764e-06
1.26943e-05
3.42187e-06
1.29341e-05
2.36204e-06
1.3131e-05
1.24557e-06
1.32992e-05
9.43266e-08
1.34467e-05
-1.03574e-06
-2.08038e-06
1.35378e-05
6.81522e-07
1.24495e-05
1.46192e-06
1.14702e-05
2.27817e-06
1.07622e-05
3.10741e-06
1.03882e-05
3.93629e-06
1.01542e-05
4.75404e-06
9.95559e-06
5.55111e-06
9.73946e-06
6.31909e-06
9.47821e-06
7.05069e-06
9.15755e-06
7.73954e-06
8.77066e-06
8.37992e-06
8.31494e-06
8.96646e-06
7.7902e-06
9.494e-06
7.19748e-06
9.95748e-06
6.53829e-06
1.03521e-05
5.81401e-06
1.06736e-05
5.02535e-06
1.09195e-05
4.17174e-06
1.10905e-05
3.25097e-06
1.11931e-05
2.25939e-06
1.12438e-05
1.19484e-06
1.12691e-05
6.91517e-08
1.12949e-05
-1.06169e-06
-2.06449e-06
1.12793e-05
7.52235e-07
1.16972e-05
1.51308e-06
1.07093e-05
2.25697e-06
1.00182e-05
2.99367e-06
9.65146e-06
3.72654e-06
9.42129e-06
4.45153e-06
9.23057e-06
5.16143e-06
9.02954e-06
5.84827e-06
8.79135e-06
6.5042e-06
8.5016e-06
7.12172e-06
8.15313e-06
7.69353e-06
7.74311e-06
8.21245e-06
7.27127e-06
8.67115e-06
6.73878e-06
9.06199e-06
6.14745e-06
9.377e-06
5.499e-06
9.6081e-06
4.79426e-06
9.7478e-06
4.03206e-06
9.79112e-06
3.20767e-06
9.73933e-06
2.31121e-06
9.60812e-06
1.32603e-06
9.44073e-06
2.36493e-07
9.28569e-06
-9.06331e-07
-1.90497e-06
9.12641e-06
9.7795e-07
1.07191e-05
1.71714e-06
9.96996e-06
2.37406e-06
9.36117e-06
3.01889e-06
9.00652e-06
3.66637e-06
8.77372e-06
4.31371e-06
8.58316e-06
4.95329e-06
8.38988e-06
5.57638e-06
8.1682e-06
6.17407e-06
7.90385e-06
6.73757e-06
7.58959e-06
7.2581e-06
7.22254e-06
7.72673e-06
6.80261e-06
8.13407e-06
6.33142e-06
8.46996e-06
5.81154e-06
8.72312e-06
5.24583e-06
8.8809e-06
4.63649e-06
8.92927e-06
3.9837e-06
8.8538e-06
3.28317e-06
8.64277e-06
2.52226e-06
8.29601e-06
1.67282e-06
7.85423e-06
6.78455e-07
7.41793e-06
-4.70024e-07
-1.4201e-06
6.93331e-06
1.16399e-06
1.87538e-06
2.47609e-06
3.06736e-06
3.66669e-06
4.27096e-06
4.8722e-06
5.46113e-06
6.02818e-06
6.56371e-06
7.05802e-06
7.50108e-06
7.88222e-06
8.18965e-06
8.40986e-06
8.52685e-06
8.5211e-06
8.36878e-06
8.04257e-06
7.50872e-06
6.72981e-06
5.7461e-06
4.43254e-06
-7.65121e-06
6.3203e-06
-1.49069e-05
7.25565e-06
-2.52279e-05
1.0321e-05
1.75288e-05
-4.27568e-05
-2.23287e-05
1.02465e-05
-2.66368e-05
1.15638e-05
-3.00766e-05
1.37608e-05
1.70901e-05
-2.9638e-05
-2.67355e-05
1.21316e-05
-2.83806e-05
1.32087e-05
-2.91643e-05
1.45446e-05
1.61238e-05
-2.8198e-05
-2.88396e-05
1.29811e-05
-2.92682e-05
1.36374e-05
-2.90773e-05
1.43536e-05
1.50848e-05
-2.80383e-05
-3.01332e-05
1.33669e-05
-3.01517e-05
1.36559e-05
-2.97118e-05
1.39137e-05
1.40907e-05
-2.87177e-05
-3.06981e-05
1.35366e-05
-3.06078e-05
1.35658e-05
-3.02057e-05
1.35116e-05
1.32854e-05
-2.94005e-05
-3.04413e-05
1.34557e-05
-3.0214e-05
1.33384e-05
-2.98714e-05
1.31689e-05
1.26552e-05
-2.92412e-05
-2.96263e-05
1.27353e-05
-2.88783e-05
1.25903e-05
-2.84878e-05
1.27784e-05
1.21964e-05
-2.80292e-05
-2.89333e-05
1.1738e-05
-2.82418e-05
1.18987e-05
-2.76587e-05
1.2195e-05
1.09004e-05
-2.6363e-05
-2.87393e-05
1.40934e-05
-2.90435e-05
1.2203e-05
-2.68818e-05
1.00331e-05
8.43953e-06
-2.44214e-05
-3.59407e-05
1.47355e-05
-3.5622e-05
1.18841e-05
-3.50931e-05
9.5042e-06
8.02145e-06
-3.46753e-05
-4.00799e-05
1.41755e-05
-4.00035e-05
1.1808e-05
-4.03022e-05
9.80275e-06
8.33168e-06
-4.06125e-05
-4.47952e-05
1.31159e-05
-4.42212e-05
1.12341e-05
-4.39906e-05
9.5719e-06
8.16743e-06
-4.38268e-05
-4.63119e-05
1.18513e-05
-4.53712e-05
1.02934e-05
-4.46477e-05
8.84794e-06
7.58569e-06
-4.40666e-05
-4.45453e-05
1.03932e-05
-4.3285e-05
9.03293e-06
-4.21955e-05
7.75804e-06
6.66466e-06
-4.12752e-05
-3.99931e-05
8.80377e-06
-3.85401e-05
7.58e-06
-3.72212e-05
6.43855e-06
5.50987e-06
-3.60671e-05
-3.33547e-05
7.17048e-06
-3.18266e-05
6.05165e-06
-3.04187e-05
5.03024e-06
4.24577e-06
-2.91553e-05
-2.5213e-05
5.58487e-06
-2.37196e-05
4.55825e-06
-2.23261e-05
3.63616e-06
2.97383e-06
-2.10548e-05
-1.61656e-05
4.12922e-06
-1.47936e-05
3.186e-06
-1.35138e-05
2.35594e-06
1.78648e-06
-1.23271e-05
-6.76691e-06
2.87248e-06
-5.58121e-06
2.00042e-06
-4.46118e-06
1.23531e-06
7.28139e-07
-3.40342e-06
2.50668e-06
1.8407e-06
3.48577e-06
1.02099e-06
4.40945e-06
3.1131e-07
-1.4982e-07
5.28673e-06
1.11945e-05
1.02911e-06
1.19549e-05
2.60653e-07
1.26725e-05
-4.06848e-07
-8.30171e-07
1.33522e-05
1.88065e-05
4.27954e-07
1.93624e-05
-2.95621e-07
1.98765e-05
-9.21334e-07
-1.31905e-06
2.03648e-05
2.50583e-05
6.70709e-09
2.54394e-05
-6.76597e-07
2.57897e-05
-1.27224e-06
-1.64868e-06
2.61188e-05
2.97698e-05
-2.81316e-07
3.00201e-05
-9.27245e-07
3.02374e-05
-1.48984e-06
-1.84956e-06
3.04377e-05
3.29287e-05
-4.79803e-07
3.30914e-05
-1.08976e-06
3.32268e-05
-1.62578e-06
-1.96666e-06
3.33434e-05
3.46296e-05
-6.29003e-07
3.47433e-05
-1.20395e-06
3.48247e-05
-1.70746e-06
-2.02976e-06
3.48872e-05
3.50754e-05
-7.54883e-07
3.51667e-05
-1.295e-06
3.52289e-05
-1.77027e-06
-2.07023e-06
3.52689e-05
3.44923e-05
-8.75755e-07
3.45781e-05
-1.38125e-06
3.46306e-05
-1.82296e-06
-2.1003e-06
3.46601e-05
3.31293e-05
-9.97355e-07
3.32167e-05
-1.4684e-06
3.32737e-05
-1.88052e-06
-2.13268e-06
3.33057e-05
3.12005e-05
-1.12067e-06
3.12898e-05
-1.55817e-06
3.13456e-05
-1.93648e-06
-2.16478e-06
3.13772e-05
2.89007e-05
-1.24011e-06
2.89873e-05
-1.64453e-06
2.9044e-05
-1.99362e-06
-2.19771e-06
2.90766e-05
2.63713e-05
-1.3512e-06
2.64496e-05
-1.72316e-06
2.64965e-05
-2.04057e-06
-2.22306e-06
2.65215e-05
2.37349e-05
-1.44737e-06
2.37991e-05
-1.78699e-06
2.38352e-05
-2.07711e-06
-2.23881e-06
2.38508e-05
2.10752e-05
-1.52406e-06
2.11197e-05
-1.83192e-06
2.11351e-05
-2.09249e-06
-2.23607e-06
2.11321e-05
1.84633e-05
-1.57545e-06
1.8483e-05
-1.85123e-06
1.84759e-05
-2.08566e-06
-2.21164e-06
1.84514e-05
1.59373e-05
-1.59741e-06
1.59264e-05
-1.84062e-06
1.58873e-05
-2.04635e-06
-2.15591e-06
1.58314e-05
1.35243e-05
-1.58377e-06
1.34762e-05
-1.79211e-06
1.33992e-05
-1.96957e-06
-2.06194e-06
1.33052e-05
1.12199e-05
-1.5243e-06
1.11211e-05
-1.69368e-06
1.09884e-05
-1.83666e-06
-1.91191e-06
1.08383e-05
8.99857e-06
-1.39636e-06
8.82215e-06
-1.5168e-06
8.60164e-06
-1.61633e-06
-1.67859e-06
8.36837e-06
6.74237e-06
-1.2053e-06
6.45689e-06
-1.23162e-06
6.06556e-06
-1.22482e-06
-1.2958e-06
5.68288e-06
3.88048e-06
3.35588e-06
2.87922e-06
2.49262e-06
-1.67271e-05
6.17954e-05
-1.24254e-05
6.39919e-05
-1.2949e-05
5.26979e-05
-1.49237e-05
3.63772e-05
-1.84231e-05
1.91343e-05
-2.16776e-05
4.23911e-06
-2.33855e-05
-7.65622e-06
-2.24999e-05
-1.6653e-05
-1.97892e-05
-2.50014e-05
-1.68948e-05
-3.29374e-05
-1.37251e-05
-3.786e-05
-1.01825e-05
-3.8569e-05
-5.93686e-06
-3.57219e-05
-1.69619e-06
-3.23624e-05
1.67125e-06
-3.07232e-05
4.60602e-06
-2.80059e-05
9.10809e-06
-2.1995e-05
1.21738e-05
-5.70052e-06
3.21908e-05
-1.96433e-05
5.18006e-05
-9.9322e-06
5.42808e-05
-5.17134e-06
4.79369e-05
-4.7501e-06
3.5956e-05
-7.04848e-06
2.14326e-05
-9.57137e-06
6.76195e-06
-1.09042e-05
-6.32344e-06
-1.04392e-05
-1.7118e-05
-8.72431e-06
-2.67164e-05
-6.97338e-06
-3.46884e-05
-5.38738e-06
-3.9446e-05
-3.77877e-06
-4.01776e-05
-1.90969e-06
-3.75911e-05
-2.81402e-07
-3.39907e-05
9.90742e-08
-3.11037e-05
6.01561e-07
-2.85084e-05
2.36687e-06
-2.37604e-05
5.69405e-06
-9.0277e-06
3.78849e-05
-2.01537e-05
4.37563e-05
-1.14231e-05
4.55502e-05
-4.61201e-06
4.11258e-05
-6.67432e-07
3.20114e-05
6.7605e-07
2.00891e-05
2.73669e-07
7.16428e-06
-5.38434e-07
-5.51136e-06
-4.83323e-07
-1.71731e-05
2.79607e-07
-2.74793e-05
1.07556e-06
-3.54844e-05
1.62251e-06
-3.99929e-05
1.82774e-06
-4.03828e-05
1.68658e-06
-3.74499e-05
3.99807e-07
-3.2704e-05
-2.69138e-06
-2.80125e-05
-6.06636e-06
-2.51334e-05
-6.86387e-06
-2.29629e-05
-4.26665e-06
-1.16249e-05
3.36182e-05
-2.21598e-05
3.78779e-05
-1.46368e-05
3.80272e-05
-7.62253e-06
3.41116e-05
-2.21128e-06
2.66001e-05
1.38613e-06
1.64916e-05
3.61258e-06
4.93781e-06
5.0752e-06
-6.97401e-06
6.2009e-06
-1.82988e-05
7.00779e-06
-2.82862e-05
7.50235e-06
-3.59789e-05
7.78774e-06
-4.02783e-05
7.50494e-06
-4.01e-05
5.62002e-06
-3.55649e-05
1.0753e-06
-2.8159e-05
-6.91806e-06
-2.0019e-05
-1.52554e-05
-1.67961e-05
-1.8877e-05
-1.93413e-05
-1.59587e-05
-1.45432e-05
1.76596e-05
-2.42812e-05
3.34414e-05
-1.80701e-05
3.18161e-05
-1.15652e-05
2.76066e-05
-5.72674e-06
2.07616e-05
-9.45801e-07
1.17107e-05
2.81773e-06
1.17427e-06
5.79195e-06
-9.94824e-06
8.20205e-06
-2.0709e-05
1.01017e-05
-3.01859e-05
1.14074e-05
-3.72845e-05
1.20851e-05
-4.09556e-05
1.14147e-05
-3.94292e-05
8.10149e-06
-3.22511e-05
-1.98725e-07
-1.98587e-05
-1.41926e-05
-6.02504e-06
-2.76199e-05
-3.36879e-06
-3.12191e-05
-1.57421e-05
-2.59746e-05
-1.97876e-05
-8.31483e-06
-2.59103e-05
2.99512e-05
-2.07787e-05
2.66844e-05
-1.49401e-05
2.17679e-05
-9.19117e-06
1.50127e-05
-3.94862e-06
6.46813e-06
7.43484e-07
-3.51782e-06
4.8816e-06
-1.40863e-05
8.4938e-06
-2.4321e-05
1.13064e-05
-3.2998e-05
1.33266e-05
-3.93041e-05
1.44234e-05
-4.20522e-05
1.37352e-05
-3.87404e-05
7.32165e-06
-2.58365e-05
-8.90584e-06
-3.6293e-06
-2.78788e-05
1.29479e-05
-4.20066e-05
1.07587e-05
-3.99068e-05
-1.78414e-05
-3.08704e-05
-2.88233e-05
-3.9185e-05
-2.65524e-05
2.72624e-05
-2.2265e-05
2.2397e-05
-1.69723e-05
1.64752e-05
-1.13485e-05
9.38881e-06
-5.9116e-06
1.03132e-06
-7.37554e-07
-8.69168e-06
4.18049e-06
-1.9004e-05
8.98318e-06
-2.91235e-05
1.36596e-05
-3.76742e-05
1.66494e-05
-4.22929e-05
1.25545e-05
-3.79554e-05
1.29402e-06
-2.74785e-05
-1.59941e-05
-8.5467e-06
-3.87184e-05
1.90943e-05
-3.93654e-05
1.35943e-05
-3.10102e-05
2.40377e-06
-2.82783e-05
-2.05734e-05
-2.63842e-05
-3.07168e-05
-6.55688e-05
-2.59198e-05
2.51526e-05
-2.22343e-05
1.87112e-05
-1.72706e-05
1.15113e-05
-1.14956e-05
3.61383e-06
-5.02678e-06
-5.43743e-06
1.64208e-06
-1.53604e-05
8.81752e-06
-2.61791e-05
1.42663e-05
-3.45712e-05
1.28104e-05
-3.62172e-05
1.25774e-06
-3.0739e-05
-1.22688e-05
-2.44291e-05
-2.42984e-05
-1.54494e-05
-3.70686e-05
4.22232e-06
-3.87487e-05
2.07722e-05
-3.09899e-05
5.83508e-06
-1.95912e-05
-8.99508e-06
-1.5763e-05
-2.44017e-05
-9.54824e-06
-3.69323e-05
-7.51179e-05
-2.27857e-05
2.15745e-05
-1.86631e-05
1.45878e-05
-1.31786e-05
6.02621e-06
-6.14609e-06
-3.41907e-06
1.36911e-06
-1.29526e-05
5.09113e-06
-1.90819e-05
-1.81425e-06
-1.92729e-05
-1.15492e-05
-2.48362e-05
-2.11741e-05
-2.65925e-05
-2.80226e-05
-2.38912e-05
-3.26939e-05
-1.97597e-05
-3.54751e-05
-1.26696e-05
-3.48323e-05
3.57741e-06
-2.64467e-05
1.23859e-05
-2.02207e-05
-3.9128e-07
-1.32434e-05
-1.59726e-05
-9.13384e-06
-2.85115e-05
1.14061e-07
-4.61817e-05
-7.50043e-05
-1.99961e-05
1.71479e-05
-1.75146e-05
1.21055e-05
-1.77495e-05
6.26072e-06
-1.78178e-05
-3.35085e-06
-1.86042e-05
-1.2166e-05
-2.09032e-05
-1.67829e-05
-2.3623e-05
-1.65533e-05
-2.98974e-05
-1.85629e-05
-3.58446e-05
-2.06464e-05
-3.91998e-05
-2.05377e-05
-4.00593e-05
-1.89008e-05
-3.93781e-05
-1.33511e-05
-3.23296e-05
-3.47148e-06
-2.02094e-05
2.65224e-07
-1.29812e-05
-7.6198e-06
-8.24262e-06
-2.07115e-05
-2.08791e-06
-3.46669e-05
2.41386e-06
-5.06837e-05
-7.25909e-05
-3.36308e-05
1.61031e-05
-3.21935e-05
1.06685e-05
-3.0288e-05
4.35583e-06
-3.05861e-05
-3.05224e-06
-3.26564e-05
-1.00955e-05
-3.50938e-05
-1.43459e-05
-3.69e-05
-1.47479e-05
-3.92503e-05
-1.62129e-05
-4.1288e-05
-1.86091e-05
-4.20937e-05
-1.97325e-05
-4.20252e-05
-1.89695e-05
-3.97289e-05
-1.56477e-05
-3.19868e-05
-1.12137e-05
-2.12899e-05
-1.04319e-05
-1.23165e-05
-1.65935e-05
-5.90178e-06
-2.71265e-05
-1.2316e-06
-3.93373e-05
1.56043e-06
-5.34764e-05
-7.10303e-05
-4.05518e-05
1.60425e-05
-3.98413e-05
9.95877e-06
-3.91541e-05
3.66945e-06
-3.95011e-05
-2.70475e-06
-4.08497e-05
-8.74676e-06
-4.2265e-05
-1.29306e-05
-4.23362e-05
-1.46769e-05
-4.21984e-05
-1.63509e-05
-4.22174e-05
-1.85903e-05
-4.1844e-05
-2.0106e-05
-4.04002e-05
-2.04135e-05
-3.66841e-05
-1.93638e-05
-2.97586e-05
-1.81394e-05
-2.0843e-05
-1.93477e-05
-1.26632e-05
-2.47734e-05
-6.42472e-06
-3.33653e-05
-1.94206e-06
-4.38202e-05
4.98513e-07
-5.59168e-05
-7.05323e-05
-4.36022e-05
1.58173e-05
-4.30603e-05
9.41698e-06
-4.25052e-05
3.11464e-06
-4.22545e-05
-2.9552e-06
-4.25255e-05
-8.47559e-06
-4.2806e-05
-1.26501e-05
-4.2224e-05
-1.52589e-05
-4.11329e-05
-1.74421e-05
-3.99818e-05
-1.97414e-05
-3.84653e-05
-2.16226e-05
-3.60881e-05
-2.27909e-05
-3.21044e-05
-2.33476e-05
-2.6151e-05
-2.40929e-05
-1.89773e-05
-2.65215e-05
-1.21782e-05
-3.15727e-05
-6.63755e-06
-3.8906e-05
-2.60828e-06
-4.78495e-05
-2.81592e-07
-5.82441e-05
-7.08137e-05
-4.30307e-05
1.47805e-05
-4.20412e-05
8.42733e-06
-4.1109e-05
2.18262e-06
-4.03826e-05
-3.68144e-06
-3.99316e-05
-8.92655e-06
-3.94268e-05
-1.31548e-05
-3.8382e-05
-1.63038e-05
-3.68747e-05
-1.89494e-05
-3.51559e-05
-2.14603e-05
-3.30941e-05
-2.36846e-05
-3.03648e-05
-2.55203e-05
-2.65742e-05
-2.71383e-05
-2.15822e-05
-2.90851e-05
-1.5913e-05
-3.21909e-05
-1.04723e-05
-3.70136e-05
-5.90984e-06
-4.34687e-05
-2.51707e-06
-5.12426e-05
-4.5398e-07
-6.0307e-05
-7.12682e-05
-3.95338e-05
1.30381e-05
-3.80493e-05
6.94254e-06
-3.67175e-05
8.50841e-07
-3.55795e-05
-4.81937e-06
-3.46241e-05
-9.88193e-06
-3.36295e-05
-1.41493e-05
-3.23113e-05
-1.7622e-05
-3.06539e-05
-2.06068e-05
-2.87532e-05
-2.33611e-05
-2.65455e-05
-2.58923e-05
-2.38498e-05
-2.82162e-05
-2.04803e-05
-3.05079e-05
-1.64285e-05
-3.31371e-05
-1.2026e-05
-3.65935e-05
-7.82757e-06
-4.12123e-05
-4.29186e-06
-4.70045e-05
-1.68667e-06
-5.38478e-05
-1.82138e-07
-6.18123e-05
-7.14501e-05
-3.38495e-05
1.08195e-05
-3.19808e-05
5.07349e-06
-3.03408e-05
-7.89268e-07
-2.89235e-05
-6.23667e-06
-2.76716e-05
-1.11337e-05
-2.64268e-05
-1.53942e-05
-2.50078e-05
-1.9041e-05
-2.33622e-05
-2.22526e-05
-2.1515e-05
-2.52084e-05
-1.94287e-05
-2.79788e-05
-1.70115e-05
-3.06336e-05
-1.41906e-05
-3.33291e-05
-1.10083e-05
-3.63195e-05
-7.69774e-06
-3.99043e-05
-4.61567e-06
-4.42946e-05
-2.0893e-06
-4.95312e-05
-3.53642e-07
-5.55838e-05
4.51332e-07
-6.2617e-05
-7.09995e-05
-2.6651e-05
8.31416e-06
-2.45543e-05
2.97637e-06
-2.27474e-05
-2.59619e-06
-2.11979e-05
-7.78622e-06
-1.98292e-05
-1.25024e-05
-1.85192e-05
-1.67042e-05
-1.71416e-05
-2.04188e-05
-1.56363e-05
-2.3758e-05
-1.39949e-05
-2.685e-05
-1.21929e-05
-2.97809e-05
-1.01904e-05
-3.26363e-05
-7.97341e-06
-3.55463e-05
-5.60538e-06
-3.86878e-05
-3.25977e-06
-4.22502e-05
-1.18322e-06
-4.63714e-05
3.75745e-07
-5.10903e-05
1.21846e-06
-5.64267e-05
1.17619e-06
-6.25757e-05
-6.9823e-05
-1.84942e-05
5.75252e-06
-1.6335e-05
8.1671e-07
-1.45157e-05
-4.4156e-06
-1.29786e-05
-9.32333e-06
-1.16432e-05
-1.38379e-05
-1.04112e-05
-1.79363e-05
-9.18818e-06
-2.16419e-05
-7.91807e-06
-2.50282e-05
-6.5804e-06
-2.81878e-05
-5.15901e-06
-3.12025e-05
-3.64255e-06
-3.4153e-05
-2.04677e-06
-3.71424e-05
-4.4066e-07
-4.02942e-05
1.03866e-06
-4.37298e-05
2.20443e-06
-4.75374e-05
2.86494e-06
-5.17512e-05
2.83661e-06
-5.63988e-05
1.9393e-06
-6.1678e-05
-6.78845e-05
-9.88337e-06
3.30774e-06
-7.80437e-06
-1.2627e-06
-6.10687e-06
-6.11321e-06
-4.70557e-06
-1.07247e-05
-3.52137e-06
-1.50222e-05
-2.47413e-06
-1.89837e-05
-1.49057e-06
-2.26256e-05
-5.21917e-07
-2.5997e-05
4.54646e-07
-2.91646e-05
1.44749e-06
-3.21956e-05
2.45123e-06
-3.5157e-05
3.43562e-06
-3.8127e-05
4.33197e-06
-4.11909e-05
5.02758e-06
-4.44257e-05
5.37421e-06
-4.78844e-05
5.20965e-06
-5.15868e-05
4.37766e-06
-5.55669e-05
2.70536e-06
-6.00069e-05
-6.51788e-05
-1.1079e-06
1.01116e-06
6.57634e-07
-3.02866e-06
2.11222e-06
-7.56793e-06
3.28825e-06
-1.19008e-05
4.23989e-06
-1.5974e-05
5.03199e-06
-1.9776e-05
5.72177e-06
-2.33155e-05
6.34899e-06
-2.66245e-05
6.93272e-06
-2.97486e-05
7.47493e-06
-3.27381e-05
7.96258e-06
-3.56449e-05
8.36021e-06
-3.8525e-05
8.60288e-06
-4.14338e-05
8.59386e-06
-4.44171e-05
8.21004e-06
-4.75009e-05
7.31822e-06
-5.06954e-05
5.76673e-06
-5.4016e-05
3.38299e-06
-5.76228e-05
-6.17968e-05
7.13785e-06
-8.40964e-07
8.66527e-06
-4.55648e-06
9.83706e-06
-8.73986e-06
1.07255e-05
-1.27893e-05
1.13893e-05
-1.6638e-05
1.18809e-05
-2.02677e-05
1.22445e-05
-2.36794e-05
1.25109e-05
-2.68911e-05
1.26941e-05
-2.9932e-05
1.27923e-05
-3.28366e-05
1.2788e-05
-3.56408e-05
1.26438e-05
-3.83811e-05
1.22992e-05
-4.10896e-05
1.16699e-05
-4.37881e-05
1.06518e-05
-4.64832e-05
9.1216e-06
-4.91655e-05
6.94865e-06
-5.18432e-05
3.97094e-06
-5.46464e-05
-5.78255e-05
1.47936e-05
-2.2834e-06
1.59366e-05
-5.69985e-06
1.67754e-05
-9.5788e-06
1.73512e-05
-1.33652e-05
1.7709e-05
-1.69959e-05
1.78891e-05
-2.0448e-05
1.79249e-05
-2.37154e-05
1.78389e-05
-2.68053e-05
1.76401e-05
-2.97335e-05
1.73235e-05
-3.25203e-05
1.68693e-05
-3.51869e-05
1.62404e-05
-3.77526e-05
1.53815e-05
-4.02309e-05
1.42176e-05
-4.26246e-05
1.26564e-05
-4.49222e-05
1.05947e-05
-4.71042e-05
7.90323e-06
-4.91523e-05
4.42375e-06
-5.11666e-05
-5.34029e-05
2.14159e-05
-3.33547e-06
2.21993e-05
-6.48365e-06
2.27133e-05
-1.00929e-05
2.29855e-05
-1.36375e-05
2.30489e-05
-1.70595e-05
2.29335e-05
-2.03328e-05
2.26635e-05
-2.34457e-05
2.22544e-05
-2.63964e-05
2.17106e-05
-2.91899e-05
2.10245e-05
-3.18345e-05
2.01753e-05
-3.4338e-05
1.91279e-05
-3.67056e-05
1.78315e-05
-3.89349e-05
1.62201e-05
-4.10135e-05
1.42137e-05
-4.29162e-05
1.17135e-05
-4.46043e-05
8.61137e-06
-4.60504e-05
4.76534e-06
-4.7322e-05
-4.86371e-05
2.68086e-05
-4.02619e-06
2.72774e-05
-6.95285e-06
2.75047e-05
-1.03204e-05
2.75091e-05
-1.36421e-05
2.7314e-05
-1.68645e-05
2.69404e-05
-1.99594e-05
2.64051e-05
-2.29106e-05
2.57178e-05
-2.57094e-05
2.48793e-05
-2.83516e-05
2.388e-05
-3.08355e-05
2.26993e-05
-3.31577e-05
2.13045e-05
-3.53112e-05
1.96503e-05
-3.7281e-05
1.7678e-05
-3.90417e-05
1.53163e-05
-4.05548e-05
1.2485e-05
-4.17736e-05
9.07868e-06
-4.26447e-05
4.96347e-06
-4.32063e-05
-4.36748e-05
3.08592e-05
-4.44855e-06
3.10781e-05
-7.17217e-06
3.10777e-05
-1.03202e-05
3.08686e-05
-1.34332e-05
3.04665e-05
-1.64626e-05
2.98859e-05
-1.9379e-05
2.91376e-05
-2.21626e-05
2.82269e-05
-2.47988e-05
2.71516e-05
-2.72766e-05
2.59013e-05
-2.95855e-05
2.44563e-05
-3.17131e-05
2.2787e-05
-3.36422e-05
2.08533e-05
-3.53476e-05
1.86048e-05
-3.67936e-05
1.59816e-05
-3.7932e-05
1.2908e-05
-3.87003e-05
9.30155e-06
-3.90383e-05
5.04997e-06
-3.89564e-05
-3.86244e-05
3.35598e-05
-4.6659e-06
3.36011e-05
-7.21385e-06
3.34381e-05
-1.01573e-05
3.30761e-05
-1.30714e-05
3.25251e-05
-1.59117e-05
3.17941e-05
-1.86483e-05
3.08896e-05
-2.12582e-05
2.98133e-05
-2.37228e-05
2.85614e-05
-2.6025e-05
2.71233e-05
-2.81477e-05
2.54809e-05
-3.0071e-05
2.3608e-05
-3.17696e-05
2.14705e-05
-3.32105e-05
1.90259e-05
-3.43494e-05
1.62229e-05
-3.51294e-05
1.30058e-05
-3.54836e-05
9.29777e-06
-3.53311e-05
5.00008e-06
-3.46582e-05
-3.36256e-05
3.49906e-05
-4.77001e-06
3.49216e-05
-7.14525e-06
3.46586e-05
-9.89447e-06
3.42021e-05
-1.26151e-05
3.35579e-05
-1.52676e-05
3.2731e-05
-1.78216e-05
3.17245e-05
-2.0252e-05
3.05382e-05
-2.25367e-05
2.91671e-05
-2.46542e-05
2.7601e-05
-2.65819e-05
2.58238e-05
-2.82941e-05
2.38135e-05
-2.97597e-05
2.15419e-05
-3.09392e-05
1.89752e-05
-3.1783e-05
1.60745e-05
-3.22291e-05
1.27903e-05
-3.21997e-05
9.0721e-06
-3.1613e-05
4.84772e-06
-3.04355e-05
-2.87773e-05
3.53026e-05
-4.80447e-06
3.51774e-05
-7.02037e-06
3.4864e-05
-9.58131e-06
3.4361e-05
-1.21122e-05
3.36703e-05
-1.45771e-05
3.27941e-05
-1.69456e-05
3.1733e-05
-1.91912e-05
3.04852e-05
-2.12893e-05
2.90456e-05
-2.32148e-05
2.74047e-05
-2.49413e-05
2.55491e-05
-2.64388e-05
2.34607e-05
-2.76717e-05
2.1118e-05
-2.85968e-05
1.84955e-05
-2.91608e-05
1.5564e-05
-2.92979e-05
1.22958e-05
-2.8932e-05
8.64994e-06
-2.79679e-05
4.57404e-06
-2.6359e-05
-2.42046e-05
3.4679e-05
-4.82399e-06
3.45352e-05
-6.87693e-06
3.42081e-05
-9.25433e-06
3.36936e-05
-1.15979e-05
3.29914e-05
-1.3875e-05
3.21014e-05
-1.60558e-05
3.10228e-05
-1.81129e-05
2.9753e-05
-2.00197e-05
2.82869e-05
-2.17489e-05
2.66162e-05
-2.3271e-05
2.47302e-05
-2.4553e-05
2.26153e-05
-2.55571e-05
2.0256e-05
-2.62378e-05
1.76358e-05
-2.65409e-05
1.47388e-05
-2.64013e-05
1.15455e-05
-2.5739e-05
8.04385e-06
-2.44663e-05
4.21404e-06
-2.25309e-05
-1.999e-05
3.3317e-05
-4.83605e-06
3.31761e-05
-6.73631e-06
3.28557e-05
-8.93404e-06
3.23508e-05
-1.10931e-05
3.16593e-05
-1.31837e-05
3.07797e-05
-1.51764e-05
2.97103e-05
-1.70436e-05
2.84479e-05
-1.87576e-05
2.6988e-05
-2.02891e-05
2.53239e-05
-2.16071e-05
2.34474e-05
-2.26768e-05
2.13494e-05
-2.34593e-05
1.90204e-05
-2.39091e-05
1.64525e-05
-2.39732e-05
1.36396e-05
-2.35887e-05
1.05844e-05
-2.26843e-05
7.28801e-06
-2.11706e-05
3.75691e-06
-1.89991e-05
-1.62343e-05
3.14015e-05
-4.8609e-06
3.12713e-05
-6.60637e-06
3.09663e-05
-8.62915e-06
3.04806e-05
-1.06074e-05
2.98111e-05
-1.25143e-05
2.89558e-05
-1.43213e-05
2.79125e-05
-1.60004e-05
2.6678e-05
-1.75233e-05
2.52486e-05
-1.88599e-05
2.36193e-05
-1.9978e-05
2.17847e-05
-2.08424e-05
1.97396e-05
-2.14144e-05
1.74805e-05
-2.16502e-05
1.50072e-05
-2.15002e-05
1.23265e-05
-2.09083e-05
9.44956e-06
-1.98075e-05
6.40692e-06
-1.81279e-05
3.24261e-06
-1.58364e-05
-1.2991e-05
2.90989e-05
-4.88375e-06
2.89772e-05
-6.48493e-06
2.86857e-05
-8.33772e-06
2.82193e-05
-1.01411e-05
2.75748e-05
-1.18699e-05
2.67498e-05
-1.34964e-05
2.57421e-05
-1.49928e-05
2.4549e-05
-1.63304e-05
2.31676e-05
-1.74787e-05
2.1595e-05
-1.84055e-05
1.98283e-05
-1.90759e-05
1.78663e-05
-1.94526e-05
1.57107e-05
-1.94948e-05
1.33686e-05
-1.91583e-05
1.08548e-05
-1.83946e-05
8.20045e-06
-1.71535e-05
5.44887e-06
-1.5377e-05
2.67316e-06
-1.30597e-05
-1.03189e-05
2.65447e-05
-4.90739e-06
2.64237e-05
-6.36408e-06
2.61393e-05
-8.05331e-06
2.56874e-05
-9.68921e-06
2.50656e-05
-1.12481e-05
2.42718e-05
-1.27027e-05
2.33043e-05
-1.40253e-05
2.21611e-05
-1.51873e-05
2.08407e-05
-1.61584e-05
1.93419e-05
-1.69068e-05
1.76648e-05
-1.73989e-05
1.58116e-05
-1.75995e-05
1.37888e-05
-1.74721e-05
1.16095e-05
-1.69791e-05
9.29793e-06
-1.60833e-05
6.89046e-06
-1.47461e-05
4.45503e-06
-1.29413e-05
2.0993e-06
-1.07054e-05
-8.21871e-06
2.3852e-05
-4.90894e-06
2.37202e-05
-6.23237e-06
2.34325e-05
-7.76563e-06
2.29874e-05
-9.24405e-06
2.23835e-05
-1.06442e-05
2.16197e-05
-1.19388e-05
2.06948e-05
-1.31004e-05
1.9608e-05
-1.41004e-05
1.83589e-05
-1.49093e-05
1.69486e-05
-1.54965e-05
1.53799e-05
-1.58301e-05
1.36584e-05
-1.58781e-05
1.17947e-05
-1.56085e-05
9.80673e-06
-1.49912e-05
7.72292e-06
-1.39995e-05
5.59307e-06
-1.26164e-05
3.4892e-06
-1.08379e-05
1.53846e-06
-8.75349e-06
-6.68114e-06
2.11069e-05
-4.88386e-06
2.09512e-05
-6.07669e-06
2.06497e-05
-7.46407e-06
2.02035e-05
-8.79774e-06
1.96131e-05
-1.00537e-05
1.88783e-05
-1.1204e-05
1.79988e-05
-1.22208e-05
1.69747e-05
-1.30762e-05
1.58071e-05
-1.37417e-05
1.44991e-05
-1.41884e-05
1.30563e-05
-1.43872e-05
1.14875e-05
-1.43093e-05
9.80698e-06
-1.39279e-05
8.03611e-06
-1.32203e-05
6.208e-06
-1.21713e-05
4.36913e-06
-1.07774e-05
2.60244e-06
-9.07083e-06
1.04899e-06
-7.20116e-06
-5.63124e-06
1.83748e-05
-4.80737e-06
1.81807e-05
-5.88261e-06
1.78545e-05
-7.13775e-06
1.74009e-05
-8.34408e-06
1.68221e-05
-9.47471e-06
1.61183e-05
-1.05e-05
1.52895e-05
-1.13919e-05
1.43366e-05
-1.21232e-05
1.32621e-05
-1.26671e-05
1.20708e-05
-1.29971e-05
1.07709e-05
-1.30871e-05
9.37439e-06
-1.29127e-05
7.89855e-06
-1.2452e-05
6.36732e-06
-1.16889e-05
4.81323e-06
-1.06171e-05
3.28617e-06
-9.25037e-06
1.85468e-06
-7.63961e-06
6.47829e-07
-5.99312e-06
-4.98424e-06
1.5693e-05
-4.66905e-06
1.54465e-05
-5.63603e-06
1.5088e-05
-6.7791e-06
1.46254e-05
-7.88131e-06
1.40611e-05
-8.91026e-06
1.3395e-05
-9.83383e-06
1.26268e-05
-1.06236e-05
1.17574e-05
-1.12537e-05
1.07901e-05
-1.16996e-05
9.73127e-06
-1.19381e-05
8.59098e-06
-1.19467e-05
7.38393e-06
-1.17055e-05
6.13001e-06
-1.11979e-05
4.85521e-06
-1.0414e-05
3.59286e-06
-9.35473e-06
2.38013e-06
-8.03748e-06
1.27436e-06
-6.53347e-06
3.76753e-07
-5.09659e-06
-4.60663e-06
1.30742e-05
-4.43811e-06
1.27618e-05
-5.32356e-06
1.23682e-05
-6.38541e-06
1.19017e-05
-7.41465e-06
1.13624e-05
-8.37078e-06
1.07478e-05
-9.21903e-06
1.00558e-05
-9.93154e-06
9.28687e-06
-1.04846e-05
8.44418e-06
-1.08568e-05
7.53478e-06
-1.10285e-05
6.57003e-06
-1.09819e-05
5.56622e-06
-1.07016e-05
4.54522e-06
-1.01768e-05
3.53449e-06
-9.40319e-06
2.56531e-06
-8.38541e-06
1.67284e-06
-7.14504e-06
8.80519e-07
-5.74145e-06
2.31024e-07
-4.44592e-06
-4.37639e-06
1.04918e-05
-4.09166e-06
1.01073e-05
-4.93892e-06
9.6874e-06
-5.96537e-06
9.23388e-06
-6.961e-06
8.74014e-06
-7.87691e-06
8.19888e-06
-8.67765e-06
7.60542e-06
-9.33797e-06
6.95857e-06
-9.83762e-06
6.26096e-06
-1.01591e-05
5.51928e-06
-1.02868e-05
4.74474e-06
-1.02072e-05
3.95369e-06
-9.91041e-06
3.16828e-06
-9.3913e-06
2.41693e-06
-8.65176e-06
1.73315e-06
-7.70163e-06
1.14233e-06
-6.55414e-06
6.49482e-07
-5.24816e-06
2.28973e-07
-4.02646e-06
-4.14646e-06
7.87261e-06
-3.59578e-06
7.42934e-06
-4.49541e-06
7.01285e-06
-5.5486e-06
6.60634e-06
-6.55419e-06
6.19121e-06
-7.46149e-06
5.75405e-06
-8.2402e-06
5.28723e-06
-8.87085e-06
4.78806e-06
-9.33817e-06
4.25805e-06
-9.62879e-06
3.70262e-06
-9.73102e-06
3.13125e-06
-9.63555e-06
2.55813e-06
-9.337e-06
2.00311e-06
-8.83599e-06
1.4927e-06
-8.14107e-06
1.05925e-06
-7.26786e-06
7.38891e-07
-6.23348e-06
5.23432e-07
-5.03275e-06
3.31368e-07
-3.83271e-06
-3.81438e-06
5.08224e-06
-2.99489e-06
4.64351e-06
-4.05638e-06
4.29569e-06
-5.20045e-06
3.99136e-06
-6.24953e-06
3.70016e-06
-7.16994e-06
3.40495e-06
-7.94464e-06
3.09719e-06
-8.56274e-06
2.77371e-06
-9.01433e-06
2.43503e-06
-9.28975e-06
2.08466e-06
-9.38028e-06
1.72901e-06
-9.27953e-06
1.3779e-06
-8.9855e-06
1.04543e-06
-8.50313e-06
7.5149e-07
-7.84673e-06
5.24906e-07
-7.04087e-06
4.05299e-07
-6.11344e-06
4.3178e-07
-5.05829e-06
4.90425e-07
-3.89062e-06
-3.32374e-06
1.96607e-06
1.68799e-06
1.51335e-06
1.38283e-06
1.26792e-06
1.15611e-06
1.04221e-06
9.24475e-07
8.03028e-07
6.79291e-07
5.55907e-07
4.36965e-07
3.28606e-07
2.40285e-07
1.86324e-07
1.93022e-07
3.49865e-07
1.19905e-06
)
;

boundaryField
{
    leftWall
    {
        type            calculated;
        value           uniform 0;
    }
    rightWall
    {
        type            calculated;
        value           uniform 0;
    }
    lowerWall
    {
        type            calculated;
        value           uniform 0;
    }
    atmosphere
    {
        type            calculated;
        value           nonuniform List<scalar> 
46
(
9.55503e-06
9.25849e-06
8.7604e-06
8.41519e-06
8.17434e-06
7.97883e-06
7.7886e-06
7.57923e-06
7.33678e-06
7.05404e-06
6.72821e-06
6.35953e-06
5.95026e-06
5.50411e-06
5.02561e-06
4.51951e-06
3.98947e-06
3.43551e-06
2.84849e-06
2.20671e-06
1.4574e-06
5.13788e-07
-1.0636e-07
-6.53168e-07
-7.06721e-07
-7.48034e-07
-9.09133e-07
-2.46826e-06
-3.7782e-06
-5.0257e-06
-6.1189e-06
-7.05492e-06
-7.83272e-06
-8.44873e-06
-8.89648e-06
-9.16819e-06
-9.25643e-06
-9.15603e-06
-8.86644e-06
-8.39464e-06
-7.75828e-06
-6.98677e-06
-6.11998e-06
-5.21498e-06
-4.73967e-06
-2.12471e-06
)
;
    }
    defaultFaces
    {
        type            empty;
    }
}


// ************************************************************************* //
