/*--------------------------------*- C++ -*----------------------------------*\
  =========                 |
  \\      /  F ield         | OpenFOAM: The Open Source CFD Toolbox
   \\    /   O peration     | Website:  https://openfoam.org
    \\  /    A nd           | Version:  13
     \\/     M anipulation  |
\*---------------------------------------------------------------------------*/
FoamFile
{
    format      ascii;
    class       volVectorField;
    location    "1.95";
    object      U;
}
// * * * * * * * * * * * * * * * * * * * * * * * * * * * * * * * * * * * * * //

dimensions      [0 1 -1 0 0 0 0];

internalField   nonuniform List<vector> 
2268
(
(-0.00370606 0.00276153 0)
(-0.0173599 0.00792389 0)
(-0.0460868 0.00928632 0)
(-0.0715194 0.00818572 0)
(-0.0925728 0.00657052 0)
(-0.108507 0.00480504 0)
(-0.119231 0.00308746 0)
(-0.125105 0.00150485 0)
(-0.126657 8.27599e-05 0)
(-0.124456 -0.00115563 0)
(-0.1192 -0.00218597 0)
(-0.111588 -0.00298731 0)
(-0.102314 -0.00357011 0)
(-0.0919269 -0.00401495 0)
(-0.0806973 -0.00443666 0)
(-0.068681 -0.00488766 0)
(-0.0559218 -0.00533675 0)
(-0.0425296 -0.00575543 0)
(-0.0286644 -0.00611221 0)
(-0.0147489 -0.00616683 0)
(-0.00214182 -0.00540463 0)
(0.00917562 -0.00226034 0)
(0.0062244 0.00208782 0)
(-0.0089637 0.00701577 0)
(-0.0267781 0.0171512 0)
(-0.0525703 0.0190268 0)
(-0.0753474 0.016714 0)
(-0.0937213 0.0132332 0)
(-0.107166 0.0094444 0)
(-0.115687 0.00577479 0)
(-0.11968 0.002431 0)
(-0.119698 -0.000496317 0)
(-0.116413 -0.00293432 0)
(-0.110543 -0.00486379 0)
(-0.102727 -0.00628498 0)
(-0.0935645 -0.00725051 0)
(-0.0835489 -0.00790245 0)
(-0.0729948 -0.00841244 0)
(-0.0620808 -0.00886438 0)
(-0.0509638 -0.00924667 0)
(-0.0398127 -0.00954518 0)
(-0.0287975 -0.00969384 0)
(-0.0182143 -0.00933441 0)
(-0.00890696 -0.00773592 0)
(-0.000555352 -0.00328458 0)
(0.000833226 0.0051895 0)
(-0.0141027 0.0162003 0)
(-0.0329159 0.0278031 0)
(-0.0559717 0.0291359 0)
(-0.0760603 0.0253257 0)
(-0.0920042 0.0198011 0)
(-0.103428 0.0138647 0)
(-0.11038 0.00816462 0)
(-0.113236 0.00301431 0)
(-0.11252 -0.00143002 0)
(-0.10891 -0.00505782 0)
(-0.103064 -0.00790304 0)
(-0.0955326 -0.00999451 0)
(-0.0868319 -0.0114144 0)
(-0.0774069 -0.0123516 0)
(-0.0675855 -0.0130256 0)
(-0.0576084 -0.0135445 0)
(-0.0477005 -0.0139013 0)
(-0.0380797 -0.0140885 0)
(-0.0289356 -0.0140287 0)
(-0.0204859 -0.0133077 0)
(-0.0132352 -0.0110989 0)
(-0.00663428 -0.00591603 0)
(-0.0038147 0.00342121 0)
(-0.017548 0.0273514 0)
(-0.0363413 0.0384323 0)
(-0.0573118 0.038609 0)
(-0.0750567 0.0332531 0)
(-0.0889343 0.0258069 0)
(-0.098731 0.0178597 0)
(-0.104527 0.0102428 0)
(-0.106662 0.00336948 0)
(-0.105615 -0.00253698 0)
(-0.102034 -0.00732766 0)
(-0.0964863 -0.0110672 0)
(-0.0894234 -0.0138183 0)
(-0.0812934 -0.0156823 0)
(-0.0725027 -0.0168827 0)
(-0.0633825 -0.0176769 0)
(-0.0542074 -0.0181903 0)
(-0.0452457 -0.0184209 0)
(-0.0367536 -0.0183753 0)
(-0.0289395 -0.0179853 0)
(-0.0219716 -0.0168291 0)
(-0.0161305 -0.0141204 0)
(-0.0106653 -0.00874709 0)
(-0.00683766 0.000165861 0)
(-0.0194325 0.0392769 0)
(-0.0373959 0.0490548 0)
(-0.0567268 0.0474436 0)
(-0.0724849 0.0405091 0)
(-0.0846619 0.0312549 0)
(-0.0932118 0.0214495 0)
(-0.0982291 0.0120587 0)
(-0.100004 0.00358035 0)
(-0.0989638 -0.00368713 0)
(-0.0956726 -0.0095211 0)
(-0.0905939 -0.0140953 0)
(-0.0841028 -0.0174562 0)
(-0.0765943 -0.0197144 0)
(-0.068444 -0.0211162 0)
(-0.0599794 -0.0219468 0)
(-0.0514916 -0.0223487 0)
(-0.0432709 -0.0223328 0)
(-0.0355967 -0.0219314 0)
(-0.0287055 -0.0211099 0)
(-0.0227527 -0.0194828 0)
(-0.0178707 -0.0163821 0)
(-0.0131507 -0.0112877 0)
(-0.00925914 -0.004933 0)
(-0.020211 0.0512358 0)
(-0.0364272 0.0592656 0)
(-0.0544225 0.0556712 0)
(-0.0683661 0.0469677 0)
(-0.0791799 0.0359815 0)
(-0.0868362 0.0244896 0)
(-0.0914368 0.0135749 0)
(-0.0931942 0.00380859 0)
(-0.0924698 -0.00446667 0)
(-0.0897319 -0.0110677 0)
(-0.0853021 -0.0162478 0)
(-0.0794691 -0.0200701 0)
(-0.0726179 -0.0226433 0)
(-0.0650916 -0.0242326 0)
(-0.0572161 -0.0251398 0)
(-0.0492972 -0.0255162 0)
(-0.0416237 -0.0253737 0)
(-0.0344835 -0.024749 0)
(-0.0281698 -0.0236279 0)
(-0.0228883 -0.0216712 0)
(-0.0187527 -0.0183489 0)
(-0.0143982 -0.0137008 0)
(-0.0116099 -0.0107751 0)
(-0.0211801 0.063687 0)
(-0.0331101 0.0676767 0)
(-0.049836 0.0617534 0)
(-0.0624207 0.0516196 0)
(-0.0720492 0.039458 0)
(-0.0790975 0.0268411 0)
(-0.0835488 0.0148355 0)
(-0.0855254 0.00405852 0)
(-0.0854278 -0.00511522 0)
(-0.0832399 -0.0125124 0)
(-0.0791627 -0.0182893 0)
(-0.0737077 -0.0225322 0)
(-0.067244 -0.0253537 0)
(-0.060111 -0.0270301 0)
(-0.0526476 -0.027884 0)
(-0.0451671 -0.0280856 0)
(-0.0379241 -0.0276593 0)
(-0.0311883 -0.026659 0)
(-0.0253209 -0.0250947 0)
(-0.0205976 -0.0226802 0)
(-0.0170296 -0.0190076 0)
(-0.0127186 -0.0142598 0)
(-0.010422 -0.0137084 0)
(-0.0221363 0.0729894 0)
(-0.0282011 0.0746002 0)
(-0.0429515 0.0668678 0)
(-0.0531563 0.0554463 0)
(-0.061173 0.0422134 0)
(-0.0672656 0.0286567 0)
(-0.0713662 0.0158113 0)
(-0.0734099 0.00431099 0)
(-0.0736067 -0.00539688 0)
(-0.0712689 -0.0135918 0)
(-0.0668052 -0.0203172 0)
(-0.0608476 -0.0254767 0)
(-0.05394 -0.0291814 0)
(-0.0464769 -0.0316481 0)
(-0.0389208 -0.0331263 0)
(-0.0316256 -0.0337585 0)
(-0.0247913 -0.033518 0)
(-0.0187198 -0.0323458 0)
(-0.0138473 -0.0302236 0)
(-0.0104625 -0.0270515 0)
(-0.00859795 -0.0230488 0)
(-0.00680125 -0.0190499 0)
(-0.00676446 -0.0217953 0)
(0.000841146 -0.000348174 0)
(-0.00661644 -3.62259e-05 0)
(-0.00839391 -0.00174235 0)
(-0.000916924 -0.00555874 0)
(0.0150431 -0.00647825 0)
(0.0342072 -0.00932164 0)
(0.0566921 -0.00863378 0)
(0.0740855 -0.00258 0)
(0.0835743 -0.00510539 0)
(0.0970527 -0.00778506 0)
(0.11506 -0.0083427 0)
(0.131014 -0.00360567 0)
(0.137391 -0.000180084 0)
(0.142313 -0.00143182 0)
(0.144047 0.00216461 0)
(0.135303 0.00689802 0)
(0.110014 0.0123894 0)
(0.0682464 0.0129023 0)
(0.0241001 0.0124497 0)
(-1.11757e-05 0.00168287 0)
(-0.00731455 0.00240548 0)
(0.00251286 -0.00010182 0)
(0.014764 -0.00737492 0)
(0.02664 -0.00924003 0)
(0.0386026 -0.0128856 0)
(0.0579297 -0.0148994 0)
(0.0777885 -0.00782131 0)
(0.0908022 -0.00847694 0)
(0.0992657 -0.00977362 0)
(0.10795 -0.0110601 0)
(0.119049 -0.00754546 0)
(0.129251 -0.00321715 0)
(0.135536 -0.00354543 0)
(0.136726 0.00224766 0)
(0.131274 0.00963899 0)
(0.112454 0.0216195 0)
(0.0739777 0.0293001 0)
(0.0244146 0.0299915 0)
(-0.0153284 0.00692963 0)
(-0.0209447 -0.00209908 0)
(0.000202565 -0.00583091 0)
(0.0218262 -0.0136538 0)
(0.0343182 -0.0131809 0)
(0.044411 -0.0180666 0)
(0.0627696 -0.0215735 0)
(0.0845104 -0.0127585 0)
(0.0971053 -0.0112212 0)
(0.100932 -0.0115144 0)
(0.103447 -0.0129155 0)
(0.109831 -0.0109262 0)
(0.119231 -0.00604398 0)
(0.124621 -0.00448341 0)
(0.125457 0.00328742 0)
(0.123255 0.012874 0)
(0.109519 0.0311416 0)
(0.0732338 0.0463088 0)
(0.0237084 0.0483026 0)
(-0.00639579 0.0156018 0)
(-0.032428 -0.00608363 0)
(-0.0163199 -0.0198102 0)
(0.0141736 -0.0264417 0)
(0.032812 -0.0192036 0)
(0.0411738 -0.024357 0)
(0.0594815 -0.0308808 0)
(0.0886965 -0.019148 0)
(0.104126 -0.0129616 0)
(0.10349 -0.012038 0)
(0.101551 -0.0134341 0)
(0.101266 -0.0132659 0)
(0.107127 -0.0083007 0)
(0.112334 -0.00558978 0)
(0.112708 0.00321832 0)
(0.112903 0.0140776 0)
(0.10398 0.040453 0)
(0.0708963 0.0662438 0)
(0.0301675 0.0691458 0)
(0.00464474 0.0233906 0)
(-0.0348945 -0.00167023 0)
(-0.0287602 -0.0286953 0)
(-0.0063331 -0.0361884 0)
(0.00996281 -0.0241237 0)
(0.0172202 -0.0296134 0)
(0.034902 -0.0444098 0)
(0.0701622 -0.0385722 0)
(0.0980114 -0.0168115 0)
(0.0999106 -0.0128752 0)
(0.10071 -0.0109315 0)
(0.0970831 -0.0147695 0)
(0.0987389 -0.0112374 0)
(0.101709 -0.00646674 0)
(0.103479 0.00355822 0)
(0.103883 0.015792 0)
(0.0967101 0.0490684 0)
(0.0710377 0.0824793 0)
(0.0518108 0.0888036 0)
(0.0382267 0.0349251 0)
(-0.021459 0.0124667 0)
(-0.0327165 -0.0316577 0)
(-0.0259248 -0.0418459 0)
(-0.0168629 -0.0272887 0)
(-0.011611 -0.0345045 0)
(0.00796284 -0.0550099 0)
(0.0372356 -0.0528283 0)
(0.0648731 -0.021086 0)
(0.0728984 -0.015498 0)
(0.0799259 -0.0128127 0)
(0.090029 -0.0126297 0)
(0.0928447 -0.0117414 0)
(0.0944834 -0.00770233 0)
(0.0955904 0.00373974 0)
(0.0932718 0.0160365 0)
(0.0843368 0.0542579 0)
(0.067027 0.0923492 0)
(0.0641969 0.117076 0)
(0.0699206 0.0128174 0)
(0.00198606 0.0377924 0)
(-0.034041 -0.0270064 0)
(-0.0425673 -0.0438128 0)
(-0.041249 -0.0290879 0)
(-0.0364159 -0.0399428 0)
(-0.0170228 -0.0644623 0)
(0.00619186 -0.0623693 0)
(0.0262301 -0.027055 0)
(0.040939 -0.0198262 0)
(0.0531386 -0.0180504 0)
(0.0656105 -0.0184515 0)
(0.0766571 -0.0134811 0)
(0.0831497 -0.00840078 0)
(0.0848727 0.0034285 0)
(0.0825893 0.0190892 0)
(0.0764714 0.0609233 0)
(0.0632441 0.0981481 0)
(0.0586352 0.146191 0)
(0.0363464 -0.00297409 0)
(-0.00887763 0.0575143 0)
(-0.0431339 -0.014488 0)
(-0.0577246 -0.0409684 0)
(-0.0636813 -0.0286924 0)
(-0.05844 -0.0463853 0)
(-0.041883 -0.0727422 0)
(-0.0252869 -0.0689567 0)
(-0.0109936 -0.0352767 0)
(0.00989419 -0.0272952 0)
(0.0279711 -0.0250103 0)
(0.0432003 -0.0226665 0)
(0.0561111 -0.0188459 0)
(0.0662146 -0.0110774 0)
(0.0721802 0.00272641 0)
(0.0726745 0.0216178 0)
(0.0689881 0.0624057 0)
(0.0560964 0.103106 0)
(0.0456532 0.165631 0)
(-0.023492 0.092957 0)
(-0.0219295 0.0854902 0)
(-0.0294417 0.0774544 0)
(-0.0319098 0.0645861 0)
(-0.0324779 0.0502467 0)
(-0.0317338 0.0347964 0)
(-0.0298832 0.0193304 0)
(-0.0272127 0.00487077 0)
(-0.0235639 -0.0079561 0)
(-0.020255 -0.0193451 0)
(-0.0166193 -0.0277663 0)
(-0.0128846 -0.0336738 0)
(-0.00922085 -0.0373509 0)
(-0.00587422 -0.0391728 0)
(-0.00311631 -0.039574 0)
(-0.000977726 -0.0390335 0)
(0.000656484 -0.0376265 0)
(0.00159508 -0.0352032 0)
(0.00140627 -0.0317621 0)
(-0.000306998 -0.0272805 0)
(-0.00376962 -0.0221428 0)
(-0.00896571 -0.0164238 0)
(-0.020491 -0.0128357 0)
(0.000697485 0.105031 0)
(0.00361187 0.0906261 0)
(0.00708836 0.0763751 0)
(0.0130168 0.0608649 0)
(0.018794 0.0445766 0)
(0.0242288 0.0284955 0)
(0.0289324 0.0136619 0)
(0.0326202 0.000575304 0)
(0.0354757 -0.0106467 0)
(0.0375145 -0.0198735 0)
(0.0387314 -0.0270425 0)
(0.0389316 -0.0320389 0)
(0.037999 -0.035066 0)
(0.035781 -0.0362378 0)
(0.032003 -0.0359393 0)
(0.0268235 -0.0350447 0)
(0.0205945 -0.0333298 0)
(0.0130974 -0.0301669 0)
(0.00376021 -0.0255402 0)
(-0.00782011 -0.019506 0)
(-0.0215758 -0.0125659 0)
(-0.0370771 -0.00449992 0)
(-0.0542329 0.00392202 0)
(0.00992287 0.0902205 0)
(0.021586 0.0768572 0)
(0.0331851 0.0640928 0)
(0.0445731 0.0500266 0)
(0.0548171 0.0354086 0)
(0.0638177 0.0208551 0)
(0.0711457 0.00788627 0)
(0.0761679 -0.00306573 0)
(0.0789446 -0.0128378 0)
(0.0800176 -0.0206039 0)
(0.0791477 -0.025985 0)
(0.076017 -0.0291714 0)
(0.0706153 -0.0304147 0)
(0.0628084 -0.029677 0)
(0.0521653 -0.027398 0)
(0.0390263 -0.0251466 0)
(0.0239009 -0.0223373 0)
(0.00628893 -0.017435 0)
(-0.0147382 -0.0102252 0)
(-0.0394273 -0.00110312 0)
(-0.0677252 0.00938518 0)
(-0.0989084 0.0212216 0)
(-0.132606 0.030346 0)
(0.0123446 0.073385 0)
(0.0316535 0.0614142 0)
(0.0491812 0.0492494 0)
(0.0653411 0.0370734 0)
(0.0791148 0.0243987 0)
(0.0908585 0.0113848 0)
(0.100171 0.000883945 0)
(0.105691 -0.00668773 0)
(0.108013 -0.0144777 0)
(0.107982 -0.0200846 0)
(0.104887 -0.0229525 0)
(0.0982279 -0.0235903 0)
(0.088001 -0.0224762 0)
(0.0741802 -0.0190824 0)
(0.0561527 -0.0135854 0)
(0.0338304 -0.0085006 0)
(0.00794973 -0.00240116 0)
(-0.021995 0.00697405 0)
(-0.0564878 0.0189115 0)
(-0.0948095 0.0324999 0)
(-0.135412 0.0454984 0)
(-0.17267 0.055919 0)
(-0.202207 0.0625528 0)
(0.0158929 0.0499117 0)
(0.0401672 0.042266 0)
(0.0602173 0.0313862 0)
(0.0795098 0.0215204 0)
(0.0963898 0.0112224 0)
(0.110194 0.000324906 0)
(0.120053 -0.00669481 0)
(0.125268 -0.00981732 0)
(0.126436 -0.0152511 0)
(0.124577 -0.0180133 0)
(0.11897 -0.0168804 0)
(0.108318 -0.0127248 0)
(0.0922952 -0.00691456 0)
(0.0712032 0.00191558 0)
(0.0447192 0.0136176 0)
(0.0119829 0.0241281 0)
(-0.0252002 0.033871 0)
(-0.0649482 0.0473981 0)
(-0.107516 0.0630105 0)
(-0.150345 0.0768117 0)
(-0.188393 0.0854763 0)
(-0.21993 0.0882722 0)
(-0.245476 0.0871073 0)
(0.012467 0.0216219 0)
(0.0447834 0.0154042 0)
(0.0699138 0.00638404 0)
(0.0922894 -1.2235e-05 0)
(0.110931 -0.00679358 0)
(0.124884 -0.0134875 0)
(0.133924 -0.0153531 0)
(0.139247 -0.0128992 0)
(0.140148 -0.0139437 0)
(0.136217 -0.0120506 0)
(0.127755 -0.00529748 0)
(0.113654 0.00567009 0)
(0.0932395 0.0180173 0)
(0.0664098 0.0331292 0)
(0.0333692 0.0508812 0)
(-0.00596376 0.067856 0)
(-0.0515061 0.0821936 0)
(-0.0997112 0.0970419 0)
(-0.146155 0.111271 0)
(-0.187739 0.119357 0)
(-0.223431 0.120048 0)
(-0.253055 0.115873 0)
(-0.275786 0.107836 0)
(0.0260557 -0.0114275 0)
(0.0558277 -0.0170696 0)
(0.0830548 -0.0195955 0)
(0.105247 -0.0207832 0)
(0.12262 -0.0227205 0)
(0.135133 -0.0242379 0)
(0.143979 -0.0221409 0)
(0.149786 -0.0172815 0)
(0.151031 -0.013498 0)
(0.146304 -0.00740513 0)
(0.13542 0.00308482 0)
(0.118044 0.0179668 0)
(0.0930513 0.0350607 0)
(0.0595402 0.0548696 0)
(0.0189477 0.0772299 0)
(-0.0276592 0.0998036 0)
(-0.079816 0.11991 0)
(-0.133305 0.136854 0)
(-0.181756 0.149239 0)
(-0.222436 0.154994 0)
(-0.255927 0.153151 0)
(-0.282 0.143583 0)
(-0.30041 0.127157 0)
(0.0475561 -0.0411166 0)
(0.068768 -0.0400662 0)
(0.0928469 -0.0351482 0)
(0.113199 -0.0328756 0)
(0.129369 -0.0321488 0)
(0.141107 -0.0307055 0)
(0.149007 -0.0261838 0)
(0.154292 -0.0191944 0)
(0.15484 -0.0114171 0)
(0.147857 -0.000611149 0)
(0.13197 0.0145907 0)
(0.10836 0.033828 0)
(0.0781977 0.0555758 0)
(0.0377158 0.0797422 0)
(-0.00940128 0.105895 0)
(-0.0580061 0.132225 0)
(-0.111862 0.153961 0)
(-0.167652 0.168784 0)
(-0.216966 0.176142 0)
(-0.255412 0.175867 0)
(-0.284234 0.168593 0)
(-0.306993 0.157099 0)
(-0.323373 0.139664 0)
(0.060957 -0.0915532 0)
(0.0508242 -0.0472932 0)
(0.0870929 -0.0457536 0)
(0.112731 -0.0408471 0)
(0.12858 -0.0352107 0)
(0.136935 -0.0331472 0)
(0.142505 -0.0270358 0)
(0.145695 -0.0185777 0)
(0.142354 -0.00829187 0)
(0.129428 0.00844469 0)
(0.108012 0.0323062 0)
(0.0807923 0.0609321 0)
(0.0467745 0.0928039 0)
(0.00840298 0.132489 0)
(-0.0316495 0.156939 0)
(-0.0756234 0.177779 0)
(-0.119818 0.196322 0)
(-0.166445 0.198537 0)
(-0.220034 0.187891 0)
(-0.272714 0.179827 0)
(-0.298645 0.177391 0)
(-0.316295 0.164571 0)
(-0.330086 0.136017 0)
(0.0246124 -0.200418 0)
(0.0346981 -0.134492 0)
(0.0518608 -0.113883 0)
(0.0491434 -0.0915226 0)
(0.0405903 -0.0808425 0)
(0.042116 -0.0639239 0)
(0.0414318 -0.0476339 0)
(0.0389386 -0.0247857 0)
(0.0336649 0.00901804 0)
(0.0263892 0.0498111 0)
(0.0177524 0.0927666 0)
(0.0063354 0.137919 0)
(-0.00967514 0.185027 0)
(-0.0283946 0.234761 0)
(-0.048888 0.276138 0)
(-0.0750095 0.315557 0)
(-0.107438 0.353211 0)
(-0.149032 0.373839 0)
(-0.188239 0.377876 0)
(-0.222362 0.2981 0)
(-0.244273 0.202711 0)
(-0.276494 0.165309 0)
(-0.29511 0.133289 0)
(-0.0129072 -0.158126 0)
(-0.0107403 -0.118573 0)
(-0.00897667 -0.090166 0)
(-0.00786572 -0.0665271 0)
(-0.0142671 -0.0479803 0)
(-0.020225 -0.0467774 0)
(-0.0260712 -0.0315465 0)
(-0.0327612 -0.0137578 0)
(-0.0387032 0.00939747 0)
(-0.0420987 0.0373932 0)
(-0.0440022 0.0719281 0)
(-0.0466362 0.111508 0)
(-0.051657 0.15487 0)
(-0.0578407 0.196049 0)
(-0.0652027 0.235212 0)
(-0.0754871 0.273901 0)
(-0.0876408 0.309521 0)
(-0.102629 0.334344 0)
(-0.118496 0.324399 0)
(-0.12349 0.308292 0)
(-0.132378 0.286577 0)
(-0.168814 0.279679 0)
(-0.19676 0.234247 0)
(-0.0155855 -0.134911 0)
(-0.02978 -0.107194 0)
(-0.0378087 -0.0764877 0)
(-0.0433113 -0.0566555 0)
(-0.0481722 -0.0478685 0)
(-0.0549765 -0.0364348 0)
(-0.0642297 -0.0227957 0)
(-0.0717744 -0.00623799 0)
(-0.0772846 0.0134937 0)
(-0.0795253 0.037369 0)
(-0.079371 0.0693189 0)
(-0.078186 0.108054 0)
(-0.076223 0.150936 0)
(-0.0731343 0.191801 0)
(-0.0692969 0.230214 0)
(-0.0644776 0.26737 0)
(-0.0572542 0.301186 0)
(-0.0463313 0.324607 0)
(-0.0381736 0.32509 0)
(-0.0402854 0.28828 0)
(-0.0519153 0.266902 0)
(-0.060567 0.264635 0)
(-0.06178 0.228432 0)
(-0.0173478 -0.112833 0)
(-0.0373396 -0.0897187 0)
(-0.0518597 -0.068323 0)
(-0.0607102 -0.0513051 0)
(-0.0686576 -0.0381564 0)
(-0.077453 -0.0278006 0)
(-0.0857277 -0.0152397 0)
(-0.092409 -0.000134718 0)
(-0.0972203 0.0175125 0)
(-0.0999416 0.0390196 0)
(-0.100234 0.0688028 0)
(-0.09772 0.105986 0)
(-0.0915212 0.146138 0)
(-0.0819633 0.184703 0)
(-0.0700066 0.221507 0)
(-0.0554198 0.256221 0)
(-0.0373738 0.286389 0)
(-0.0155314 0.306603 0)
(0.00680493 0.308142 0)
(0.0195616 0.290796 0)
(0.0205798 0.269948 0)
(0.0263172 0.253712 0)
(0.0419852 0.217955 0)
(-0.0205012 -0.0868704 0)
(-0.0402823 -0.0692278 0)
(-0.0574328 -0.0534873 0)
(-0.0699682 -0.0404622 0)
(-0.0798962 -0.029978 0)
(-0.0887127 -0.019882 0)
(-0.0963694 -0.00850673 0)
(-0.102356 0.00496079 0)
(-0.106715 0.0211074 0)
(-0.109597 0.0411112 0)
(-0.110126 0.0680992 0)
(-0.106459 0.10139 0)
(-0.0978811 0.137121 0)
(-0.0850746 0.172459 0)
(-0.0687466 0.206413 0)
(-0.049008 0.23787 0)
(-0.0256593 0.264604 0)
(0.000825022 0.282754 0)
(0.0276594 0.287101 0)
(0.0489177 0.276143 0)
(0.0627444 0.258784 0)
(0.076729 0.239541 0)
(0.0960012 0.208865 0)
(-0.021593 -0.0587874 0)
(-0.0406978 -0.048012 0)
(-0.0584205 -0.0380881 0)
(-0.0722842 -0.0289305 0)
(-0.0832369 -0.0203952 0)
(-0.0922896 -0.0117266 0)
(-0.0997527 -0.00186264 0)
(-0.105549 0.00993408 0)
(-0.109679 0.0244141 0)
(-0.112099 0.0426945 0)
(-0.111888 0.0661937 0)
(-0.107502 0.0946378 0)
(-0.0982378 0.125475 0)
(-0.0843609 0.15667 0)
(-0.0664078 0.186828 0)
(-0.0446394 0.214595 0)
(-0.0193306 0.238067 0)
(0.00874132 0.254554 0)
(0.0372789 0.260872 0)
(0.0628242 0.256102 0)
(0.0832128 0.243857 0)
(0.101715 0.226551 0)
(0.1224 0.203075 0)
(-0.0207044 -0.0310693 0)
(-0.0388254 -0.0267903 0)
(-0.0562035 -0.0217917 0)
(-0.0703387 -0.0162374 0)
(-0.0816389 -0.0102156 0)
(-0.0907784 -0.00342339 0)
(-0.0981411 0.00471839 0)
(-0.103807 0.0147984 0)
(-0.107722 0.0274717 0)
(-0.10964 0.0435286 0)
(-0.108805 0.0636676 0)
(-0.104099 0.0875123 0)
(-0.0948747 0.113623 0)
(-0.0811666 0.140376 0)
(-0.0632648 0.166447 0)
(-0.0415039 0.190458 0)
(-0.0163449 0.210842 0)
(0.0113651 0.22566 0)
(0.0397416 0.232783 0)
(0.0665502 0.231515 0)
(0.0897819 0.223292 0)
(0.110777 0.209907 0)
(0.132944 0.192449 0)
(-0.0187055 -0.00511618 0)
(-0.035545 -0.00666083 0)
(-0.0520254 -0.00588885 0)
(-0.0657942 -0.00354435 0)
(-0.0769629 2.80982e-05 0)
(-0.0859699 0.00483785 0)
(-0.0931579 0.0111805 0)
(-0.0986216 0.019474 0)
(-0.102274 0.0302105 0)
(-0.103819 0.0438758 0)
(-0.102638 0.0607648 0)
(-0.0979482 0.0805664 0)
(-0.0892208 0.102303 0)
(-0.0763445 0.124793 0)
(-0.0594699 0.146845 0)
(-0.0389083 0.167257 0)
(-0.0151662 0.184726 0)
(0.0109668 0.197841 0)
(0.0379752 0.205081 0)
(0.0642949 0.205881 0)
(0.0881663 0.200853 0)
(0.110261 0.191146 0)
(0.133781 0.178331 0)
(-0.0162143 0.0184961 0)
(-0.0314703 0.0121064 0)
(-0.046739 0.00924645 0)
(-0.0597392 0.00874202 0)
(-0.0704339 0.0100119 0)
(-0.0791018 0.0128623 0)
(-0.0859939 0.0174141 0)
(-0.0911781 0.023914 0)
(-0.0945525 0.0326635 0)
(-0.0958341 0.0439351 0)
(-0.0945435 0.0578214 0)
(-0.090117 0.0740292 0)
(-0.0821347 0.091871 0)
(-0.0704377 0.110443 0)
(-0.0550961 0.128768 0)
(-0.0363703 0.145831 0)
(-0.0147225 0.160588 0)
(0.00916115 0.171984 0)
(0.0340912 0.178909 0)
(0.0589293 0.180882 0)
(0.0821442 0.178135 0)
(0.104386 0.17141 0)
(0.128703 0.161966 0)
(-0.0138773 0.0382789 0)
(-0.0273108 0.0287137 0)
(-0.0411057 0.0230593 0)
(-0.0530238 0.0201791 0)
(-0.0629644 0.0194086 0)
(-0.0710723 0.0204591 0)
(-0.0775248 0.0233067 0)
(-0.0823513 0.0280618 0)
(-0.0854411 0.0348797 0)
(-0.0865469 0.0438788 0)
(-0.0852978 0.0550379 0)
(-0.0812796 0.0680894 0)
(-0.0741652 0.082507 0)
(-0.0637969 0.0975945 0)
(-0.0501991 0.112566 0)
(-0.0335753 0.126599 0)
(-0.0143123 0.138862 0)
(0.00701999 0.148557 0)
(0.029516 0.154859 0)
(0.0523097 0.15736 0)
(0.0741604 0.156105 0)
(0.0957672 0.151535 0)
(0.120068 0.144443 0)
(-0.0118056 0.0555823 0)
(-0.0233661 0.0433258 0)
(-0.0355135 0.0354248 0)
(-0.0461228 0.0305801 0)
(-0.0550844 0.0280496 0)
(-0.0624582 0.0274769 0)
(-0.0683471 0.028748 0)
(-0.0727459 0.0318683 0)
(-0.0755418 0.036881 0)
(-0.0765235 0.0437988 0)
(-0.0754015 0.0525336 0)
(-0.0718639 0.0628359 0)
(-0.065656 0.0742853 0)
(-0.056639 0.0863344 0)
(-0.0448142 0.0983584 0)
(-0.0303334 0.109698 0)
(-0.0135028 0.119697 0)
(0.00521734 0.127745 0)
(0.0251478 0.133221 0)
(0.0456559 0.135781 0)
(0.0656879 0.135376 0)
(0.0860972 0.132224 0)
(0.10968 0.126755 0)
(-0.00989523 0.070312 0)
(-0.019605 0.0559115 0)
(-0.030035 0.0462187 0)
(-0.0392209 0.0397727 0)
(-0.0470708 0.0357622 0)
(-0.0535911 0.0337816 0)
(-0.0588289 0.0336505 0)
(-0.0627506 0.0352958 0)
(-0.0652438 0.038679 0)
(-0.0661274 0.043742 0)
(-0.0651706 0.0503571 0)
(-0.0621325 0.0582906 0)
(-0.0568128 0.0671951 0)
(-0.0490945 0.0766318 0)
(-0.0389662 0.0861027 0)
(-0.0265385 0.0950831 0)
(-0.0120453 0.103056 0)
(0.00414924 0.109545 0)
(0.0215434 0.114083 0)
(0.0396683 0.116384 0)
(0.0576748 0.116347 0)
(0.0764837 0.114061 0)
(0.0987169 0.10966 0)
(-0.00809426 0.0825258 0)
(-0.0159745 0.0664423 0)
(-0.0246717 0.055362 0)
(-0.0323836 0.0476557 0)
(-0.0390531 0.0424476 0)
(-0.044654 0.0392922 0)
(-0.0491907 0.0379602 0)
(-0.0526078 0.0383207 0)
(-0.0547934 0.040278 0)
(-0.0555888 0.0437271 0)
(-0.0548051 0.0485181 0)
(-0.0522503 0.0544318 0)
(-0.0477644 0.0611742 0)
(-0.0412483 0.0683876 0)
(-0.0326845 0.075672 0)
(-0.0221502 0.0826092 0)
(-0.00982006 0.0887905 0)
(0.00402102 0.0938419 0)
(0.0189955 0.0974053 0)
(0.0347913 0.0992495 0)
(0.0506746 0.099257 0)
(0.0676396 0.0974249 0)
(0.088198 0.0937238 0)
(-0.00633377 0.0923147 0)
(-0.0124339 0.074947 0)
(-0.0193956 0.0628433 0)
(-0.0256266 0.0541946 0)
(-0.031096 0.0480638 0)
(-0.0357545 0.0439719 0)
(-0.0395723 0.0416523 0)
(-0.0424764 0.0409329 0)
(-0.0443542 0.0416788 0)
(-0.0450629 0.043755 0)
(-0.044442 0.0470006 0)
(-0.0423338 0.0512108 0)
(-0.0386061 0.0561323 0)
(-0.0331745 0.0614694 0)
(-0.0260167 0.0668979 0)
(-0.0171845 0.0720823 0)
(-0.00680722 0.0766981 0)
(0.00489133 0.0804492 0)
(0.0176385 0.0830613 0)
(0.0312106 0.0843486 0)
(0.0450046 0.084191 0)
(0.0600359 0.0825531 0)
(0.07864 0.0792727 0)
(-0.00456883 0.0997168 0)
(-0.0089341 0.0814598 0)
(-0.014194 0.0686816 0)
(-0.0189688 0.0593947 0)
(-0.0232533 0.0526081 0)
(-0.026978 0.0478162 0)
(-0.0300837 0.0447248 0)
(-0.0324812 0.0431336 0)
(-0.0340561 0.0428817 0)
(-0.0346752 0.0438168 0)
(-0.0341974 0.0457743 0)
(-0.0324876 0.0485639 0)
(-0.0294333 0.0519653 0)
(-0.0249597 0.0557309 0)
(-0.0190418 0.0595958 0)
(-0.0117099 0.0632894 0)
(-0.00306321 0.0665522 0)
(0.0067228 0.0691475 0)
(0.0174586 0.0708693 0)
(0.0289896 0.0715648 0)
(0.0407944 0.0711286 0)
(0.0538933 0.0695036 0)
(0.070519 0.0664703 0)
(-0.00276843 0.104742 0)
(-0.00548329 0.0860271 0)
(-0.00908446 0.0729227 0)
(-0.0124556 0.0632919 0)
(-0.0155983 0.0561071 0)
(-0.0184218 0.0508448 0)
(-0.0208398 0.0471929 0)
(-0.0227482 0.0449328 0)
(-0.0240287 0.0438883 0)
(-0.0245538 0.0438988 0)
(-0.0241943 0.0448016 0)
(-0.0228301 0.0464211 0)
(-0.0203614 0.0485647 0)
(-0.0167201 0.0510238 0)
(-0.0118771 0.0535805 0)
(-0.00584592 0.0560164 0)
(0.00129083 0.0581216 0)
(0.00939723 0.0597059 0)
(0.0183543 0.0606165 0)
(0.0280353 0.0607302 0)
(0.0380092 0.0599593 0)
(0.0492865 0.0582499 0)
(0.0639086 0.0553346 0)
(-0.000954896 0.107409 0)
(-0.00211609 0.0887245 0)
(-0.00414264 0.0756448 0)
(-0.00618481 0.0659514 0)
(-0.00824659 0.0586112 0)
(-0.0102163 0.0530959 0)
(-0.0119819 0.0490839 0)
(-0.0134249 0.046347 0)
(-0.014422 0.0447018 0)
(-0.0148475 0.0439859 0)
(-0.0145792 0.0440426 0)
(-0.0135062 0.0447118 0)
(-0.0115368 0.0458251 0)
(-0.008606 0.0472064 0)
(-0.00467914 0.0486766 0)
(0.000228014 0.050056 0)
(0.00605981 0.0511746 0)
(0.0127298 0.0518889 0)
(0.020129 0.0520783 0)
(0.028187 0.0516488 0)
(0.0365222 0.0505342 0)
(0.0461047 0.0486824 0)
(0.0589063 0.0458129 0)
(0.00077852 0.1077 0)
(0.0010298 0.0896419 0)
(0.000494849 0.0769267 0)
(-0.000309503 0.0674399 0)
(-0.00136087 0.0601813 0)
(-0.00252911 0.0546231 0)
(-0.00368126 0.05044 0)
(-0.00468493 0.0474041 0)
(-0.0054098 0.0453331 0)
(-0.00572914 0.0440684 0)
(-0.00552377 0.043463 0)
(-0.00468776 0.0433726 0)
(-0.0031341 0.0436507 0)
(-0.00080421 0.0441457 0)
(0.0023362 0.0447111 0)
(0.00629642 0.0452069 0)
(0.0110382 0.0454984 0)
(0.0164803 0.0454693 0)
(0.0225488 0.0450293 0)
(0.0291948 0.0441114 0)
(0.0360904 0.0426648 0)
(0.0441787 0.0406554 0)
(0.0552489 0.0377789 0)
(0.0023281 0.105853 0)
(0.00383259 0.0889321 0)
(0.00466549 0.0768828 0)
(0.00499358 0.0678389 0)
(0.00486703 0.0608593 0)
(0.00443495 0.055439 0)
(0.00385112 0.051259 0)
(0.00325891 0.048091 0)
(0.00279516 0.0457561 0)
(0.00258906 0.0441033 0)
(0.00275887 0.0429975 0)
(0.00340838 0.0423113 0)
(0.00462282 0.0419204 0)
(0.00646482 0.0417012 0)
(0.00897087 0.0415316 0)
(0.0121496 0.041297 0)
(0.0159754 0.0408933 0)
(0.0203871 0.0402332 0)
(0.0253299 0.0392513 0)
(0.0307813 0.0379018 0)
(0.0364489 0.0361516 0)
(0.0432113 0.0339774 0)
(0.0527777 0.0310711 0)
(0.00359216 0.102178 0)
(0.00616521 0.0867623 0)
(0.00822712 0.0756385 0)
(0.00957071 0.0672574 0)
(0.0102808 0.0607527 0)
(0.0105179 0.055642 0)
(0.0104531 0.0516176 0)
(0.0102421 0.0484599 0)
(0.0100283 0.045999 0)
(0.00994422 0.0440958 0)
(0.0101086 0.0426293 0)
(0.0106242 0.0414891 0)
(0.0115751 0.0405707 0)
(0.0130238 0.0397732 0)
(0.0150095 0.0389998 0)
(0.0175459 0.0381608 0)
(0.0206177 0.0371771 0)
(0.0241775 0.035985 0)
(0.0281883 0.0345407 0)
(0.0326335 0.0328149 0)
(0.0372587 0.0307923 0)
(0.0429074 0.0284631 0)
(0.0510906 0.0255108 0)
(0.00450832 0.0970446 0)
(0.00797822 0.0833471 0)
(0.0110732 0.0733391 0)
(0.0132905 0.0657964 0)
(0.014732 0.0599277 0)
(0.0155614 0.0552737 0)
(0.0159622 0.0515402 0)
(0.0160995 0.0485194 0)
(0.0161227 0.0460544 0)
(0.0161669 0.04402 0)
(0.0163514 0.0423114 0)
(0.0167786 0.0408362 0)
(0.0175314 0.0395095 0)
(0.0186729 0.0382519 0)
(0.0202444 0.0369889 0)
(0.0222649 0.0356534 0)
(0.0247264 0.0341882 0)
(0.0275934 0.03255 0)
(0.0308372 0.0307132 0)
(0.0344583 0.0286654 0)
(0.0382298 0.0264064 0)
(0.0429126 0.0239341 0)
(0.0499568 0.0209346 0)
(0.00509087 0.0908655 0)
(0.00926873 0.0789398 0)
(0.0131827 0.0701658 0)
(0.0161082 0.063592 0)
(0.0181549 0.0584859 0)
(0.0194828 0.0544072 0)
(0.0202826 0.051075 0)
(0.0207253 0.0482955 0)
(0.0209643 0.045927 0)
(0.0211359 0.0438609 0)
(0.0213595 0.0420097 0)
(0.0217359 0.0402994 0)
(0.0223475 0.0386647 0)
(0.0232569 0.0370461 0)
(0.0245074 0.0353897 0)
(0.0261214 0.0336485 0)
(0.0280974 0.0317847 0)
(0.0304087 0.0297737 0)
(0.0330378 0.0276065 0)
(0.0359857 0.0252865 0)
(0.0390504 0.0228234 0)
(0.0429545 0.0202308 0)
(0.0489564 0.0171815 0)
(0.00539779 0.0840108 0)
(0.010119 0.0737997 0)
(0.014612 0.0663199 0)
(0.0180648 0.0608013 0)
(0.0205724 0.0565484 0)
(0.0222872 0.0531327 0)
(0.0234029 0.0502853 0)
(0.024094 0.0478274 0)
(0.0245151 0.0456342 0)
(0.0248022 0.0436152 0)
(0.0250726 0.0417013 0)
(0.0254251 0.0398374 0)
(0.0259398 0.0379769 0)
(0.0266784 0.0360792 0)
(0.0276845 0.034109 0)
(0.0289835 0.0320376 0)
(0.0305788 0.0298449 0)
(0.0324511 0.0275231 0)
(0.034588 0.0250784 0)
(0.0369995 0.0225276 0)
(0.0395092 0.0198926 0)
(0.0427462 0.0171937 0)
(0.047895 0.014103 0)
(0.00553959 0.0767713 0)
(0.0106256 0.0681716 0)
(0.0154877 0.0620112 0)
(0.0192823 0.0575983 0)
(0.0220915 0.0542557 0)
(0.0240635 0.0515596 0)
(0.0253943 0.0492519 0)
(0.0262602 0.0471699 0)
(0.026815 0.045207 0)
(0.0271918 0.0432923 0)
(0.0275039 0.041376 0)
(0.0278455 0.0394218 0)
(0.028293 0.037401 0)
(0.0289057 0.0352905 0)
(0.0297266 0.0330718 0)
(0.0307821 0.0307327 0)
(0.0320797 0.0282689 0)
(0.0336061 0.0256876 0)
(0.0353565 0.0230095 0)
(0.0373377 0.0202626 0)
(0.0393909 0.0174803 0)
(0.0421089 0.0146943 0)
(0.0464713 0.0115659 0)
(0.00560603 0.0693285 0)
(0.0109223 0.0622634 0)
(0.0159635 0.0574375 0)
(0.0199255 0.0541614 0)
(0.0228737 0.051761 0)
(0.0249613 0.0498135 0)
(0.0263919 0.0480726 0)
(0.0273446 0.0463936 0)
(0.0279707 0.0446914 0)
(0.0283982 0.0429161 0)
(0.0287333 0.0410382 0)
(0.0290632 0.0390395 0)
(0.0294583 0.0369084 0)
(0.0299735 0.0346373 0)
(0.0306496 0.0322228 0)
(0.0315134 0.0296668 0)
(0.0325747 0.0269794 0)
(0.0338261 0.0241811 0)
(0.035264 0.0213054 0)
(0.0369022 0.0183922 0)
(0.0386071 0.0154869 0)
(0.0408688 0.0126261 0)
(0.0446139 0.00946992 0)
(0.0056916 0.0617493 0)
(0.0111265 0.056226 0)
(0.0162195 0.0527677 0)
(0.0201914 0.0506607 0)
(0.0231137 0.0492221 0)
(0.0251663 0.0480307 0)
(0.0265708 0.046857 0)
(0.0275117 0.0455816 0)
(0.0281373 0.0441454 0)
(0.0285667 0.0425226 0)
(0.0288958 0.0407046 0)
(0.0292016 0.0386911 0)
(0.0295457 0.0364855 0)
(0.0299765 0.034094 0)
(0.0305311 0.0315255 0)
(0.0312352 0.0287941 0)
(0.0321004 0.0259216 0)
(0.0331233 0.022941 0)
(0.0343066 0.019897 0)
(0.0356615 0.0168422 0)
(0.0370658 0.0138294 0)
(0.0389778 0.0109093 0)
(0.0421329 0.00772697 0)
(0.0058453 0.0540012 0)
(0.011395 0.0501387 0)
(0.0164433 0.0481339 0)
(0.0202839 0.0472564 0)
(0.0230137 0.0468005 0)
(0.0248742 0.0463545 0)
(0.0261214 0.0457222 0)
(0.0269491 0.044823 0)
(0.0274995 0.043633 0)
(0.0278788 0.0421547 0)
(0.0281678 0.0404009 0)
(0.0284297 0.0383878 0)
(0.0287143 0.036132 0)
(0.0290615 0.0336503 0)
(0.029503 0.0309613 0)
(0.0300623 0.0280882 0)
(0.0307518 0.0250628 0)
(0.0315724 0.0219277 0)
(0.0325289 0.0187389 0)
(0.0336364 0.0155587 0)
(0.0348012 0.0124505 0)
(0.0363796 0.00947205 0)
(0.0390527 0.00626622 0)
(0.00617545 0.0459732 0)
(0.0118949 0.0440132 0)
(0.0168537 0.0436449 0)
(0.0204119 0.0441139 0)
(0.0227649 0.044668 0)
(0.0242688 0.0449348 0)
(0.02523 0.0447867 0)
(0.0258501 0.0442067 0)
(0.0262582 0.0432185 0)
(0.0265404 0.0418571 0)
(0.0267571 0.0401568 0)
(0.0269535 0.0381481 0)
(0.0271653 0.0358574 0)
(0.0274218 0.0333087 0)
(0.0277478 0.030527 0)
(0.0281632 0.0275415 0)
(0.0286808 0.0243909 0)
(0.0293044 0.0211256 0)
(0.0300444 0.0178111 0)
(0.0309139 0.0145175 0)
(0.0318296 0.0113173 0)
(0.0331272 0.00827816 0)
(0.0353036 0.00503969 0)
(0.00681891 0.037475 0)
(0.0128414 0.0378047 0)
(0.0176393 0.0394186 0)
(0.0207277 0.0414251 0)
(0.0224983 0.0430079 0)
(0.0234879 0.0439149 0)
(0.0240566 0.0441529 0)
(0.0244 0.043803 0)
(0.0246204 0.0429496 0)
(0.0247743 0.0416623 0)
(0.0248963 0.0399945 0)
(0.0250107 0.0379869 0)
(0.0251372 0.0356711 0)
(0.0252934 0.0330751 0)
(0.0254961 0.0302258 0)
(0.0257607 0.0271559 0)
(0.0260988 0.0239073 0)
(0.0265169 0.0205368 0)
(0.027025 0.0171158 0)
(0.0276398 0.0137221 0)
(0.0283086 0.0104354 0)
(0.0292707 0.00732483 0)
(0.0310053 0.00403574 0)
(0.00797014 0.0282542 0)
(0.014349 0.0314432 0)
(0.0188593 0.0356747 0)
(0.0212255 0.0394522 0)
(0.0222162 0.042013 0)
(0.0225865 0.0434133 0)
(0.0227181 0.043889 0)
(0.0227686 0.043652 0)
(0.022795 0.0428523 0)
(0.0228162 0.0415896 0)
(0.0228386 0.0399298 0)
(0.0228654 0.0379176 0)
(0.022901 0.0355856 0)
(0.0229514 0.0329606 0)
(0.0230254 0.0300695 0)
(0.0231326 0.0269442 0)
(0.0232822 0.0236283 0)
(0.0234797 0.0201816 0)
(0.0237357 0.0166808 0)
(0.0240629 0.0132097 0)
(0.0244108 0.00984489 0)
(0.0250067 0.00665723 0)
(0.0261826 0.00328665 0)
(0.00855218 0.0160045 0)
(0.0159031 0.0248305 0)
(0.020138 0.0327655 0)
(0.0215427 0.0384268 0)
(0.0216959 0.0417562 0)
(0.0215078 0.0434151 0)
(0.0212866 0.0439454 0)
(0.0211147 0.0436975 0)
(0.0209953 0.0428747 0)
(0.0209134 0.0415936 0)
(0.0208527 0.0399221 0)
(0.0208014 0.0379027 0)
(0.020752 0.0355643 0)
(0.0207021 0.0329301 0)
(0.0206527 0.0300238 0)
(0.0206076 0.0268754 0)
(0.0205708 0.0235284 0)
(0.020544 0.0200445 0)
(0.0205301 0.016506 0)
(0.0205285 0.0129984 0)
(0.0205085 0.00959621 0)
(0.0205949 0.00634777 0)
(0.0210813 0.00285225 0)
(0.00905046 0.0102633 0)
(0.0172977 0.0208042 0)
(0.0207484 0.0310668 0)
(0.0209291 0.0378674 0)
(0.0205483 0.0416421 0)
(0.0201652 0.0433678 0)
(0.0198514 0.0438427 0)
(0.0196208 0.0435262 0)
(0.0194523 0.0426559 0)
(0.0193232 0.0413533 0)
(0.0192132 0.0396826 0)
(0.0191063 0.0376804 0)
(0.0189914 0.03537 0)
(0.0188608 0.0327702 0)
(0.0187109 0.0299007 0)
(0.0185396 0.0267899 0)
(0.0183448 0.0234814 0)
(0.0181202 0.0200434 0)
(0.0178543 0.0165673 0)
(0.0175238 0.0131505 0)
(0.0170639 0.0098647 0)
(0.0165171 0.00670756 0)
(0.0160177 0.0031536 0)
(-0.00164296 -0.0104579 0)
(0.00934366 0.00428492 0)
(0.0162261 0.027608 0)
(0.017939 0.0373231 0)
(0.0185773 0.0422483 0)
(0.0187274 0.0443704 0)
(0.0186757 0.044939 0)
(0.0185664 0.0446103 0)
(0.0184469 0.0436993 0)
(0.0183296 0.0423547 0)
(0.0182112 0.040649 0)
(0.0180834 0.0386197 0)
(0.0179371 0.0362891 0)
(0.0177648 0.0336732 0)
(0.0175605 0.0307898 0)
(0.0173195 0.0276663 0)
(0.0170348 0.0243506 0)
(0.016693 0.0209206 0)
(0.016268 0.0174905 0)
(0.0157064 0.0141906 0)
(0.0148932 0.011139 0)
(0.0136715 0.00833521 0)
(0.0119339 0.00518588 0)
(-0.0312598 -0.0208096 0)
(-0.0294625 -0.0324005 0)
(-0.0216442 -0.0497198 0)
(-0.0157026 -0.0417973 0)
(-0.0695505 0.00943883 0)
(-0.0824806 0.0181479 0)
(-0.101821 0.0264552 0)
(-0.128403 0.0398235 0)
(-0.157381 0.0359651 0)
(-0.171539 0.043427 0)
(-0.183162 0.0518239 0)
(-0.191891 0.0565888 0)
(-0.220007 0.0654279 0)
(-0.229404 0.0662999 0)
(-0.23598 0.0657526 0)
(-0.239479 0.0618159 0)
(-0.259597 0.0834964 0)
(-0.266421 0.0798509 0)
(-0.27109 0.0741068 0)
(-0.273856 0.0661341 0)
(-0.287512 0.0982756 0)
(-0.293337 0.0909652 0)
(-0.297667 0.0818708 0)
(-0.300779 0.0710624 0)
(-0.308612 0.11057 0)
(-0.312916 0.0997895 0)
(-0.316708 0.0884568 0)
(-0.319594 0.0761042 0)
(-0.326876 0.123893 0)
(-0.326511 0.113187 0)
(-0.325626 0.100762 0)
(-0.326145 0.0853984 0)
(-0.33553 0.101785 0)
(-0.334426 0.090275 0)
(-0.331932 0.0835514 0)
(-0.329131 0.0743262 0)
(-0.311681 0.101408 0)
(-0.320798 0.0916878 0)
(-0.316957 0.0852513 0)
(-0.309434 0.0772968 0)
(-0.230684 0.147947 0)
(-0.225672 0.0852013 0)
(-0.219056 0.063306 0)
(-0.221617 0.0567415 0)
(-0.0670018 0.162954 0)
(-0.0770739 0.111568 0)
(-0.090207 0.0902711 0)
(-0.0957352 0.0964702 0)
(0.032014 0.161396 0)
(0.0201356 0.128767 0)
(0.00433856 0.110106 0)
(-0.0084748 0.104571 0)
(0.0866429 0.172171 0)
(0.0783883 0.151083 0)
(0.068872 0.133968 0)
(0.0602144 0.122245 0)
(0.116383 0.178541 0)
(0.113046 0.164473 0)
(0.109485 0.150253 0)
(0.106059 0.136602 0)
(0.130667 0.175629 0)
(0.131392 0.165543 0)
(0.132532 0.153817 0)
(0.133754 0.140924 0)
(0.134619 0.166385 0)
(0.138108 0.158593 0)
(0.142395 0.14895 0)
(0.146888 0.137368 0)
(0.131585 0.153075 0)
(0.13678 0.146802 0)
(0.142891 0.138813 0)
(0.149347 0.128694 0)
(0.124154 0.1376 0)
(0.130118 0.132386 0)
(0.13715 0.125766 0)
(0.144715 0.116975 0)
(0.114095 0.121311 0)
(0.120324 0.116926 0)
(0.127617 0.111406 0)
(0.135512 0.103772 0)
(0.103046 0.105226 0)
(0.109034 0.101479 0)
(0.116174 0.0968627 0)
(0.124065 0.0901956 0)
(0.0919548 0.090027 0)
(0.0975479 0.0867909 0)
(0.104257 0.0828989 0)
(0.111704 0.0770285 0)
(0.0817557 0.0761406 0)
(0.0867151 0.0733054 0)
(0.0928363 0.0699893 0)
(0.0997958 0.0647679 0)
(0.0727894 0.0637379 0)
(0.0771466 0.0612208 0)
(0.0825968 0.0583607 0)
(0.0888294 0.0536756 0)
(0.065468 0.0528659 0)
(0.0691242 0.0505917 0)
(0.0738837 0.0480978 0)
(0.0795025 0.0438675 0)
(0.0596885 0.0435153 0)
(0.0627658 0.0414238 0)
(0.0668651 0.0392242 0)
(0.0717299 0.0353688 0)
(0.0554715 0.035594 0)
(0.0579434 0.0336464 0)
(0.0614239 0.0316722 0)
(0.065719 0.02813 0)
(0.0524396 0.0289406 0)
(0.0544543 0.0271016 0)
(0.0573837 0.025309 0)
(0.0610243 0.0220268 0)
(0.0504268 0.0233817 0)
(0.0519802 0.0216248 0)
(0.0544191 0.0199777 0)
(0.0576101 0.016923 0)
(0.0489688 0.0187905 0)
(0.0502078 0.0170889 0)
(0.0522415 0.015562 0)
(0.054908 0.0126898 0)
(0.047855 0.01502 0)
(0.0487826 0.0133634 0)
(0.0504658 0.0119217 0)
(0.0528054 0.00920072 0)
(0.046676 0.011906 0)
(0.047418 0.0102786 0)
(0.0488212 0.00890673 0)
(0.0507636 0.00631154 0)
(0.0453121 0.00930284 0)
(0.045862 0.00769308 0)
(0.0470243 0.00637789 0)
(0.0487467 0.003904 0)
(0.0434825 0.00713204 0)
(0.0439423 0.0055249 0)
(0.0449256 0.00426125 0)
(0.0463423 0.00189486 0)
(0.0411622 0.00531319 0)
(0.0415155 0.00370887 0)
(0.042336 0.00248169 0)
(0.0435962 0.00022294 0)
(0.0381907 0.00376772 0)
(0.0385078 0.00216159 0)
(0.0392035 0.000972952 0)
(0.0402148 -0.00117679 0)
(0.0346403 0.00243818 0)
(0.0348899 0.000831884 0)
(0.0354595 -0.000317637 0)
(0.0363481 -0.00234295 0)
(0.030448 0.00133563 0)
(0.0306755 -0.000278191 0)
(0.0311479 -0.0013821 0)
(0.0318063 -0.00328093 0)
(0.0257461 0.000469031 0)
(0.0258996 -0.00115344 0)
(0.0262489 -0.00221832 0)
(0.0267721 -0.00396812 0)
(0.0205668 -0.0001136 0)
(0.0206294 -0.00180422 0)
(0.0208492 -0.0028169 0)
(0.0211095 -0.00437301 0)
(0.0151374 -0.00022493 0)
(0.0149544 -0.00208748 0)
(0.014945 -0.00313791 0)
(0.0149406 -0.00448675 0)
(0.0101039 0.0020462 0)
(0.009158 -0.000612321 0)
(0.0077013 -0.00176989 0)
(0.0070717 -0.00252332 0)
(-0.0397945 0.0103829 0)
(-0.0632887 0.0697553 0)
(-0.0719425 0.000841319 0)
(-0.081959 -0.0317058 0)
(-0.0905217 -0.0304293 0)
(-0.0860147 -0.0531139 0)
(-0.0791999 -0.0786219 0)
(-0.0735202 -0.0753144 0)
(-0.0595858 -0.050915 0)
(-0.0340923 -0.0419793 0)
(-0.0108758 -0.0379017 0)
(0.00898087 -0.0345668 0)
(0.0253108 -0.0273326 0)
(0.0381061 -0.0167487 0)
(0.047646 -0.00152563 0)
(0.053085 0.02161 0)
(0.0542043 0.0650773 0)
(0.0423529 0.118083 0)
(0.0309752 0.189199 0)
(-0.150649 0.0491184 0)
(-0.139452 0.0528636 0)
(-0.124822 0.00185174 0)
(-0.125585 -0.0212699 0)
(-0.124685 -0.0280041 0)
(-0.120864 -0.0528261 0)
(-0.125083 -0.0821825 0)
(-0.124626 -0.0844477 0)
(-0.107718 -0.0712047 0)
(-0.0834489 -0.064361 0)
(-0.0594745 -0.058095 0)
(-0.0383553 -0.0512884 0)
(-0.0203648 -0.0419162 0)
(-0.00539293 -0.0276676 0)
(0.00615203 -0.00921553 0)
(0.0147868 0.0174755 0)
(0.0203905 0.0658636 0)
(0.0142148 0.133242 0)
(0.0136576 0.207744 0)
(-0.198981 0.0538509 0)
(-0.18863 0.0352327 0)
(-0.179114 -0.00103098 0)
(-0.179826 -0.0228832 0)
(-0.177126 -0.0352567 0)
(-0.169681 -0.0546512 0)
(-0.165329 -0.0800539 0)
(-0.162103 -0.0916203 0)
(-0.149832 -0.0867753 0)
(-0.130564 -0.0832522 0)
(-0.109952 -0.0761033 0)
(-0.0900416 -0.0676275 0)
(-0.072166 -0.0563066 0)
(-0.0562827 -0.0396866 0)
(-0.0430417 -0.0190302 0)
(-0.0337707 0.00995149 0)
(-0.0276363 0.0630825 0)
(-0.0250935 0.140098 0)
(-0.00726679 0.207535 0)
(-0.241283 0.0514261 0)
(-0.236601 0.026209 0)
(-0.233577 -0.00294011 0)
(-0.232805 -0.0246843 0)
(-0.227568 -0.0424502 0)
(-0.219649 -0.0610321 0)
(-0.212305 -0.0815488 0)
(-0.206348 -0.0978223 0)
(-0.198035 -0.101351 0)
(-0.183445 -0.100959 0)
(-0.167145 -0.0948331 0)
(-0.149521 -0.0858018 0)
(-0.132069 -0.0730874 0)
(-0.115163 -0.0548895 0)
(-0.0991825 -0.0311037 0)
(-0.0856913 0.00176963 0)
(-0.0723628 0.0548862 0)
(-0.0532709 0.126029 0)
(-0.0226585 0.181182 0)
(-0.27639 0.0512213 0)
(-0.275749 0.0241829 0)
(-0.27503 -0.00340663 0)
(-0.274163 -0.0269084 0)
(-0.270699 -0.0479235 0)
(-0.265003 -0.0689848 0)
(-0.259491 -0.0884728 0)
(-0.253593 -0.103713 0)
(-0.244879 -0.111364 0)
(-0.23268 -0.11343 0)
(-0.218195 -0.109485 0)
(-0.201596 -0.101179 0)
(-0.18403 -0.0884782 0)
(-0.165808 -0.0703893 0)
(-0.147027 -0.0460991 0)
(-0.127361 -0.012728 0)
(-0.10248 0.0349668 0)
(-0.0693461 0.092849 0)
(-0.0307798 0.139494 0)
(-0.303968 0.0531238 0)
(-0.305138 0.0242716 0)
(-0.305423 -0.00349083 0)
(-0.305244 -0.0283195 0)
(-0.303296 -0.0513618 0)
(-0.299399 -0.073284 0)
(-0.294474 -0.093358 0)
(-0.288636 -0.109395 0)
(-0.280822 -0.119553 0)
(-0.269992 -0.123962 0)
(-0.256281 -0.122381 0)
(-0.240144 -0.115772 0)
(-0.222149 -0.104318 0)
(-0.202344 -0.0876753 0)
(-0.180343 -0.0651972 0)
(-0.154852 -0.0352938 0)
(-0.122077 0.00440847 0)
(-0.0801521 0.0512845 0)
(-0.0371119 0.0930158 0)
(-0.322556 0.0561126 0)
(-0.324202 0.0253679 0)
(-0.324795 -0.00297945 0)
(-0.325485 -0.0285631 0)
(-0.325209 -0.0532158 0)
(-0.322902 -0.0768619 0)
(-0.319015 -0.0979317 0)
(-0.313799 -0.115327 0)
(-0.30639 -0.12793 0)
(-0.295894 -0.134841 0)
(-0.282341 -0.135815 0)
(-0.266037 -0.13136 0)
(-0.247204 -0.12194 0)
(-0.225622 -0.107706 0)
(-0.200651 -0.0883998 0)
(-0.171082 -0.0634299 0)
(-0.13431 -0.0323924 0)
(-0.088146 0.00550751 0)
(-0.0421543 0.0455265 0)
(-0.328385 0.0605335 0)
(-0.331376 0.0266872 0)
(-0.332482 -0.00164149 0)
(-0.334185 -0.0269829 0)
(-0.336135 -0.0536189 0)
(-0.335408 -0.0798088 0)
(-0.332405 -0.102917 0)
(-0.328022 -0.122248 0)
(-0.321302 -0.138019 0)
(-0.311141 -0.148551 0)
(-0.297552 -0.15296 0)
(-0.280881 -0.151583 0)
(-0.261234 -0.145183 0)
(-0.238163 -0.134325 0)
(-0.210857 -0.118797 0)
(-0.178566 -0.0988466 0)
(-0.140271 -0.0751586 0)
(-0.0941361 -0.0485186 0)
(-0.0503339 -0.0189316 0)
(-0.325739 0.0568869 0)
(-0.326117 0.025253 0)
(-0.327501 -0.00112488 0)
(-0.332515 -0.026127 0)
(-0.336687 -0.0537299 0)
(-0.337034 -0.080474 0)
(-0.334916 -0.104077 0)
(-0.331648 -0.124631 0)
(-0.326234 -0.142724 0)
(-0.316929 -0.155833 0)
(-0.303627 -0.162839 0)
(-0.286759 -0.164184 0)
(-0.266407 -0.160981 0)
(-0.241998 -0.154239 0)
(-0.213261 -0.144094 0)
(-0.179507 -0.129136 0)
(-0.140366 -0.110742 0)
(-0.0937603 -0.0937226 0)
(-0.0558882 -0.0846224 0)
(-0.300988 0.0565086 0)
(-0.301214 0.0244972 0)
(-0.304962 -0.000342893 0)
(-0.318004 -0.0227115 0)
(-0.327665 -0.0506164 0)
(-0.328374 -0.0804113 0)
(-0.326849 -0.103647 0)
(-0.32643 -0.124328 0)
(-0.323694 -0.144389 0)
(-0.316165 -0.159671 0)
(-0.303752 -0.168709 0)
(-0.287123 -0.172133 0)
(-0.266873 -0.171117 0)
(-0.243146 -0.166928 0)
(-0.214484 -0.15934 0)
(-0.18047 -0.147484 0)
(-0.14136 -0.134466 0)
(-0.093058 -0.122816 0)
(-0.0610885 -0.130504 0)
(-0.238931 0.0515655 0)
(-0.262433 0.0217606 0)
(-0.273252 0.0127804 0)
(-0.27988 0.00175596 0)
(-0.293411 -0.0525765 0)
(-0.305046 -0.0784587 0)
(-0.310284 -0.09899 0)
(-0.310109 -0.118153 0)
(-0.308373 -0.140145 0)
(-0.30496 -0.156365 0)
(-0.296946 -0.166002 0)
(-0.284227 -0.170337 0)
(-0.266075 -0.171066 0)
(-0.242785 -0.17109 0)
(-0.217495 -0.171615 0)
(-0.188744 -0.168963 0)
(-0.152967 -0.152102 0)
(-0.0955628 -0.147605 0)
(-0.107268 -0.18629 0)
(-0.0950648 0.0918154 0)
(-0.123595 0.0628131 0)
(-0.143615 0.0300633 0)
(-0.157097 0.0151172 0)
(-0.17402 -0.0250707 0)
(-0.189255 -0.0736869 0)
(-0.199544 -0.109715 0)
(-0.207989 -0.141614 0)
(-0.207121 -0.176671 0)
(-0.201226 -0.206399 0)
(-0.202502 -0.227579 0)
(-0.210543 -0.244684 0)
(-0.212058 -0.259075 0)
(-0.198259 -0.261051 0)
(-0.17371 -0.252518 0)
(-0.153682 -0.240594 0)
(-0.127794 -0.249083 0)
(-0.0855569 -0.247744 0)
(-0.0511299 -0.33599 0)
(-0.00848582 0.0993587 0)
(-0.030445 0.0724195 0)
(-0.0472951 0.0476893 0)
(-0.0594092 0.0148883 0)
(-0.068285 -0.0208993 0)
(-0.0808145 -0.0558257 0)
(-0.0948848 -0.09049 0)
(-0.106236 -0.122285 0)
(-0.107069 -0.160522 0)
(-0.105554 -0.184513 0)
(-0.109454 -0.18821 0)
(-0.125488 -0.192608 0)
(-0.137346 -0.218243 0)
(-0.127881 -0.25178 0)
(-0.106375 -0.260937 0)
(-0.078896 -0.259656 0)
(-0.0520314 -0.251861 0)
(-0.0231086 -0.272327 0)
(0.00984675 -0.326485 0)
(0.0591778 0.108511 0)
(0.0412314 0.0814139 0)
(0.0315588 0.0536088 0)
(0.0240176 0.0246563 0)
(0.01442 -0.00929318 0)
(0.00279579 -0.044269 0)
(-0.00940592 -0.077867 0)
(-0.0217584 -0.112262 0)
(-0.0304384 -0.155425 0)
(-0.0351989 -0.177885 0)
(-0.0391594 -0.179745 0)
(-0.047187 -0.177236 0)
(-0.057081 -0.204372 0)
(-0.0607771 -0.25035 0)
(-0.0557927 -0.270096 0)
(-0.0416834 -0.260153 0)
(-0.0227191 -0.254923 0)
(-0.00486998 -0.27613 0)
(0.0122333 -0.316341 0)
(0.110113 0.11658 0)
(0.0978365 0.0879202 0)
(0.0919236 0.0604067 0)
(0.0871262 0.0306674 0)
(0.0803651 -0.00118264 0)
(0.0710294 -0.0332895 0)
(0.0607963 -0.0657754 0)
(0.0485728 -0.101176 0)
(0.0348558 -0.144345 0)
(0.0221383 -0.169536 0)
(0.0126889 -0.173883 0)
(0.0110488 -0.173315 0)
(0.00931156 -0.199461 0)
(0.000373481 -0.241695 0)
(-0.012126 -0.263826 0)
(-0.0152805 -0.26431 0)
(-0.00708237 -0.266997 0)
(0.00161375 -0.286019 0)
(0.00823306 -0.313804 0)
(0.143119 0.119691 0)
(0.135885 0.0911933 0)
(0.133689 0.0637061 0)
(0.131818 0.03505 0)
(0.127753 0.00500514 0)
(0.121426 -0.0257303 0)
(0.113468 -0.057319 0)
(0.104731 -0.0918556 0)
(0.0895707 -0.131562 0)
(0.0719828 -0.159529 0)
(0.0592525 -0.168166 0)
(0.0545743 -0.17405 0)
(0.0535378 -0.19715 0)
(0.0451372 -0.230604 0)
(0.0304157 -0.253782 0)
(0.0194738 -0.263261 0)
(0.0153847 -0.270814 0)
(0.0126829 -0.287833 0)
(0.0108275 -0.309103 0)
(0.160446 0.116774 0)
(0.157756 0.0899634 0)
(0.158987 0.0637761 0)
(0.159922 0.0366599 0)
(0.158457 0.00850049 0)
(0.15479 -0.0204842 0)
(0.149237 -0.0505691 0)
(0.141109 -0.0822682 0)
(0.129115 -0.116305 0)
(0.1126 -0.142716 0)
(0.0980642 -0.159184 0)
(0.0906418 -0.171882 0)
(0.0851402 -0.192739 0)
(0.0753013 -0.219247 0)
(0.0605625 -0.240952 0)
(0.046056 -0.254659 0)
(0.0350365 -0.265936 0)
(0.0246523 -0.280713 0)
(0.015048 -0.296726 0)
(0.16577 0.109638 0)
(0.166656 0.0852773 0)
(0.170785 0.0610728 0)
(0.174133 0.0359175 0)
(0.174864 0.00978612 0)
(0.173295 -0.0172391 0)
(0.169365 -0.0453031 0)
(0.162855 -0.0746105 0)
(0.152206 -0.103798 0)
(0.138395 -0.12977 0)
(0.125085 -0.148411 0)
(0.114777 -0.165289 0)
(0.105987 -0.185095 0)
(0.0943686 -0.207204 0)
(0.0791185 -0.226817 0)
(0.0630442 -0.24155 0)
(0.047792 -0.25356 0)
(0.0324036 -0.266733 0)
(0.0175926 -0.278149 0)
(0.162557 0.0997414 0)
(0.166002 0.0781134 0)
(0.172254 0.0562524 0)
(0.177441 0.0333056 0)
(0.179862 0.00935713 0)
(0.179868 -0.0154927 0)
(0.177284 -0.0412246 0)
(0.171915 -0.0677135 0)
(0.163249 -0.0940997 0)
(0.151648 -0.117702 0)
(0.139336 -0.137838 0)
(0.128153 -0.155935 0)
(0.117131 -0.174813 0)
(0.104093 -0.19433 0)
(0.088418 -0.211928 0)
(0.071246 -0.226167 0)
(0.0537016 -0.237931 0)
(0.0355383 -0.249106 0)
(0.0175887 -0.256781 0)
(0.153893 0.0883162 0)
(0.158804 0.0693862 0)
(0.166394 0.0499793 0)
(0.172797 0.0293498 0)
(0.176393 0.00767185 0)
(0.177524 -0.0148967 0)
(0.176022 -0.038212 0)
(0.171787 -0.0620364 0)
(0.164587 -0.0856063 0)
(0.154831 -0.107642 0)
(0.143753 -0.127285 0)
(0.132342 -0.145455 0)
(0.120287 -0.16336 0)
(0.106492 -0.180882 0)
(0.0905277 -0.196726 0)
(0.0729214 -0.209939 0)
(0.0542592 -0.220695 0)
(0.0350943 -0.230082 0)
(0.015897 -0.235201 0)
(0.142054 0.0763375 0)
(0.147636 0.0599046 0)
(0.155833 0.0428866 0)
(0.162871 0.0245578 0)
(0.167171 0.00514489 0)
(0.169045 -0.015144 0)
(0.168365 -0.036098 0)
(0.165088 -0.057449 0)
(0.159142 -0.0786091 0)
(0.150816 -0.0987418 0)
(0.140819 -0.117389 0)
(0.129736 -0.134805 0)
(0.117477 -0.151483 0)
(0.10353 -0.167292 0)
(0.0876663 -0.181486 0)
(0.0701039 -0.19341 0)
(0.0514287 -0.203037 0)
(0.0323816 -0.211004 0)
(0.0132854 -0.215204 0)
(0.128936 0.0645445 0)
(0.134493 0.0503232 0)
(0.142728 0.0355184 0)
(0.149918 0.0193742 0)
(0.154529 0.00213524 0)
(0.156826 -0.0159595 0)
(0.156727 -0.0346744 0)
(0.154211 -0.053743 0)
(0.149267 -0.0726983 0)
(0.142095 -0.0909801 0)
(0.133102 -0.108219 0)
(0.122633 -0.124421 0)
(0.110698 -0.139704 0)
(0.0970833 -0.153903 0)
(0.0816978 -0.166539 0)
(0.0647394 -0.177178 0)
(0.0466737 -0.185761 0)
(0.0286073 -0.192938 0)
(0.0106848 -0.197661 0)
(0.115778 0.0534386 0)
(0.120918 0.0411218 0)
(0.128759 0.0282947 0)
(0.135733 0.0141523 0)
(0.140346 -0.00106661 0)
(0.142816 -0.0171122 0)
(0.14309 -0.0337518 0)
(0.141148 -0.0507264 0)
(0.136998 -0.0676543 0)
(0.130769 -0.0841153 0)
(0.122699 -0.0997985 0)
(0.112996 -0.114579 0)
(0.101709 -0.128397 0)
(0.0887806 -0.141068 0)
(0.0742318 -0.152268 0)
(0.0582397 -0.16173 0)
(0.0413989 -0.169519 0)
(0.0247352 -0.176431 0)
(0.00862429 -0.18272 0)
(0.103565 0.0433246 0)
(0.107964 0.0326158 0)
(0.115147 0.0215094 0)
(0.121652 0.00915035 0)
(0.126045 -0.00424144 0)
(0.1285 -0.018418 0)
(0.128978 -0.0331686 0)
(0.12745 -0.0482413 0)
(0.123926 -0.0633108 0)
(0.118484 -0.0780376 0)
(0.111262 -0.092143 0)
(0.102395 -0.105447 0)
(0.0919454 -0.117812 0)
(0.079944 -0.129057 0)
(0.0664762 -0.138968 0)
(0.051785 -0.14743 0)
(0.0363923 -0.154663 0)
(0.021406 -0.161743 0)
(0.00735788 -0.169971 0)
(0.0927543 0.0343527 0)
(0.0963404 0.0249857 0)
(0.102705 0.0153449 0)
(0.108587 0.00453996 0)
(0.112607 -0.00723443 0)
(0.11492 -0.0197406 0)
(0.115475 -0.0327966 0)
(0.114238 -0.0461586 0)
(0.111209 -0.059541 0)
(0.106432 -0.0726532 0)
(0.0999907 -0.0852413 0)
(0.0919767 -0.0971087 0)
(0.082462 -0.108094 0)
(0.0715215 -0.118042 0)
(0.0592911 -0.126829 0)
(0.0460063 -0.13447 0)
(0.0322526 -0.141363 0)
(0.0188884 -0.148802 0)
(0.00677521 -0.158807 0)
(0.0836712 0.0265691 0)
(0.0863807 0.0183062 0)
(0.0918794 0.00989349 0)
(0.0970704 0.000419148 0)
(0.100637 -0.00994328 0)
(0.102725 -0.0209848 0)
(0.103267 -0.03254 0)
(0.102225 -0.044379 0)
(0.0995906 -0.0562459 0)
(0.0953844 -0.0678844 0)
(0.0896585 -0.0790628 0)
(0.0824805 -0.0895896 0)
(0.0739252 -0.0993097 0)
(0.0640904 -0.108103 0)
(0.0531277 -0.115923 0)
(0.0412972 -0.1229 0)
(0.02905 -0.129566 0)
(0.0171987 -0.137376 0)
(0.00665394 -0.148645 0)
(0.0762526 0.0199335 0)
(0.0781859 0.0125721 0)
(0.082827 0.00517652 0)
(0.0873168 -0.00317428 0)
(0.0903993 -0.0123186 0)
(0.0922169 -0.0220903 0)
(0.0926886 -0.0323308 0)
(0.0917743 -0.0428273 0)
(0.0894568 -0.053348 0)
(0.0857429 -0.0636629 0)
(0.0806652 -0.0735628 0)
(0.0742768 -0.0828722 0)
(0.0666503 -0.0914562 0)
(0.0578892 -0.0992342 0)
(0.0481479 -0.106224 0)
(0.0376359 -0.112639 0)
(0.0267972 -0.119108 0)
(0.0161541 -0.127134 0)
(0.00676479 -0.139038 0)
(0.0704127 0.0143526 0)
(0.0716171 0.00772486 0)
(0.0754725 0.00116593 0)
(0.079291 -0.00624168 0)
(0.0818952 -0.014346 0)
(0.0834264 -0.0230249 0)
(0.0837948 -0.0321245 0)
(0.0829597 -0.0414478 0)
(0.0808981 -0.0507837 0)
(0.0776072 -0.0599249 0)
(0.073107 -0.0686837 0)
(0.0674394 -0.0769054 0)
(0.0606701 -0.0844801 0)
(0.0528957 -0.0913639 0)
(0.0442502 -0.0976235 0)
(0.0349251 -0.103529 0)
(0.0251967 -0.109751 0)
(0.0155485 -0.11776 0)
(0.00693677 -0.129718 0)
(0.0658012 0.00970452 0)
(0.066442 0.00367755 0)
(0.0695905 -0.00219478 0)
(0.0727829 -0.00880684 0)
(0.07494 -0.0160326 0)
(0.0761874 -0.0237771 0)
(0.0764366 -0.0318928 0)
(0.0756462 -0.0401978 0)
(0.0737899 -0.0484987 0)
(0.0708581 -0.0566077 0)
(0.0668615 -0.0643574 0)
(0.0618313 -0.0716141 0)
(0.0558218 -0.0782925 0)
(0.0489145 -0.0843786 0)
(0.0412193 -0.0899737 0)
(0.0328548 -0.0953768 0)
(0.0240854 -0.10126 0)
(0.0151493 -0.10901 0)
(0.00707847 -0.120545 0)
(0.0621545 0.00586872 0)
(0.0623171 0.000332448 0)
(0.0648584 -0.00497339 0)
(0.0674849 -0.0109127 0)
(0.0692351 -0.0173995 0)
(0.0702132 -0.0243476 0)
(0.0703374 -0.0316184 0)
(0.0695664 -0.0390435 0)
(0.067872 -0.0464443 0)
(0.0652399 -0.0536497 0)
(0.0616726 -0.0605101 0)
(0.0571906 -0.0669109 0)
(0.0518341 -0.0727874 0)
(0.0456642 -0.0781483 0)
(0.0387575 -0.0831155 0)
(0.0312098 -0.0879979 0)
(0.0231352 -0.093443 0)
(0.0148071 -0.100717 0)
(0.00711415 -0.111498 0)
(0.0590687 0.00272246 0)
(0.0589064 -0.00240879 0)
(0.0609162 -0.00723794 0)
(0.0630466 -0.0126118 0)
(0.064432 -0.0184749 0)
(0.0651615 -0.0247445 0)
(0.0651606 -0.0312912 0)
(0.0643898 -0.0379573 0)
(0.06282 -0.0445768 0)
(0.0604331 -0.0509922 0)
(0.0572247 -0.0570686 0)
(0.0532046 -0.0627068 0)
(0.0483978 -0.0678582 0)
(0.0428447 -0.0725472 0)
(0.0365955 -0.0769067 0)
(0.0296815 -0.0812422 0)
(0.0222448 -0.0861622 0)
(0.0143739 -0.0928129 0)
(0.00703344 -0.102624 0)
(0.0562896 0.000151763 0)
(0.0558588 -0.00463506 0)
(0.0574192 -0.00905488 0)
(0.0591217 -0.013954 0)
(0.0601834 -0.0192882 0)
(0.0606864 -0.024979 0)
(0.0605636 -0.0309047 0)
(0.0597782 -0.0369164 0)
(0.0583012 -0.0428576 0)
(0.0561118 -0.0485817 0)
(0.0531994 -0.0539652 0)
(0.0495639 -0.0589203 0)
(0.0452168 -0.0634102 0)
(0.0401789 -0.0674689 0)
(0.0344732 -0.0712341 0)
(0.0281276 -0.0750029 0)
(0.0211662 -0.0793445 0)
(0.0137854 -0.0852781 0)
(0.00677809 -0.0940355 0)
(0.0534796 -0.00194238 0)
(0.0528948 -0.00642269 0)
(0.0540728 -0.0104905 0)
(0.0554012 -0.0149858 0)
(0.056177 -0.0198681 0)
(0.0564743 -0.0250636 0)
(0.0562344 -0.0304559 0)
(0.0554236 -0.0359024 0)
(0.0540135 -0.0412541 0)
(0.0519813 -0.0463723 0)
(0.0493116 -0.0511416 0)
(0.0459965 -0.0554826 0)
(0.0420359 -0.059366 0)
(0.0374364 -0.0628322 0)
(0.032206 -0.0660201 0)
(0.0263275 -0.069218 0)
(0.0198968 -0.0729567 0)
(0.012959 -0.0781598 0)
(0.00637236 -0.0858655 0)
(0.0504754 -0.00363162 0)
(0.0497665 -0.0078336 0)
(0.0506282 -0.0115984 0)
(0.0516303 -0.0157461 0)
(0.0521522 -0.0202404 0)
(0.0522632 -0.0250104 0)
(0.0519125 -0.0299436 0)
(0.0510697 -0.0349014 0)
(0.0497071 -0.0397399 0)
(0.0478008 -0.0443259 0)
(0.0453316 -0.0485501 0)
(0.0422863 -0.0523386 0)
(0.0386573 -0.0556675 0)
(0.0344411 -0.0585808 0)
(0.0296336 -0.0612186 0)
(0.0242394 -0.0638619 0)
(0.0182575 -0.0670173 0)
(0.0118885 -0.0715177 0)
(0.00576586 -0.07829 0)
(0.0470616 -0.00497815 0)
(0.0463096 -0.00892243 0)
(0.0468992 -0.0124221 0)
(0.0476106 -0.0162677 0)
(0.0479062 -0.020427 0)
(0.0478488 -0.0248313 0)
(0.0473959 -0.0293692 0)
(0.0465197 -0.0339045 0)
(0.0451935 -0.038296 0)
(0.0433922 -0.0424144 0)
(0.0410943 -0.0461548 0)
(0.0382832 -0.0494477 0)
(0.0349469 -0.0522734 0)
(0.0310799 -0.0546799 0)
(0.0266795 -0.0568095 0)
(0.0217262 -0.0589415 0)
(0.016331 -0.0615623 0)
(0.0105424 -0.0654618 0)
(0.00505187 -0.0714905 0)
(0.0431837 -0.00603289 0)
(0.04239 -0.00973288 0)
(0.0427468 -0.0129954 0)
(0.0431966 -0.016577 0)
(0.0432888 -0.0204478 0)
(0.0430811 -0.0245393 0)
(0.0425384 -0.028739 0)
(0.0416354 -0.0329104 0)
(0.0403452 -0.0369137 0)
(0.0386417 -0.0406221 0)
(0.0365016 -0.0439339 0)
(0.0339064 -0.0467847 0)
(0.0308438 -0.0491595 0)
(0.0273087 -0.0511123 0)
(0.0233026 -0.0527918 0)
(0.0188556 -0.054481 0)
(0.013997 -0.0566665 0)
(0.0089637 -0.0600908 0)
(0.00420336 -0.0656273 0)
(0.0387312 -0.00683334 0)
(0.0379402 -0.0102924 0)
(0.0380773 -0.0133418 0)
(0.0382839 -0.0166947 0)
(0.0381931 -0.0203216 0)
(0.0378558 -0.0241508 0)
(0.0372429 -0.0280662 0)
(0.0363301 -0.0319286 0)
(0.0350899 -0.0355978 0)
(0.0334946 -0.0389489 0)
(0.0315196 -0.0418842 0)
(0.0291454 -0.0443444 0)
(0.026361 -0.046322 0)
(0.0231664 -0.0478803 0)
(0.0195775 -0.0491804 0)
(0.0156126 -0.0505212 0)
(0.0114525 -0.0523933 0)
(0.00716249 -0.0555318 0)
(0.00332199 -0.0607917 0)
(0.0337202 -0.00738786 0)
(0.0328939 -0.0106079 0)
(0.0328156 -0.0134706 0)
(0.0327952 -0.0166348 0)
(0.0325443 -0.0200657 0)
(0.0321053 -0.0236848 0)
(0.0314527 -0.0273699 0)
(0.0305617 -0.0309769 0)
(0.0294034 -0.0343648 0)
(0.0279482 -0.0374101 0)
(0.0261708 -0.0400197 0)
(0.0240521 -0.0421415 0)
(0.0215837 -0.0437778 0)
(0.0187708 -0.0450059 0)
(0.0156362 -0.0460047 0)
(0.0122582 -0.0470978 0)
(0.00871814 -0.0488134 0)
(0.00527814 -0.0518663 0)
(0.00234675 -0.0571459 0)
(0.0280946 -0.00766472 0)
(0.0272022 -0.0106487 0)
(0.0268976 -0.0133669 0)
(0.02667 -0.0163964 0)
(0.0262939 -0.0196877 0)
(0.0257957 -0.0231543 0)
(0.0251501 -0.026666 0)
(0.0243302 -0.0300737 0)
(0.0233052 -0.0332343 0)
(0.022045 -0.0360271 0)
(0.0205246 -0.0383644 0)
(0.0187272 -0.0402032 0)
(0.0166474 -0.041559 0)
(0.0142977 -0.0425259 0)
(0.0117151 -0.0433047 0)
(0.00894631 -0.0442517 0)
(0.00622297 -0.0459247 0)
(0.00353393 -0.049073 0)
(0.00160144 -0.0547283 0)
(0.0218661 -0.00763967 0)
(0.0207758 -0.0104242 0)
(0.0202485 -0.0130777 0)
(0.0198632 -0.016045 0)
(0.0194246 -0.0192586 0)
(0.0189339 -0.022629 0)
(0.0183627 -0.0260211 0)
(0.0176818 -0.0292816 0)
(0.0168602 -0.0322674 0)
(0.0158696 -0.0348613 0)
(0.0146883 -0.0369829 0)
(0.0133027 -0.0385994 0)
(0.0117126 -0.0397424 0)
(0.00993602 -0.0405263 0)
(0.00801303 -0.0411772 0)
(0.00605513 -0.0420738 0)
(0.00413934 -0.0437956 0)
(0.00226847 -0.0471059 0)
(0.0015226 -0.0531747 0)
(0.0148048 -0.00732235 0)
(0.0135062 -0.0101747 0)
(0.0128252 -0.0129639 0)
(0.0123974 -0.0160037 0)
(0.0120062 -0.0192408 0)
(0.0116202 -0.0226029 0)
(0.0112095 -0.0259591 0)
(0.0107465 -0.029157 0)
(0.010205 -0.0320566 0)
(0.00956343 -0.0345468 0)
(0.0088064 -0.0365541 0)
(0.0079257 -0.0380568 0)
(0.00692374 -0.0391026 0)
(0.00582139 -0.0398313 0)
(0.00467794 -0.0405015 0)
(0.00359091 -0.0415516 0)
(0.00271423 -0.0437528 0)
(0.0017832 -0.0479614 0)
(0.00314792 -0.0558588 0)
(0.00609325 -0.00530819 0)
(0.00498696 -0.00869196 0)
(0.00452715 -0.011833 0)
(0.00428506 -0.0149825 0)
(0.00410494 -0.018237 0)
(0.00394477 -0.0215816 0)
(0.00378555 -0.0248937 0)
(0.00361239 -0.0280198 0)
(0.00341299 -0.0308215 0)
(0.00317846 -0.03319 0)
(0.002903 -0.0350541 0)
(0.00258363 -0.0363943 0)
(0.00222195 -0.0372642 0)
(0.00182935 -0.0378141 0)
(0.0014432 -0.0383129 0)
(0.00116846 -0.0392182 0)
(0.00121917 -0.0414137 0)
(0.0010133 -0.0471769 0)
(0.011372 -0.0421251 0)
)
;

boundaryField
{
    leftWall
    {
        type            noSlip;
    }
    rightWall
    {
        type            noSlip;
    }
    lowerWall
    {
        type            noSlip;
    }
    atmosphere
    {
        type            pressureInletOutletVelocity;
        value           nonuniform List<vector> 
46
(
(0 -0.0104579 0)
(0.00934366 0.00428492 0)
(0.0162261 0.027608 0)
(0.017939 0.0373231 0)
(0.0185773 0.0422483 0)
(0.0187274 0.0443704 0)
(0.0186757 0.044939 0)
(0.0185664 0.0446103 0)
(0.0184469 0.0436993 0)
(0.0183296 0.0423547 0)
(0.0182112 0.040649 0)
(0.0180834 0.0386197 0)
(0.0179371 0.0362891 0)
(0.0177648 0.0336732 0)
(0.0175605 0.0307898 0)
(0.0173195 0.0276663 0)
(0.0170348 0.0243506 0)
(0.016693 0.0209206 0)
(0.016268 0.0174905 0)
(0.0157064 0.0141906 0)
(0.0148932 0.011139 0)
(0.0136715 0.00833521 0)
(0.0119339 0.00518588 0)
(0.0101039 0.0020462 0)
(0.009158 -0.000612321 0)
(0 -0.00176989 0)
(0 -0.00252332 0)
(0 -0.00530819 0)
(0 -0.00869196 0)
(0 -0.011833 0)
(0 -0.0149825 0)
(0 -0.018237 0)
(0 -0.0215816 0)
(0 -0.0248937 0)
(0 -0.0280198 0)
(0 -0.0308215 0)
(0 -0.03319 0)
(0 -0.0350541 0)
(0 -0.0363943 0)
(0 -0.0372642 0)
(0 -0.0378141 0)
(0 -0.0383129 0)
(0 -0.0392182 0)
(0 -0.0414137 0)
(0 -0.0471769 0)
(0 -0.0421251 0)
)
;
    }
    defaultFaces
    {
        type            empty;
    }
}


// ************************************************************************* //
