/*--------------------------------*- C++ -*----------------------------------*\
  =========                 |
  \\      /  F ield         | OpenFOAM: The Open Source CFD Toolbox
   \\    /   O peration     | Website:  https://openfoam.org
    \\  /    A nd           | Version:  13
     \\/     M anipulation  |
\*---------------------------------------------------------------------------*/
FoamFile
{
    format      ascii;
    class       surfaceScalarField;
    location    "2.25";
    object      phi;
}
// * * * * * * * * * * * * * * * * * * * * * * * * * * * * * * * * * * * * * //

dimensions      [0 3 -1 0 0 0 0];

internalField   nonuniform List<scalar> 
4432
(
1.27618e-06
-1.27617e-06
2.4184e-06
-1.14223e-06
3.75452e-06
-1.33612e-06
5.15192e-06
-1.39741e-06
6.46781e-06
-1.31589e-06
7.59148e-06
-1.12368e-06
8.45389e-06
-8.62407e-07
9.02203e-06
-5.68139e-07
9.29174e-06
-2.69718e-07
9.27462e-06
1.71221e-08
9.00298e-06
2.71647e-07
8.51044e-06
4.92539e-07
7.83373e-06
6.76703e-07
7.01839e-06
8.15347e-07
6.11479e-06
9.03602e-07
5.165e-06
9.49783e-07
4.20755e-06
9.57454e-07
3.28132e-06
9.2623e-07
2.42391e-06
8.57408e-07
1.67607e-06
7.47836e-07
1.08832e-06
5.87748e-07
6.99439e-07
3.88875e-07
6.99438e-07
1.16006e-06
-2.43623e-06
2.48769e-06
-2.46985e-06
3.95273e-06
-2.80115e-06
5.42964e-06
-2.87432e-06
6.78511e-06
-2.67137e-06
7.92239e-06
-2.26097e-06
8.78397e-06
-1.72398e-06
9.3442e-06
-1.12837e-06
9.59893e-06
-5.24445e-07
9.56556e-06
5.04923e-08
9.27625e-06
5.60959e-07
8.77339e-06
9.95396e-07
8.0928e-06
1.3573e-06
7.27591e-06
1.63223e-06
6.37355e-06
1.80596e-06
5.43245e-06
1.89088e-06
4.49113e-06
1.89876e-06
3.58028e-06
1.83707e-06
2.71952e-06
1.71816e-06
1.92197e-06
1.54537e-06
1.20754e-06
1.30217e-06
5.86489e-07
1.00992e-06
1.2859e-06
1.15735e-06
-3.59358e-06
2.56612e-06
-3.87863e-06
4.05392e-06
-4.28895e-06
5.51531e-06
-4.33571e-06
6.8403e-06
-3.99635e-06
7.94817e-06
-3.36884e-06
8.79012e-06
-2.56593e-06
9.34303e-06
-1.68128e-06
9.60002e-06
-7.81436e-07
9.57421e-06
7.63049e-08
9.29849e-06
8.36676e-07
8.81528e-06
1.47861e-06
8.16132e-06
2.01125e-06
7.37276e-06
2.4208e-06
6.49984e-06
2.67887e-06
5.59085e-06
2.79987e-06
4.68383e-06
2.80577e-06
3.80593e-06
2.71497e-06
2.96878e-06
2.5553e-06
2.1708e-06
2.34334e-06
1.4036e-06
2.06935e-06
6.46058e-07
1.76745e-06
1.93195e-06
1.16814e-06
-4.7617e-06
2.59869e-06
-5.30916e-06
4.06652e-06
-5.75677e-06
5.48083e-06
-5.74999e-06
6.75522e-06
-5.27073e-06
7.82394e-06
-4.43755e-06
8.6449e-06
-3.38688e-06
9.19704e-06
-2.2334e-06
9.46955e-06
-1.05395e-06
9.46839e-06
7.74714e-08
9.22461e-06
1.08045e-06
8.78128e-06
1.92193e-06
8.16957e-06
2.62295e-06
7.42333e-06
3.16703e-06
6.59233e-06
3.50986e-06
5.72495e-06
3.66723e-06
4.85923e-06
3.67147e-06
4.02064e-06
3.55355e-06
3.21647e-06
3.35945e-06
2.43563e-06
3.12418e-06
1.64934e-06
2.85563e-06
7.99805e-07
2.61698e-06
2.73174e-06
1.19626e-06
-5.95795e-06
2.58767e-06
-6.70056e-06
3.99652e-06
-7.1656e-06
5.33841e-06
-7.09188e-06
6.54604e-06
-6.47835e-06
7.56847e-06
-5.45997e-06
8.36958e-06
-4.18798e-06
8.92875e-06
-2.79257e-06
9.23006e-06
-1.35527e-06
9.27e-06
3.75334e-08
9.07044e-06
1.28e-06
8.67444e-06
2.31793e-06
8.11881e-06
3.17858e-06
7.42923e-06
3.85661e-06
6.65299e-06
4.2861e-06
5.83896e-06
4.48126e-06
5.02433e-06
4.4861e-06
4.23276e-06
4.34513e-06
3.46923e-06
4.12298e-06
2.71675e-06
3.87666e-06
1.92823e-06
3.64416e-06
1.00234e-06
3.54287e-06
3.73409e-06
1.22448e-06
-7.18241e-06
2.53043e-06
-8.0065e-06
3.8531e-06
-8.48826e-06
5.10052e-06
-8.33928e-06
6.22594e-06
-7.60375e-06
7.19197e-06
-6.42599e-06
7.96553e-06
-4.96153e-06
8.5287e-06
-3.35573e-06
8.86382e-06
-1.69038e-06
8.95612e-06
-5.47703e-08
8.82271e-06
1.41341e-06
8.49521e-06
2.64543e-06
8.00102e-06
3.67276e-06
7.38587e-06
4.47176e-06
6.68473e-06
4.98723e-06
5.94681e-06
5.21917e-06
5.20517e-06
5.22774e-06
4.47972e-06
5.07058e-06
3.77406e-06
4.82863e-06
3.0692e-06
4.58151e-06
2.31393e-06
4.39943e-06
1.40344e-06
4.45336e-06
5.13752e-06
1.37358e-06
-8.55597e-06
2.53959e-06
-9.17249e-06
3.70727e-06
-9.65593e-06
4.79007e-06
-9.42207e-06
5.78469e-06
-8.59837e-06
6.66543e-06
-7.30672e-06
7.3941e-06
-5.6902e-06
7.94842e-06
-3.91005e-06
8.31125e-06
-2.05321e-06
8.46787e-06
-2.11384e-07
8.41298e-06
1.46829e-06
8.1741e-06
2.88431e-06
7.77485e-06
4.072e-06
7.27905e-06
4.96754e-06
6.69333e-06
5.57294e-06
6.07744e-06
5.83505e-06
5.46441e-06
5.84075e-06
4.86384e-06
5.67114e-06
4.27568e-06
5.41679e-06
3.67855e-06
5.17863e-06
3.0023e-06
5.07568e-06
2.13123e-06
5.32443e-06
7.26876e-06
1.60847e-06
-1.01644e-05
2.58195e-06
-1.01459e-05
3.52669e-06
-1.06007e-05
4.37988e-06
-1.02753e-05
5.17293e-06
-9.39141e-06
5.90288e-06
-8.03666e-06
6.53824e-06
-6.32556e-06
7.0489e-06
-4.42071e-06
7.40187e-06
-2.40619e-06
7.55681e-06
-3.66324e-07
7.49045e-06
1.53465e-06
7.26222e-06
3.11253e-06
6.9533e-06
4.3809e-06
6.61332e-06
5.3075e-06
6.3011e-06
5.88516e-06
6.02239e-06
6.11374e-06
5.78011e-06
6.08303e-06
5.55842e-06
5.89282e-06
5.33458e-06
5.64063e-06
5.07738e-06
5.43582e-06
4.67388e-06
5.47917e-06
3.77958e-06
6.21873e-06
1.10483e-05
6.20321e-07
-6.20322e-07
1.36146e-06
-7.41145e-07
1.80996e-06
-4.48499e-07
1.76602e-06
4.39397e-08
1.19976e-06
5.66256e-07
8.35089e-07
3.64675e-07
2.10703e-07
6.24384e-07
-1.2514e-06
1.4621e-06
-2.55481e-06
1.30341e-06
-3.40064e-06
8.4582e-07
-3.58957e-06
1.88923e-07
-3.53853e-06
-5.1038e-08
-5.19573e-06
1.65719e-06
-6.96596e-06
1.77022e-06
-6.9007e-06
-6.5258e-08
-5.94076e-06
-9.59941e-07
-4.24622e-06
-1.69455e-06
-1.69285e-06
-2.55337e-06
-1.69286e-06
1.31428e-06
-1.9346e-06
2.36691e-06
-1.79377e-06
2.73091e-06
-8.12508e-07
2.8298e-06
-5.49512e-08
2.69142e-06
7.04634e-07
1.64648e-06
1.40961e-06
2.78219e-07
1.99264e-06
-4.44657e-07
2.18497e-06
-1.32188e-06
2.18063e-06
-2.38467e-06
1.9086e-06
-3.44399e-06
1.24824e-06
-4.43549e-06
9.40452e-07
-5.03186e-06
2.25356e-06
-5.57219e-06
2.31054e-06
-5.99293e-06
3.55474e-07
-5.78374e-06
-1.16913e-06
-4.58371e-06
-2.89457e-06
-2.34955e-06
-4.78752e-06
-4.04239e-06
1.47225e-06
-3.40685e-06
2.85568e-06
-3.1772e-06
3.16592e-06
-1.12275e-06
3.74637e-06
-6.35408e-07
3.82168e-06
6.29328e-07
2.58381e-06
2.64748e-06
1.21706e-06
3.3594e-06
5.86242e-07
2.81578e-06
-2.26941e-07
2.99381e-06
-1.69915e-06
3.38081e-06
-3.4961e-06
3.04518e-06
-4.9031e-06
2.34746e-06
-5.1883e-06
2.53875e-06
-5.4657e-06
2.58794e-06
-5.68969e-06
5.79468e-07
-5.45777e-06
-1.40106e-06
-4.57627e-06
-3.77606e-06
-3.21501e-06
-6.14878e-06
-7.2574e-06
1.23472e-06
-4.64157e-06
2.30102e-06
-4.2435e-06
2.92114e-06
-1.74287e-06
3.36141e-06
-1.07569e-06
3.49582e-06
4.94924e-07
3.1411e-06
3.00219e-06
2.5805e-06
3.91998e-06
2.22757e-06
3.16871e-06
1.83092e-06
3.39045e-06
-6.13529e-07
5.82525e-06
-3.06296e-06
5.4946e-06
-5.21897e-06
4.50346e-06
-5.54808e-06
2.86786e-06
-5.40443e-06
2.44429e-06
-5.32664e-06
5.01668e-07
-5.04048e-06
-1.68721e-06
-3.97286e-06
-4.84367e-06
-3.30673e-06
-6.81491e-06
-1.05641e-05
1.70621e-06
-6.34777e-06
1.98195e-06
-4.51924e-06
2.47749e-06
-2.23841e-06
2.00171e-06
-5.99906e-07
1.99715e-06
4.99487e-07
2.4072e-06
2.59214e-06
2.81547e-06
3.51171e-06
3.14829e-06
2.83589e-06
3.32326e-06
3.21548e-06
1.60782e-06
7.54069e-06
-4.5713e-07
7.55955e-06
-4.11585e-06
8.16218e-06
-5.24778e-06
3.99981e-06
-4.88345e-06
2.07996e-06
-4.85089e-06
4.6912e-07
-4.20273e-06
-2.33537e-06
-2.78527e-06
-6.26113e-06
-1.12279e-06
-8.4774e-06
-1.16869e-05
2.47444e-06
-8.82222e-06
2.18377e-06
-4.22857e-06
2.05737e-06
-2.112e-06
1.26171e-06
1.95748e-07
9.34858e-07
8.26344e-07
1.54957e-06
1.97742e-06
2.45575e-06
2.60553e-06
2.63038e-06
2.66126e-06
2.48378e-06
3.36207e-06
2.04118e-06
7.9833e-06
1.243e-06
8.35772e-06
-1.09875e-07
9.51505e-06
-3.66357e-06
7.55351e-06
-4.13999e-06
2.55638e-06
-4.33368e-06
6.62801e-07
-3.24961e-06
-3.41943e-06
-1.7176e-06
-7.79315e-06
1.45411e-06
-1.16491e-05
-1.02328e-05
3.16581e-06
-1.1988e-05
2.75364e-06
-3.8164e-06
2.00321e-06
-1.36157e-06
1.24389e-06
9.55072e-07
5.73633e-07
1.4966e-06
8.88265e-07
1.66279e-06
1.50116e-06
1.99264e-06
1.60037e-06
2.56205e-06
1.1907e-06
3.77174e-06
1.37123e-06
7.80277e-06
1.15804e-06
8.57091e-06
1.16074e-06
9.51235e-06
-2.27295e-07
8.94154e-06
-2.61893e-06
4.94802e-06
-3.16229e-06
1.20616e-06
-2.44845e-06
-4.13328e-06
-9.05008e-07
-9.3366e-06
1.64783e-06
-1.42019e-05
-8.58497e-06
3.75535e-06
-1.57434e-05
3.40986e-06
-3.47091e-06
2.32306e-06
-2.74771e-07
1.49815e-06
1.77999e-06
6.05201e-07
2.38955e-06
2.02923e-07
2.06507e-06
2.70443e-07
1.92512e-06
4.19939e-07
2.41255e-06
2.06294e-07
3.98539e-06
4.9564e-07
7.51342e-06
5.67821e-07
8.49873e-06
5.95636e-07
9.48453e-06
2.32645e-07
9.30453e-06
-9.53573e-07
6.13423e-06
-1.61621e-06
1.8688e-06
-1.49879e-06
-4.2507e-06
-5.24248e-07
-1.03111e-05
1.15652e-06
-1.58827e-05
-7.42845e-06
3.42309e-06
-1.35874e-05
5.14458e-06
-1.18674e-05
5.8662e-06
-1.13223e-05
6.29043e-06
-1.06995e-05
6.62664e-06
-9.72762e-06
6.93445e-06
-8.34447e-06
7.21057e-06
-6.60169e-06
7.41576e-06
-4.6259e-06
7.60509e-06
-2.59553e-06
7.88565e-06
-6.46891e-07
8.27684e-06
1.14345e-06
8.78531e-06
2.60405e-06
9.39332e-06
3.77287e-06
1.00601e-05
4.64067e-06
1.07775e-05
5.16778e-06
1.14841e-05
5.40717e-06
1.21255e-05
5.44152e-06
1.26521e-05
5.36626e-06
1.30423e-05
5.25042e-06
1.3249e-05
5.22907e-06
1.31209e-05
5.60728e-06
1.26804e-05
6.65922e-06
8.33137e-06
1.53973e-05
-1.20262e-06
-1.23848e-05
-1.57477e-06
-1.14952e-05
-2.32738e-06
-1.05696e-05
-3.20577e-06
-9.82107e-06
-3.8873e-06
-9.04608e-06
-4.16099e-06
-8.07078e-06
-3.97933e-06
-6.78335e-06
-3.40186e-06
-5.20337e-06
-2.46017e-06
-3.53722e-06
-1.22293e-06
-1.88413e-06
2.52439e-07
-3.31922e-07
1.81914e-06
1.03735e-06
3.36742e-06
2.22459e-06
4.89032e-06
3.11776e-06
6.39248e-06
3.66562e-06
7.77688e-06
4.02276e-06
8.99497e-06
4.22342e-06
1.0005e-05
4.3562e-06
1.07124e-05
4.54309e-06
1.13728e-05
4.56857e-06
1.15761e-05
5.40403e-06
1.19833e-05
6.25205e-06
6.76124e-06
1.35534e-05
-3.65388e-06
-8.73093e-06
-6.42456e-06
-8.72458e-06
-8.70287e-06
-8.29135e-06
-1.04997e-05
-8.02427e-06
-1.1695e-05
-7.85074e-06
-1.2164e-05
-7.60184e-06
-1.19484e-05
-6.99896e-06
-1.12293e-05
-5.92244e-06
-1.00534e-05
-4.71316e-06
-8.52181e-06
-3.41571e-06
-6.73342e-06
-2.12031e-06
-4.82275e-06
-8.73318e-07
-2.93646e-06
3.38293e-07
-1.15214e-06
1.33345e-06
6.00893e-07
1.91259e-06
2.20338e-06
2.42027e-06
3.50654e-06
2.92026e-06
4.52065e-06
3.34208e-06
5.23887e-06
3.82487e-06
5.86497e-06
3.94245e-06
6.35571e-06
4.91328e-06
6.6181e-06
5.98965e-06
6.82139e-06
6.55796e-06
-5.41006e-06
-3.32094e-06
-1.01622e-05
-3.97247e-06
-1.38535e-05
-4.60007e-06
-1.65769e-05
-5.30099e-06
-1.83e-05
-6.12763e-06
-1.90628e-05
-6.83905e-06
-1.89459e-05
-7.11592e-06
-1.83505e-05
-6.51783e-06
-1.72599e-05
-5.80374e-06
-1.58105e-05
-4.86513e-06
-1.41208e-05
-3.80997e-06
-1.22957e-05
-2.69849e-06
-1.05023e-05
-1.45508e-06
-8.81772e-06
-3.51122e-07
-7.15265e-06
2.47522e-07
-5.61688e-06
8.84492e-07
-4.47357e-06
1.77695e-06
-3.51446e-06
2.38297e-06
-2.53836e-06
2.84876e-06
-2.00426e-06
3.40834e-06
-1.31939e-06
4.22841e-06
-9.29108e-07
5.59937e-06
6.33483e-06
-4.42537e-07
-8.14643e-06
4.82539e-06
-1.49553e-05
2.83632e-06
-1.9963e-05
4.07592e-07
-2.33503e-05
-1.9138e-06
-2.54389e-05
-4.03904e-06
-2.64566e-05
-5.82146e-06
-2.68041e-05
-6.76842e-06
-2.66388e-05
-6.68316e-06
-2.592e-05
-6.52252e-06
-2.47906e-05
-5.9945e-06
-2.34504e-05
-5.15018e-06
-2.20366e-05
-4.11232e-06
-2.04642e-05
-3.02748e-06
-1.86876e-05
-2.1277e-06
-1.69903e-05
-1.44979e-06
-1.54288e-05
-6.76991e-07
-1.39632e-05
3.11349e-07
-1.24634e-05
8.83193e-07
-1.0974e-05
1.3594e-06
-9.67218e-06
2.10649e-06
-8.4557e-06
3.01193e-06
-6.96356e-06
4.10725e-06
4.42827e-06
-5.057e-06
-1.35233e-05
1.83485e-05
-2.25406e-05
1.18535e-05
-2.85888e-05
6.45568e-06
-3.24164e-05
1.9138e-06
-3.46263e-05
-1.82919e-06
-3.58937e-05
-4.55418e-06
-3.67598e-05
-5.90227e-06
-3.69978e-05
-6.44523e-06
-3.65597e-05
-6.96056e-06
-3.55228e-05
-7.0314e-06
-3.41612e-05
-6.51179e-06
-3.25797e-05
-5.69387e-06
-3.06344e-05
-4.97274e-06
-2.83713e-05
-4.39081e-06
-2.60626e-05
-3.75843e-06
-2.37686e-05
-2.97097e-06
-2.13569e-05
-2.10041e-06
-1.90926e-05
-1.38104e-06
-1.71098e-05
-6.23403e-07
-1.52251e-05
2.21823e-07
-1.33305e-05
1.11735e-06
-1.11368e-05
1.91356e-06
2.08615e-06
-8.79465e-06
-1.7041e-05
3.53894e-05
-2.87528e-05
2.35654e-05
-3.62845e-05
1.39874e-05
-4.08562e-05
6.48544e-06
-4.33696e-05
6.84245e-07
-4.48595e-05
-3.06424e-06
-4.56156e-05
-5.14623e-06
-4.56896e-05
-6.37126e-06
-4.50189e-05
-7.63126e-06
-4.3593e-05
-8.45733e-06
-4.17332e-05
-8.37156e-06
-3.95943e-05
-7.83275e-06
-3.72314e-05
-7.33563e-06
-3.46881e-05
-6.93408e-06
-3.19987e-05
-6.44779e-06
-2.92041e-05
-5.76552e-06
-2.63786e-05
-4.9259e-06
-2.37377e-05
-4.02194e-06
-2.13034e-05
-3.05768e-06
-1.89565e-05
-2.12498e-06
-1.6571e-05
-1.2682e-06
-1.41066e-05
-5.50817e-07
-2.84668e-07
-1.17357e-05
-1.45243e-05
4.99137e-05
-2.82489e-05
3.729e-05
-3.919e-05
2.49285e-05
-4.51665e-05
1.24619e-05
-4.81418e-05
3.65957e-06
-4.95286e-05
-1.67735e-06
-5.03242e-05
-4.35069e-06
-5.05529e-05
-6.14253e-06
-4.98567e-05
-8.32741e-06
-4.81719e-05
-1.01421e-05
-4.60069e-05
-1.05366e-05
-4.37166e-05
-1.01231e-05
-4.12745e-05
-9.77775e-06
-3.85842e-05
-9.62427e-06
-3.56764e-05
-9.3556e-06
-3.26593e-05
-8.7826e-06
-2.96255e-05
-7.95962e-06
-2.66973e-05
-6.95012e-06
-2.39703e-05
-5.78463e-06
-2.13195e-05
-4.77572e-06
-1.86376e-05
-3.95014e-06
-1.60124e-05
-3.17594e-06
-2.69538e-06
-1.36017e-05
-4.99005e-06
5.49035e-05
-1.98911e-05
5.2191e-05
-3.17857e-05
3.68229e-05
-4.30494e-05
2.37255e-05
-4.83573e-05
8.9675e-06
-5.08502e-05
8.15542e-07
-5.21324e-05
-3.06846e-06
-5.25452e-05
-5.72968e-06
-5.17333e-05
-9.13925e-06
-4.99819e-05
-1.18935e-05
-4.79987e-05
-1.25197e-05
-4.58104e-05
-1.23114e-05
-4.34024e-05
-1.21858e-05
-4.07064e-05
-1.23202e-05
-3.77482e-05
-1.23138e-05
-3.46737e-05
-1.18571e-05
-3.15455e-05
-1.10878e-05
-2.84225e-05
-1.00732e-05
-2.55257e-05
-8.68141e-06
-2.27019e-05
-7.59961e-06
-1.97969e-05
-6.85513e-06
-1.69893e-05
-5.98357e-06
-4.87084e-06
-1.48138e-05
-4.67973e-06
5.95827e-05
-1.81e-06
4.93197e-05
-1.53758e-05
5.03875e-05
-2.75988e-05
3.59478e-05
-3.68137e-05
1.81822e-05
-4.38833e-05
7.88504e-06
-4.82867e-05
1.33502e-06
-4.96762e-05
-4.34014e-06
-5.03072e-05
-8.5082e-06
-4.99292e-05
-1.22716e-05
-4.92236e-05
-1.32254e-05
-4.68271e-05
-1.47079e-05
-4.45583e-05
-1.44547e-05
-4.18827e-05
-1.49958e-05
-3.89272e-05
-1.52694e-05
-3.58622e-05
-1.49221e-05
-3.27056e-05
-1.42445e-05
-2.93765e-05
-1.34022e-05
-2.62883e-05
-1.17696e-05
-2.33384e-05
-1.05495e-05
-2.02467e-05
-9.94688e-06
-1.6862e-05
-9.36832e-06
-7.30915e-06
-1.44237e-05
1.65861e-05
4.29958e-05
1.15059e-05
5.43989e-05
3.26058e-06
5.86322e-05
-2.91302e-06
4.2121e-05
-9.56595e-06
2.48348e-05
-1.54504e-05
1.37694e-05
-2.02389e-05
6.12354e-06
-2.42621e-05
-3.16728e-07
-2.90915e-05
-3.67851e-06
-3.60892e-05
-5.27354e-06
-4.17908e-05
-7.52383e-06
-4.52567e-05
-1.1242e-05
-4.45218e-05
-1.51895e-05
-4.23435e-05
-1.71741e-05
-3.98192e-05
-1.77937e-05
-3.68884e-05
-1.78529e-05
-3.36889e-05
-1.7444e-05
-3.06014e-05
-1.64898e-05
-2.72744e-05
-1.50966e-05
-2.37715e-05
-1.40525e-05
-2.09651e-05
-1.27533e-05
-2.06006e-05
-9.73262e-06
-4.8803e-06
-2.30291e-05
8.05779e-06
3.49371e-05
4.98194e-06
5.74749e-05
7.3571e-06
5.62572e-05
6.94926e-06
4.25289e-05
3.45732e-06
2.83267e-05
-1.44657e-06
1.86733e-05
-6.3963e-06
1.10733e-05
-1.11793e-05
4.46633e-06
-1.52303e-05
3.72485e-07
-2.06493e-05
1.457e-07
-2.48921e-05
-3.28079e-06
-2.87135e-05
-7.42037e-06
-3.08328e-05
-1.30701e-05
-3.18708e-05
-1.61359e-05
-3.20787e-05
-1.75856e-05
-3.17466e-05
-1.81848e-05
-3.10302e-05
-1.81602e-05
-3.00364e-05
-1.74835e-05
-2.88297e-05
-1.63031e-05
-2.79053e-05
-1.4977e-05
-2.7534e-05
-1.31244e-05
-2.77158e-05
-9.55093e-06
-3.47136e-06
-2.91243e-05
-4.56645e-06
3.95044e-05
2.37923e-06
5.05299e-05
9.74906e-06
4.88878e-05
1.20522e-05
4.02261e-05
1.0185e-05
3.01941e-05
6.76601e-06
2.20923e-05
2.48686e-06
1.53525e-05
-2.44197e-06
9.39512e-06
-6.7077e-06
4.63815e-06
-8.57951e-06
2.01749e-06
-1.16931e-05
-1.67065e-07
-1.38957e-05
-5.21765e-06
-1.69413e-05
-1.00244e-05
-1.98033e-05
-1.32739e-05
-2.21752e-05
-1.52137e-05
-2.40605e-05
-1.62995e-05
-2.55203e-05
-1.67003e-05
-2.65949e-05
-1.64088e-05
-2.74186e-05
-1.54793e-05
-2.82394e-05
-1.41562e-05
-2.92472e-05
-1.21168e-05
-3.01686e-05
-8.62943e-06
-3.8534e-06
-2.97862e-05
-2.22308e-07
3.97277e-05
5.62064e-06
4.46877e-05
1.14741e-05
4.30348e-05
1.42851e-05
3.74154e-05
1.4023e-05
3.04564e-05
1.20217e-05
2.40937e-05
8.99832e-06
1.83759e-05
5.34672e-06
1.30466e-05
2.00718e-06
7.97759e-06
-4.00322e-07
4.42488e-06
-1.73678e-06
1.16931e-06
-4.16096e-06
-2.79354e-06
-7.63021e-06
-6.55525e-06
-1.11966e-05
-9.70758e-06
-1.44593e-05
-1.1951e-05
-1.73515e-05
-1.34073e-05
-1.98942e-05
-1.41576e-05
-2.20867e-05
-1.42164e-05
-2.39447e-05
-1.36214e-05
-2.56536e-05
-1.24475e-05
-2.72355e-05
-1.05351e-05
-2.81646e-05
-7.70041e-06
-4.68198e-06
-2.73359e-05
1.91704e-06
3.78113e-05
6.96379e-06
3.96414e-05
1.17961e-05
3.82028e-05
1.47094e-05
3.45024e-05
1.54802e-05
2.96857e-05
1.47895e-05
2.47845e-05
1.31424e-05
2.00229e-05
1.08831e-05
1.53059e-05
8.34824e-06
1.05124e-05
6.25756e-06
6.51546e-06
4.34564e-06
3.08115e-06
1.82908e-06
-2.77054e-07
-1.33599e-06
-3.39026e-06
-4.77108e-06
-6.27257e-06
-8.16104e-06
-8.56107e-06
-1.13652e-05
-1.02032e-05
-1.43218e-05
-1.12011e-05
-1.69853e-05
-1.15529e-05
-1.93223e-05
-1.12844e-05
-2.13468e-05
-1.04231e-05
-2.29602e-05
-8.92192e-06
-2.38323e-05
-6.82839e-06
-4.98064e-06
-2.35335e-05
2.62373e-06
3.5188e-05
6.85892e-06
3.54065e-05
1.09246e-05
3.41374e-05
1.38052e-05
3.16219e-05
1.52674e-05
2.82235e-05
1.55906e-05
2.44614e-05
1.50755e-05
2.0538e-05
1.39251e-05
1.64563e-05
1.21618e-05
1.22756e-05
1.02764e-05
8.40083e-06
8.26992e-06
5.08753e-06
5.86656e-06
2.12624e-06
3.11921e-06
-6.42978e-07
7.77204e-08
-3.23113e-06
-3.0593e-06
-5.42412e-06
-6.14577e-06
-7.11678e-06
-9.08238e-06
-8.26449e-06
-1.17852e-05
-8.85016e-06
-1.41837e-05
-8.88597e-06
-1.62165e-05
-8.39051e-06
-1.7765e-05
-7.37352e-06
-1.86205e-05
-5.9729e-06
-4.9668e-06
-1.86342e-05
2.5373e-06
3.26508e-05
6.01027e-06
3.19336e-05
9.4257e-06
3.07221e-05
1.21632e-05
2.88844e-05
1.39906e-05
2.63962e-05
1.49745e-05
2.34774e-05
1.52403e-05
2.02721e-05
1.48546e-05
1.68421e-05
1.38453e-05
1.32849e-05
1.23555e-05
9.8906e-06
1.05842e-05
6.85874e-06
8.56545e-06
4.14498e-06
6.28298e-06
1.63946e-06
3.73491e-06
-6.83105e-07
1.02492e-06
-2.71417e-06
-1.72148e-06
-4.37041e-06
-4.38899e-06
-5.59699e-06
-6.87732e-06
-6.36184e-06
-9.10271e-06
-6.6606e-06
-1.09837e-05
-6.50963e-06
-1.2404e-05
-5.9533e-06
-1.32372e-05
-5.13972e-06
-4.72865e-06
-1.34751e-05
2.12195e-06
3.05289e-05
4.90141e-06
2.91542e-05
7.74112e-06
2.78823e-05
1.02396e-05
2.63859e-05
1.2181e-05
2.44548e-05
1.35177e-05
2.21407e-05
1.42623e-05
1.95274e-05
1.44177e-05
1.66866e-05
1.39802e-05
1.37224e-05
1.30444e-05
1.08264e-05
1.17564e-05
8.14668e-06
1.02033e-05
5.69805e-06
8.40651e-06
3.43626e-06
6.37281e-06
1.35057e-06
4.1663e-06
-5.07672e-07
1.88038e-06
-2.0845e-06
-3.84661e-07
-3.33194e-06
-2.52898e-06
-4.21749e-06
-4.46413e-06
-4.72545e-06
-6.10321e-06
-4.87061e-06
-7.35788e-06
-4.69868e-06
-8.15305e-06
-4.34452e-06
-4.38586e-06
-8.49556e-06
1.63339e-06
2.88954e-05
3.81277e-06
2.69747e-05
6.14225e-06
2.55528e-05
8.34548e-06
2.41826e-05
1.02318e-05
2.25684e-05
1.17049e-05
2.06676e-05
1.27182e-05
1.85141e-05
1.32404e-05
1.61645e-05
1.32582e-05
1.37045e-05
1.28247e-05
1.12599e-05
1.20355e-05
8.93581e-06
1.09677e-05
6.76582e-06
9.65995e-06
4.74402e-06
8.13845e-06
2.87206e-06
6.45079e-06
1.17998e-06
4.66377e-06
-2.97481e-07
2.85698e-06
-1.52513e-06
1.11462e-06
-2.47511e-06
-4.7803e-07
-3.13278e-06
-1.84135e-06
-3.50736e-06
-2.90522e-06
-3.63482e-06
-3.62979e-06
-3.61993e-06
-4.00875e-06
-4.00661e-06
1.20453e-06
2.76907e-05
2.88144e-06
2.52977e-05
4.7671e-06
2.36671e-05
6.65902e-06
2.22906e-05
8.39538e-06
2.0832e-05
9.86709e-06
1.91958e-05
1.10032e-05
1.7378e-05
1.17563e-05
1.54113e-05
1.21053e-05
1.33555e-05
1.20733e-05
1.12919e-05
1.17175e-05
9.29157e-06
1.10941e-05
7.38925e-06
1.02426e-05
5.59549e-06
9.1947e-06
3.91995e-06
7.99148e-06
2.3832e-06
6.68356e-06
1.01045e-06
5.33091e-06
-1.72466e-07
4.00111e-06
-1.14527e-06
2.76387e-06
-1.89553e-06
1.68783e-06
-2.43138e-06
8.37623e-07
-2.78463e-06
2.64983e-07
-3.04725e-06
-3.60748e-06
-1.35989e-07
8.69696e-07
2.68208e-05
2.15294e-06
2.40143e-05
3.66706e-06
2.21528e-05
5.26349e-06
2.06941e-05
6.80924e-06
1.92862e-05
8.20073e-06
1.78043e-05
9.36201e-06
1.62166e-05
1.02405e-05
1.45328e-05
1.08087e-05
1.27872e-05
1.10714e-05
1.10292e-05
1.10583e-05
9.30461e-06
1.08056e-05
7.64188e-06
1.03455e-05
6.05558e-06
9.70773e-06
4.55772e-06
8.9264e-06
3.16452e-06
8.04179e-06
1.89507e-06
7.10047e-06
7.6887e-07
6.15351e-06
-1.98286e-07
5.25694e-06
-9.9895e-07
4.46065e-06
-1.63515e-06
3.81084e-06
-2.13484e-06
3.32672e-06
-2.56311e-06
-3.31174e-06
3.03125e-06
6.34562e-07
2.61861e-05
1.62538e-06
2.30234e-05
2.84417e-06
2.0934e-05
4.18181e-06
1.93564e-05
5.53231e-06
1.79356e-05
6.80563e-06
1.65309e-05
7.93096e-06
1.50912e-05
8.85695e-06
1.36068e-05
9.55343e-06
1.20907e-05
1.00136e-05
1.0569e-05
1.02497e-05
9.06851e-06
1.02826e-05
7.60892e-06
1.01351e-05
6.20305e-06
9.83093e-06
4.8619e-06
9.39713e-06
3.59832e-06
8.86525e-06
2.42695e-06
8.27144e-06
1.36269e-06
7.65517e-06
4.18008e-07
7.05639e-06
-4.0017e-07
6.51776e-06
-1.09658e-06
6.06846e-06
-1.68559e-06
5.72863e-06
-2.22326e-06
-3.09809e-06
5.51525e-06
4.91085e-07
2.56948e-05
1.27904e-06
2.22353e-05
2.27614e-06
1.99367e-05
3.40194e-06
1.82305e-05
4.57396e-06
1.67635e-05
5.71807e-06
1.53867e-05
6.77315e-06
1.40361e-05
7.69304e-06
1.26868e-05
8.44795e-06
1.13357e-05
9.02526e-06
9.99164e-06
9.42664e-06
8.66709e-06
9.66238e-06
7.37315e-06
9.7469e-06
6.1185e-06
9.6973e-06
4.91147e-06
9.53392e-06
3.76168e-06
9.28067e-06
2.68019e-06
8.96484e-06
1.67852e-06
8.61641e-06
7.66453e-07
8.26675e-06
-5.05085e-08
7.94236e-06
-7.72266e-07
7.66947e-06
-1.41273e-06
7.46464e-06
-2.01842e-06
-2.95289e-06
7.31969e-06
4.23864e-07
2.52708e-05
1.08808e-06
2.15709e-05
1.93057e-06
1.90941e-05
2.89389e-06
1.72671e-05
3.91494e-06
1.57423e-05
4.9351e-06
1.43665e-05
5.90449e-06
1.30666e-05
6.78412e-06
1.18071e-05
7.54713e-06
1.05727e-05
8.17905e-06
9.35968e-06
8.67607e-06
8.17003e-06
9.04181e-06
7.00737e-06
9.28444e-06
5.87584e-06
9.41542e-06
4.78046e-06
9.44925e-06
3.72784e-06
9.40336e-06
2.72606e-06
9.29798e-06
1.7839e-06
9.1549e-06
9.09548e-07
8.9958e-06
1.08576e-07
8.8441e-06
-6.20632e-07
8.71417e-06
-1.28284e-06
8.61516e-06
-1.9194e-06
-2.89613e-06
8.55866e-06
4.22069e-07
2.48485e-05
1.02477e-06
2.09681e-05
1.77171e-06
1.83471e-05
2.61929e-06
1.64194e-05
3.52049e-06
1.4841e-05
4.43076e-06
1.34562e-05
5.31141e-06
1.21859e-05
6.13142e-06
1.0987e-05
6.86847e-06
9.83558e-06
7.509e-06
8.7191e-06
8.0472e-06
7.63178e-06
8.48314e-06
6.5714e-06
8.82099e-06
5.53795e-06
9.06802e-06
4.5334e-06
9.23416e-06
3.56167e-06
9.33177e-06
2.62844e-06
9.37514e-06
1.74053e-06
9.37999e-06
9.04708e-07
9.36308e-06
1.25481e-07
9.33608e-06
-5.93705e-07
9.31395e-06
-1.26074e-06
9.30538e-06
-1.91083e-06
-2.88872e-06
9.29821e-06
4.69661e-07
2.43787e-05
1.06477e-06
2.03728e-05
1.7644e-06
1.76473e-05
2.53697e-06
1.56467e-05
3.34841e-06
1.40295e-05
4.1664e-06
1.26381e-05
4.96262e-06
1.13896e-05
5.71411e-06
1.02355e-05
6.4039e-06
9.14573e-06
7.0211e-06
8.10185e-06
7.5602e-06
7.09262e-06
8.02004e-06
6.11151e-06
8.4027e-06
5.15525e-06
8.71277e-06
4.22329e-06
8.95698e-06
3.31743e-06
9.14387e-06
2.44154e-06
9.28346e-06
1.60093e-06
9.38659e-06
8.01591e-07
9.46309e-06
4.89642e-08
9.52521e-06
-6.55879e-07
9.578e-06
-1.31358e-06
9.62485e-06
-1.95765e-06
-2.93309e-06
9.66944e-06
5.55324e-07
2.38231e-05
1.18435e-06
1.97436e-05
1.87464e-06
1.69569e-05
2.60545e-06
1.49158e-05
3.35352e-06
1.32813e-05
4.09697e-06
1.18945e-05
4.81681e-06
1.06697e-05
5.49773e-06
9.55451e-06
6.12844e-06
8.51495e-06
6.70164e-06
7.52859e-06
7.2136e-06
6.58061e-06
7.6635e-06
5.66156e-06
8.0528e-06
4.76592e-06
8.38474e-06
3.89131e-06
8.66404e-06
3.0381e-06
8.89666e-06
2.2089e-06
9.08934e-06
1.40824e-06
9.24938e-06
6.41553e-07
9.38437e-06
-8.60273e-08
9.49779e-06
-7.6937e-07
9.59695e-06
-1.41276e-06
9.68564e-06
-2.04637e-06
-2.99035e-06
9.74312e-06
6.6866e-07
2.31543e-05
1.36101e-06
1.90511e-05
2.07007e-06
1.62477e-05
2.78452e-06
1.42012e-05
3.4905e-06
1.25752e-05
4.17519e-06
1.12098e-05
4.82786e-06
1.0017e-05
5.44026e-06
8.94204e-06
6.0067e-06
7.94846e-06
6.52387e-06
7.01136e-06
6.99061e-06
6.11383e-06
7.40744e-06
5.24468e-06
7.77624e-06
4.39707e-06
8.0999e-06
3.56762e-06
8.38213e-06
2.75584e-06
8.62721e-06
1.9638e-06
8.83986e-06
1.19558e-06
9.02455e-06
4.56868e-07
9.18465e-06
-2.46135e-07
9.32535e-06
-9.10128e-07
9.44743e-06
-1.53488e-06
9.55051e-06
-2.14939e-06
-3.0717e-06
9.63205e-06
8.0132e-07
2.23527e-05
1.57412e-06
1.82781e-05
2.32032e-06
1.55013e-05
3.03618e-06
1.34852e-05
3.71589e-06
1.18954e-05
4.35457e-06
1.0571e-05
4.94883e-06
9.42263e-06
5.49684e-06
8.39395e-06
5.99817e-06
7.44707e-06
6.45355e-06
6.55592e-06
6.86471e-06
5.70262e-06
7.23407e-06
4.87528e-06
7.56454e-06
4.06656e-06
7.85937e-06
3.27276e-06
8.12198e-06
2.4932e-06
8.35584e-06
1.72992e-06
8.5642e-06
9.87212e-07
8.74993e-06
2.71136e-07
8.91588e-06
-4.12085e-07
9.06047e-06
-1.05478e-06
9.18808e-06
-1.6625e-06
9.2985e-06
-2.25985e-06
-3.14128e-06
9.36828e-06
9.41541e-07
2.1411e-05
1.80448e-06
1.7415e-05
2.59847e-06
1.47072e-05
3.3266e-06
1.2757e-05
3.99043e-06
1.12315e-05
4.5923e-06
9.96907e-06
5.13542e-06
8.87944e-06
5.62374e-06
7.90557e-06
6.06164e-06
7.00911e-06
6.45372e-06
6.16379e-06
6.8046e-06
5.3517e-06
7.11876e-06
4.56107e-06
7.4005e-06
3.78479e-06
7.65381e-06
3.01941e-06
7.88234e-06
2.26464e-06
8.08934e-06
1.52291e-06
8.27744e-06
7.991e-07
8.44846e-06
1.00117e-07
8.60211e-06
-5.65741e-07
8.74049e-06
-1.1932e-06
8.8616e-06
-1.78366e-06
8.95965e-06
-2.35783e-06
-3.20764e-06
9.02614e-06
1.08218e-06
2.03286e-05
2.03772e-06
1.64593e-05
2.88304e-06
1.38618e-05
3.6281e-06
1.20118e-05
4.2814e-06
1.05781e-05
4.85195e-06
9.39845e-06
5.34902e-06
8.3823e-06
5.78181e-06
7.47272e-06
6.15907e-06
6.6318e-06
6.48889e-06
5.83392e-06
6.77858e-06
5.06196e-06
7.03464e-06
4.30498e-06
7.26277e-06
3.55663e-06
7.46789e-06
2.81426e-06
7.65423e-06
2.07829e-06
7.82516e-06
1.35196e-06
7.98311e-06
6.41152e-07
8.12937e-06
-4.6146e-08
8.26425e-06
-7.00613e-07
8.3849e-06
-1.3139e-06
8.49189e-06
-1.89064e-06
8.57927e-06
-2.44528e-06
-3.24596e-06
8.61776e-06
1.21922e-06
1.91092e-05
2.26499e-06
1.54134e-05
3.16014e-06
1.29665e-05
3.9216e-06
1.12503e-05
4.56496e-06
9.93467e-06
5.10577e-06
8.85757e-06
5.55915e-06
7.92887e-06
5.93915e-06
7.09267e-06
6.25847e-06
6.31243e-06
6.52826e-06
5.56409e-06
6.75814e-06
4.83205e-06
6.95631e-06
4.10677e-06
7.12975e-06
3.38317e-06
7.28432e-06
2.65967e-06
7.42486e-06
1.93774e-06
7.5552e-06
1.22162e-06
7.67804e-06
5.18317e-07
7.79445e-06
-1.62543e-07
7.90316e-06
-8.09314e-07
8.00427e-06
-1.41504e-06
8.0933e-06
-1.9797e-06
8.16083e-06
-2.5127e-06
-3.27732e-06
8.19233e-06
1.35348e-06
1.77556e-05
2.4851e-06
1.42816e-05
3.42498e-06
1.20265e-05
4.19799e-06
1.04772e-05
4.82744e-06
9.30516e-06
5.33602e-06
8.34894e-06
5.74484e-06
7.52001e-06
6.07271e-06
6.76476e-06
6.33586e-06
6.04925e-06
6.54798e-06
5.35195e-06
6.72046e-06
4.65954e-06
6.86278e-06
3.96443e-06
6.98281e-06
3.26312e-06
7.08715e-06
2.55533e-06
7.1813e-06
1.84359e-06
7.2697e-06
1.13323e-06
7.35551e-06
4.32524e-07
7.44028e-06
-2.47296e-07
7.52402e-06
-8.93023e-07
7.60232e-06
-1.49335e-06
7.67269e-06
-2.05001e-06
7.72692e-06
-2.56694e-06
-3.28242e-06
7.73222e-06
1.48968e-06
1.62658e-05
2.70516e-06
1.30661e-05
3.68333e-06
1.10483e-05
4.45898e-06
9.70148e-06
5.06561e-06
8.69849e-06
5.53482e-06
7.87969e-06
5.89457e-06
7.16023e-06
6.16845e-06
6.49085e-06
6.3758e-06
5.84189e-06
6.53215e-06
5.19558e-06
6.64996e-06
4.54172e-06
6.7393e-06
3.87509e-06
6.80842e-06
3.19399e-06
6.86433e-06
2.49942e-06
6.91304e-06
1.79489e-06
6.95973e-06
1.08655e-06
7.00857e-06
3.83715e-07
7.062e-06
-3.00694e-07
7.11914e-06
-9.50127e-07
7.17836e-06
-1.55255e-06
7.23163e-06
-2.10325e-06
7.26661e-06
-2.60178e-06
-3.27623e-06
7.26056e-06
1.64032e-06
1.46255e-05
2.94329e-06
1.1763e-05
3.95201e-06
1.00395e-05
4.71623e-06
8.93722e-06
5.28504e-06
8.12965e-06
5.70247e-06
7.46224e-06
6.00476e-06
6.85793e-06
6.22033e-06
6.27527e-06
6.37088e-06
5.69133e-06
6.47285e-06
5.09361e-06
6.53873e-06
4.47584e-06
6.5783e-06
3.83552e-06
6.59951e-06
3.17278e-06
6.60926e-06
2.48969e-06
6.61388e-06
1.79029e-06
6.61938e-06
1.08108e-06
6.6312e-06
3.71926e-07
6.65343e-06
-3.22874e-07
6.68733e-06
-9.83971e-07
6.72744e-06
-1.59262e-06
6.76564e-06
-2.14136e-06
6.789e-06
-2.62512e-06
-3.24448e-06
6.75744e-06
1.82632e-06
1.27991e-05
3.22997e-06
1.03594e-05
4.25854e-06
9.01096e-06
4.98887e-06
8.20687e-06
5.49666e-06
7.62185e-06
5.84401e-06
7.11489e-06
6.07699e-06
6.62495e-06
6.22824e-06
6.12402e-06
6.32045e-06
5.59912e-06
6.36942e-06
5.04466e-06
6.38636e-06
4.4589e-06
6.37967e-06
3.84223e-06
6.35612e-06
3.19635e-06
6.32187e-06
2.52396e-06
6.28321e-06
1.82899e-06
6.247e-06
1.11732e-06
6.22065e-06
3.98319e-07
6.21082e-06
-3.12977e-07
6.22016e-06
-9.93253e-07
6.24475e-06
-1.61716e-06
6.27052e-06
-2.16706e-06
6.27872e-06
-2.63315e-06
-3.20493e-06
6.23934e-06
2.08129e-06
1.07178e-05
3.60922e-06
8.83146e-06
4.63719e-06
7.983e-06
5.29694e-06
7.54712e-06
5.71019e-06
7.20862e-06
5.96401e-06
6.86108e-06
6.1143e-06
6.47467e-06
6.19558e-06
6.04276e-06
6.22894e-06
5.56577e-06
6.22743e-06
5.04619e-06
6.19935e-06
4.48699e-06
6.15049e-06
3.89112e-06
6.0855e-06
3.26137e-06
6.00906e-06
2.60043e-06
5.92691e-06
1.91117e-06
5.84669e-06
1.19759e-06
5.77835e-06
4.6671e-07
5.73292e-06
-2.67486e-07
5.71841e-06
-9.78663e-07
5.72792e-06
-1.6266e-06
5.7432e-06
-2.18221e-06
5.74022e-06
-2.63007e-06
-3.14234e-06
5.67782e-06
2.44845e-06
8.26941e-06
4.13347e-06
7.14648e-06
5.11736e-06
6.99915e-06
5.64814e-06
7.01636e-06
5.92368e-06
6.9331e-06
6.05977e-06
6.72501e-06
6.11722e-06
6.41723e-06
6.12699e-06
6.03301e-06
6.1046e-06
5.58818e-06
6.05777e-06
5.09304e-06
5.99036e-06
4.55443e-06
5.90448e-06
3.97703e-06
5.80182e-06
3.36406e-06
5.68479e-06
2.71749e-06
5.55783e-06
2.03818e-06
5.42899e-06
1.32648e-06
5.31134e-06
5.84405e-07
5.22267e-06
-1.78737e-07
5.1781e-06
-9.34026e-07
5.17419e-06
-1.6226e-06
5.18061e-06
-2.18853e-06
5.15909e-06
-2.60839e-06
-3.05952e-06
5.07643e-06
2.97679e-06
5.29272e-06
4.84464e-06
5.27868e-06
5.68939e-06
6.15443e-06
6.00975e-06
6.69603e-06
6.10729e-06
6.83558e-06
6.11385e-06
6.71846e-06
6.08091e-06
6.4502e-06
6.02727e-06
6.08667e-06
5.95868e-06
5.65678e-06
5.87574e-06
5.17601e-06
5.77706e-06
4.65313e-06
5.66071e-06
4.09341e-06
5.52497e-06
3.49983e-06
5.36925e-06
2.87324e-06
5.19567e-06
2.2118e-06
5.01145e-06
1.51074e-06
4.83265e-06
7.6326e-07
4.68612e-06
-3.21474e-08
4.60407e-06
-8.51908e-07
4.58048e-06
-1.59893e-06
4.57682e-06
-2.18475e-06
4.53579e-06
-2.56726e-06
-2.93417e-06
4.41057e-06
3.68957e-06
1.60323e-06
5.66433e-06
3.30398e-06
6.19575e-06
5.62305e-06
6.25322e-06
6.63859e-06
6.18425e-06
6.90457e-06
6.09075e-06
6.81199e-06
5.99639e-06
6.54458e-06
5.9028e-06
6.18028e-06
5.80582e-06
5.75378e-06
5.70012e-06
5.28173e-06
5.58034e-06
4.77293e-06
5.44127e-06
4.2325e-06
5.27803e-06
3.6631e-06
5.08668e-06
3.06462e-06
4.86569e-06
2.43282e-06
4.61921e-06
1.75726e-06
4.3637e-06
1.01882e-06
4.13512e-06
1.96488e-07
3.99436e-06
-7.11093e-07
3.93926e-06
-1.54376e-06
3.93026e-06
-2.17567e-06
3.84727e-06
-2.48416e-06
-2.75333e-06
3.66656e-06
4.00075e-06
-2.39745e-06
5.86879e-06
1.43598e-06
6.06636e-06
5.42551e-06
6.10545e-06
6.59953e-06
6.04684e-06
6.9632e-06
5.96109e-06
6.89775e-06
5.86874e-06
6.63694e-06
5.77266e-06
6.27639e-06
5.67008e-06
5.85637e-06
5.55635e-06
5.39548e-06
5.42581e-06
4.90349e-06
5.27208e-06
4.38625e-06
5.08821e-06
3.84699e-06
4.86709e-06
3.28576e-06
4.60283e-06
2.6971e-06
4.294e-06
2.06611e-06
3.95071e-06
1.36214e-06
3.61606e-06
5.3117e-07
3.38658e-06
-4.81581e-07
3.22296e-06
-1.3801e-06
3.0749e-06
-2.02755e-06
2.9647e-06
-2.3739e-06
-2.54579e-06
2.75722e-06
1.25286e-06
3.39786e-06
4.77344e-06
5.47004e-06
5.72624e-06
5.77988e-06
5.74821e-06
5.67784e-06
5.58508e-06
5.47345e-06
5.34052e-06
5.18067e-06
4.98627e-06
4.7483e-06
4.45753e-06
4.10762e-06
3.69826e-06
3.24801e-06
2.83382e-06
2.41694e-06
1.86161e-06
1.4586e-06
1.25222e-06
1.23654e-05
3.03198e-06
1.19266e-05
4.38729e-07
1.27671e-05
-8.40458e-07
-2.64724e-06
1.54143e-05
1.37059e-05
2.87946e-06
1.16427e-05
2.50196e-06
9.69533e-06
1.10691e-06
-8.05136e-07
7.85322e-06
6.23365e-06
3.20376e-06
6.18021e-06
2.55541e-06
5.85079e-06
1.43633e-06
2.19978e-07
4.82568e-06
2.59192e-07
2.50204e-06
8.70539e-07
1.94405e-06
9.59618e-07
1.34725e-06
7.53822e-07
4.25772e-07
-4.22219e-06
1.66723e-06
-3.63971e-06
1.36157e-06
-3.32397e-06
1.0315e-06
7.33438e-07
-3.30359e-06
-7.90855e-06
7.81137e-07
-7.17122e-06
6.24236e-07
-6.6362e-06
4.96497e-07
4.13125e-07
-6.31589e-06
-1.07206e-05
-2.33958e-07
-9.83019e-06
-2.66181e-07
-9.1134e-06
-2.20301e-07
-1.13483e-07
-8.58679e-06
-1.26056e-05
-1.23006e-06
-1.1722e-05
-1.14981e-06
-1.10012e-05
-9.41119e-07
-6.79982e-07
-1.04347e-05
-1.39075e-05
-2.13638e-06
-1.30685e-05
-1.98879e-06
-1.24051e-05
-1.60461e-06
-1.19033e-06
-1.18947e-05
-1.42915e-05
-2.26851e-06
-1.46039e-05
-1.67652e-06
-1.46105e-05
-1.59807e-06
-2.05182e-06
-1.37491e-05
-2.61985e-05
9.01103e-07
-3.02274e-05
2.35246e-06
-3.27888e-05
9.63281e-07
-1.6108e-06
-3.32299e-05
-2.90362e-05
8.13222e-07
-2.80898e-05
1.40606e-06
-2.75907e-05
4.64207e-07
-9.80305e-07
-2.82213e-05
-2.82746e-05
-6.98306e-07
-2.65606e-05
-3.07909e-07
-2.55665e-05
-5.30118e-07
-1.10625e-06
-2.54407e-05
-2.63837e-05
-1.65059e-06
-2.51812e-05
-1.51056e-06
-2.42497e-05
-1.46173e-06
-1.47017e-06
-2.3886e-05
-2.29045e-05
-2.27958e-06
-2.21545e-05
-2.26063e-06
-2.15038e-05
-2.1127e-06
-1.85055e-06
-2.11236e-05
-1.83227e-05
-2.59109e-06
-1.79358e-05
-2.6476e-06
-1.75513e-05
-2.49739e-06
-2.13377e-06
-1.72683e-05
-1.33664e-05
-2.69971e-06
-1.31993e-05
-2.81488e-06
-1.30013e-05
-2.69553e-06
-2.31535e-06
-1.28199e-05
-8.49956e-06
-2.69569e-06
-8.45349e-06
-2.86101e-06
-8.35808e-06
-2.79113e-06
-2.42603e-06
-8.24759e-06
-4.0593e-06
-2.64299e-06
-4.06773e-06
-2.85268e-06
-4.03545e-06
-2.82357e-06
-2.48582e-06
-3.97586e-06
-2.15109e-07
-2.56385e-06
-2.47612e-07
-2.82022e-06
-2.32574e-07
-2.83879e-06
-2.52908e-06
-1.89488e-07
2.97067e-06
-2.50325e-06
2.94132e-06
-2.79097e-06
2.94069e-06
-2.8383e-06
-2.55144e-06
2.96287e-06
5.47284e-06
-2.46084e-06
5.45253e-06
-2.7707e-06
5.46009e-06
-2.84603e-06
-2.57203e-06
5.48052e-06
7.29984e-06
-2.44097e-06
7.29466e-06
-2.76563e-06
7.30014e-06
-2.85164e-06
-2.58895e-06
7.31689e-06
8.55465e-06
-2.43695e-06
8.55775e-06
-2.76874e-06
8.57447e-06
-2.86853e-06
-2.61117e-06
8.59655e-06
9.30956e-06
-2.44826e-06
9.32167e-06
-2.78096e-06
9.33358e-06
-2.88053e-06
-2.62937e-06
9.35162e-06
9.68732e-06
-2.46614e-06
9.70076e-06
-2.79439e-06
9.7194e-06
-2.89932e-06
-2.65011e-06
9.74002e-06
9.76511e-06
-2.48812e-06
9.77957e-06
-2.80896e-06
9.78722e-06
-2.90704e-06
-2.66239e-06
9.79936e-06
9.64917e-06
-2.50522e-06
9.65607e-06
-2.8158e-06
9.66339e-06
-2.91451e-06
-2.67175e-06
9.67267e-06
9.38056e-06
-2.51745e-06
9.3807e-06
-2.81606e-06
9.37178e-06
-2.90561e-06
-2.66779e-06
9.36771e-06
9.02793e-06
-2.51923e-06
9.01602e-06
-2.80407e-06
9.00229e-06
-2.89201e-06
-2.65696e-06
8.99141e-06
8.60933e-06
-2.51078e-06
8.58629e-06
-2.78116e-06
8.55253e-06
-2.85824e-06
-2.62967e-06
8.52515e-06
8.16846e-06
-2.48688e-06
8.12831e-06
-2.74088e-06
8.08453e-06
-2.81457e-06
-2.59165e-06
8.04652e-06
7.695e-06
-2.44959e-06
7.63949e-06
-2.68546e-06
7.57321e-06
-2.74821e-06
-2.53491e-06
7.51643e-06
7.20833e-06
-2.39731e-06
7.13559e-06
-2.61255e-06
7.05808e-06
-2.67074e-06
-2.4665e-06
6.98971e-06
6.6931e-06
-2.33291e-06
6.60678e-06
-2.5263e-06
6.50889e-06
-2.57276e-06
-2.3806e-06
6.42301e-06
6.16185e-06
-2.25534e-06
6.06087e-06
-2.42514e-06
5.95344e-06
-2.46532e-06
-2.28381e-06
5.85673e-06
5.58988e-06
-2.16731e-06
5.47803e-06
-2.3133e-06
5.35467e-06
-2.34183e-06
-2.17177e-06
5.24269e-06
4.977e-06
-2.06779e-06
4.85397e-06
-2.19011e-06
4.72369e-06
-2.21149e-06
-2.05111e-06
4.60313e-06
4.29557e-06
-1.95272e-06
4.15704e-06
-2.05158e-06
4.00894e-06
-2.0633e-06
-1.91611e-06
3.87402e-06
3.52594e-06
-1.81205e-06
3.35342e-06
-1.87897e-06
3.17632e-06
-1.88614e-06
-1.76512e-06
3.02541e-06
2.56485e-06
-1.61963e-06
2.35107e-06
-1.66517e-06
2.12732e-06
-1.66234e-06
-1.56758e-06
1.92985e-06
1.13858e-06
1.03026e-06
9.16392e-07
8.02013e-07
8.53031e-06
-8.85935e-06
7.6294e-06
-2.56999e-06
5.66792e-06
1.68672e-06
3.41573e-06
4.03219e-06
4.87207e-07
5.31807e-06
-1.4978e-06
4.05008e-06
-1.80199e-06
2.22931e-06
-1.92481e-06
2.53537e-06
-2.18793e-06
4.24851e-06
-1.324e-06
6.6495e-06
-7.9932e-07
7.97406e-06
-2.2962e-07
8.91484e-06
1.7261e-07
8.90229e-06
-3.42196e-07
6.64903e-06
-9.74407e-07
2.501e-06
-1.57048e-06
-3.65463e-06
-1.38495e-06
-1.04967e-05
-4.81205e-07
-1.67865e-05
-7.90966e-06
4.35723e-06
-5.36337e-06
3.83158e-06
-2.04434e-06
3.64308e-06
1.87523e-06
1.9809e-06
5.69437e-06
-2.58399e-07
7.55737e-06
-1.04175e-06
4.83343e-06
-2.28451e-06
3.47208e-06
-2.82863e-06
3.07949e-06
-2.98736e-06
4.40725e-06
-2.40524e-06
6.06739e-06
-1.67427e-06
7.24309e-06
-8.03893e-07
8.04446e-06
-5.1977e-08
8.15038e-06
-6.2922e-08
6.65998e-06
-7.96047e-07
3.23413e-06
-2.39341e-06
-2.05727e-06
-4.34995e-06
-8.54013e-06
-6.35231e-06
-1.47841e-05
-1.4262e-05
1.47003e-06
-2.00772e-06
-3.93803e-08
-5.34921e-07
-5.29893e-07
2.36575e-06
-3.57969e-07
5.52246e-06
4.82934e-08
7.15112e-06
-8.78643e-07
5.76038e-06
-1.76165e-06
4.35509e-06
-2.27608e-06
3.59393e-06
-2.21942e-06
4.35059e-06
-1.63259e-06
5.48056e-06
-7.41452e-07
6.35196e-06
3.68386e-07
6.93463e-06
1.48012e-06
7.03865e-06
2.00784e-06
6.13227e-06
1.53524e-06
3.70672e-06
-2.29881e-07
-2.92143e-07
-3.38554e-06
-5.38446e-06
-5.38632e-06
-1.27833e-05
-1.96483e-05
-1.60617e-06
2.42257e-08
-2.85142e-06
7.10342e-07
-3.22171e-06
2.73604e-06
-2.7876e-06
5.08836e-06
-2.08998e-06
6.45351e-06
-2.08767e-06
5.75808e-06
-2.3835e-06
4.65092e-06
-2.79014e-06
4.00058e-06
-2.59214e-06
4.15259e-06
-1.77468e-06
4.66311e-06
-5.35355e-07
5.11264e-06
1.00768e-06
5.3916e-06
2.75681e-06
5.28953e-06
4.4414e-06
4.44769e-06
5.51242e-06
2.63572e-06
5.21953e-06
7.58559e-10
3.16718e-06
-3.3321e-06
6.69307e-07
-1.02854e-05
-1.8979e-05
-4.17655e-06
8.97195e-07
-4.92034e-06
1.45413e-06
-5.14509e-06
2.96081e-06
-4.74204e-06
4.68532e-06
-4.00947e-06
5.72094e-06
-3.78318e-06
5.53179e-06
-3.97408e-06
4.84183e-06
-4.21351e-06
4.24001e-06
-4.06588e-06
4.00497e-06
-3.35296e-06
3.95018e-06
-2.13558e-06
3.89526e-06
-5.14587e-07
3.77062e-06
1.47361e-06
3.30134e-06
3.67663e-06
2.24469e-06
5.75619e-06
5.56186e-07
7.27624e-06
-1.51927e-06
7.89744e-06
-3.95327e-06
5.95722e-06
-8.3452e-06
-1.30217e-05
-6.30617e-06
8.87473e-07
-6.50618e-06
1.65415e-06
-6.48882e-06
2.94345e-06
-6.11233e-06
4.30883e-06
-5.60993e-06
5.21854e-06
-5.42936e-06
5.35122e-06
-5.58112e-06
4.99359e-06
-5.8141e-06
4.47298e-06
-5.77914e-06
3.97001e-06
-5.25917e-06
3.43021e-06
-4.22114e-06
2.85723e-06
-2.78551e-06
2.33499e-06
-9.45485e-07
1.46133e-06
1.2826e-06
1.662e-08
3.70171e-06
-1.86291e-06
6.03291e-06
-3.85046e-06
7.59245e-06
-5.51281e-06
6.50964e-06
-7.26239e-06
-6.51209e-06
-8.01157e-06
3.12247e-07
-7.747e-06
1.38959e-06
-7.48011e-06
2.67656e-06
-7.09341e-06
3.92213e-06
-6.70928e-06
4.83441e-06
-6.59817e-06
5.2401e-06
-6.75553e-06
5.15095e-06
-7.01724e-06
4.73469e-06
-7.11805e-06
4.07083e-06
-6.80897e-06
3.12113e-06
-5.90914e-06
1.95741e-06
-4.62507e-06
1.05093e-06
-2.90293e-06
-2.60807e-07
-8.96398e-07
-1.98991e-06
1.42667e-06
-4.18599e-06
4.00388e-06
-6.42768e-06
5.92595e-06
-7.43492e-06
5.04301e-06
-6.37948e-06
-1.46908e-06
-9.40971e-06
-7.12739e-07
-8.74124e-06
7.21121e-07
-8.20219e-06
2.13751e-06
-7.72729e-06
3.44724e-06
-7.39145e-06
4.49859e-06
-7.25788e-06
5.10655e-06
-7.34234e-06
5.23542e-06
-7.55474e-06
4.9471e-06
-7.69045e-06
4.20654e-06
-7.59181e-06
3.0225e-06
-6.95009e-06
1.31569e-06
-5.77818e-06
-1.20988e-07
-3.34003e-06
-2.69897e-06
-1.58583e-07
-5.17138e-06
3.0461e-06
-7.39072e-06
6.34608e-06
-9.72772e-06
9.9172e-06
-1.10061e-05
1.10414e-05
-7.50372e-06
9.57234e-06
-1.07657e-05
-1.84174e-06
-9.72181e-06
-3.22765e-07
-8.77549e-06
1.19119e-06
-7.9866e-06
2.65835e-06
-7.46063e-06
3.97262e-06
-6.98574e-06
4.63166e-06
-6.66504e-06
4.91472e-06
-6.4355e-06
4.71758e-06
-6.01964e-06
3.79069e-06
-5.57114e-06
2.57402e-06
-5.95126e-06
1.6958e-06
-5.96071e-06
-1.1155e-07
-3.50199e-06
-5.15774e-06
1.27363e-06
-9.94707e-06
5.97965e-06
-1.20968e-05
4.12936e-06
-7.87749e-06
1.75256e-07
-7.05202e-06
-5.25272e-06
-2.07561e-06
4.31971e-06
-1.21268e-05
-3.46411e-06
-1.08693e-05
-1.58029e-06
-9.68522e-06
7.14813e-09
-8.97006e-06
1.94319e-06
-8.36145e-06
3.36399e-06
-7.87341e-06
4.14357e-06
-7.42894e-06
4.4702e-06
-7.39083e-06
4.67941e-06
-7.91919e-06
4.319e-06
-8.17055e-06
2.82533e-06
-7.02839e-06
5.53595e-07
-3.46962e-06
-3.67036e-06
-1.82361e-06
-6.8038e-06
-3.79169e-06
-7.97904e-06
-9.47308e-06
-6.41551e-06
-1.23118e-05
-5.03874e-06
-1.43708e-05
-4.99297e-06
-1.17507e-05
-4.69568e-06
-7.43091e-06
-2.88889e-05
-7.80525e-06
-2.52525e-05
-5.21675e-06
-2.38412e-05
-1.40413e-06
-2.37416e-05
1.84345e-06
-2.39248e-05
3.54709e-06
-2.2134e-05
2.35266e-06
-1.87011e-05
1.03712e-06
-1.50165e-05
9.94684e-07
-1.32404e-05
2.5427e-06
-1.32143e-05
2.79919e-06
-1.34141e-05
7.53236e-07
-1.18998e-05
-5.18468e-06
-1.02807e-05
-8.42295e-06
-1.14255e-05
-6.83427e-06
-1.34387e-05
-4.40236e-06
-1.37115e-05
-4.76596e-06
-1.1961e-05
-6.74359e-06
-7.02853e-06
-9.62816e-06
-1.44596e-05
-3.04066e-05
-5.62017e-06
-3.04766e-05
-5.1468e-06
-3.00156e-05
-1.86517e-06
-2.93228e-05
1.1506e-06
-2.84467e-05
2.67085e-06
-2.65326e-05
4.38467e-07
-2.37256e-05
-1.76992e-06
-2.05681e-05
-2.16304e-06
-1.78003e-05
-2.25245e-07
-1.68898e-05
1.88865e-06
-1.59075e-05
-2.29249e-07
-1.53925e-05
-5.69982e-06
-1.52548e-05
-8.56075e-06
-1.49813e-05
-7.10786e-06
-1.3725e-05
-5.65881e-06
-1.163e-05
-6.86103e-06
-8.58098e-06
-9.79282e-06
-4.54601e-06
-1.36634e-05
-1.90057e-05
-2.73467e-05
-3.71445e-06
-2.8989e-05
-3.50463e-06
-2.93028e-05
-1.55152e-06
-2.86106e-05
4.58377e-07
-2.71861e-05
1.24627e-06
-2.59082e-05
-8.39455e-07
-2.45417e-05
-3.13655e-06
-2.28063e-05
-3.89845e-06
-2.03106e-05
-2.72113e-06
-1.79539e-05
-4.68081e-07
-1.60181e-05
-2.16518e-06
-1.58258e-05
-5.8923e-06
-1.6103e-05
-8.28362e-06
-1.48182e-05
-8.39279e-06
-1.21872e-05
-8.28999e-06
-9.27077e-06
-9.77763e-06
-6.35809e-06
-1.27057e-05
-3.29634e-06
-1.67253e-05
-2.23022e-05
-2.47263e-05
-2.87453e-06
-2.58304e-05
-2.40064e-06
-2.60641e-05
-1.31797e-06
-2.53497e-05
-2.56083e-07
-2.39049e-05
-1.9867e-07
-2.3e-05
-1.7444e-06
-2.24231e-05
-3.71355e-06
-2.15704e-05
-4.75126e-06
-2.00645e-05
-4.2271e-06
-1.72621e-05
-3.27052e-06
-1.50872e-05
-4.34028e-06
-1.4104e-05
-6.87558e-06
-1.34537e-05
-8.93404e-06
-1.19701e-05
-9.87646e-06
-9.57009e-06
-1.06902e-05
-6.90708e-06
-1.24408e-05
-4.40093e-06
-1.5212e-05
-2.11989e-06
-1.90066e-05
-2.44223e-05
-2.13412e-05
-2.65725e-06
-2.17956e-05
-1.94642e-06
-2.17356e-05
-1.37814e-06
-2.10063e-05
-9.85535e-07
-1.98843e-05
-1.32073e-06
-1.90251e-05
-2.60369e-06
-1.84946e-05
-4.24417e-06
-1.79536e-05
-5.29233e-06
-1.669e-05
-5.49083e-06
-1.45514e-05
-5.40917e-06
-1.25039e-05
-6.38795e-06
-1.11361e-05
-8.24349e-06
-1.00374e-05
-1.00328e-05
-8.55523e-06
-1.13587e-05
-6.57558e-06
-1.267e-05
-4.50367e-06
-1.45128e-05
-2.6457e-06
-1.70701e-05
-1.13733e-06
-2.05152e-05
-2.55597e-05
-1.71935e-05
-2.73234e-06
-1.72185e-05
-1.92163e-06
-1.69366e-05
-1.6602e-06
-1.62482e-05
-1.67402e-06
-1.53517e-05
-2.21737e-06
-1.45636e-05
-3.39189e-06
-1.40294e-05
-4.77848e-06
-1.34202e-05
-5.90171e-06
-1.23762e-05
-6.53493e-06
-1.07498e-05
-7.03569e-06
-9.08173e-06
-8.05609e-06
-7.73492e-06
-9.59042e-06
-6.56895e-06
-1.11989e-05
-5.27395e-06
-1.26538e-05
-3.80219e-06
-1.41418e-05
-2.35681e-06
-1.59583e-05
-1.16319e-06
-1.82639e-05
-3.65087e-07
-2.13134e-05
-2.59249e-05
-1.26471e-05
-2.90548e-06
-1.24652e-05
-2.10369e-06
-1.20761e-05
-2.04949e-06
-1.14417e-05
-2.30849e-06
-1.06831e-05
-2.9761e-06
-1.00104e-05
-4.06468e-06
-9.45172e-06
-5.3373e-06
-8.85905e-06
-6.49449e-06
-7.98977e-06
-7.40432e-06
-6.78307e-06
-8.2425e-06
-5.50443e-06
-9.33483e-06
-4.38104e-06
-1.07139e-05
-3.39401e-06
-1.21861e-05
-2.41672e-06
-1.36312e-05
-1.43292e-06
-1.51257e-05
-5.689e-07
-1.68224e-05
2.96464e-08
-1.88625e-05
2.36228e-07
-2.15202e-05
-2.56887e-05
-8.09495e-06
-3.0584e-06
-7.84584e-06
-2.35298e-06
-7.43871e-06
-2.45675e-06
-6.87692e-06
-2.8704e-06
-6.24372e-06
-3.60942e-06
-5.65623e-06
-4.65229e-06
-5.14411e-06
-5.84954e-06
-4.61639e-06
-7.02233e-06
-3.94038e-06
-8.08043e-06
-3.08236e-06
-9.10064e-06
-2.17801e-06
-1.02393e-05
-1.36281e-06
-1.15292e-05
-6.61707e-07
-1.28873e-05
-3.984e-08
-1.42532e-05
4.92802e-07
-1.56585e-05
8.59056e-07
-1.71888e-05
9.47569e-07
-1.89512e-05
6.85333e-07
-2.1258e-05
-2.50036e-05
-3.85507e-06
-3.17945e-06
-3.60756e-06
-2.60065e-06
-3.23343e-06
-2.831e-06
-2.75796e-06
-3.34598e-06
-2.24151e-06
-4.12599e-06
-1.75738e-06
-5.13654e-06
-1.32696e-06
-6.28008e-06
-9.06218e-07
-7.44319e-06
-4.24558e-07
-8.5622e-06
1.35828e-07
-9.66113e-06
7.05192e-07
-1.08088e-05
1.20099e-06
-1.20251e-05
1.58761e-06
-1.3274e-05
1.86017e-06
-1.45259e-05
1.99674e-06
-1.57952e-05
1.93671e-06
-1.71289e-05
1.60817e-06
-1.86227e-05
9.3951e-07
-2.05896e-05
-2.40641e-05
-9.10575e-08
-3.27814e-06
9.69229e-08
-2.78878e-06
4.0445e-07
-3.13863e-06
7.88894e-07
-3.73054e-06
1.19497e-06
-4.53219e-06
1.57096e-06
-5.51265e-06
1.89708e-06
-6.60631e-06
2.19211e-06
-7.73834e-06
2.48958e-06
-8.85979e-06
2.79643e-06
-9.96809e-06
3.07465e-06
-1.10871e-05
3.27289e-06
-1.22235e-05
3.35865e-06
-1.33599e-05
3.31371e-06
-1.4481e-05
3.11201e-06
-1.55936e-05
2.71466e-06
-1.67316e-05
2.066e-06
-1.79742e-05
1.12399e-06
-1.96476e-05
-2.29403e-05
3.02231e-06
-3.33783e-06
3.18227e-06
-2.94888e-06
3.42866e-06
-3.38513e-06
3.72321e-06
-4.02518e-06
4.02228e-06
-4.83136e-06
4.28716e-06
-5.77764e-06
4.49921e-06
-6.81847e-06
4.66219e-06
-7.90142e-06
4.78903e-06
-8.98673e-06
4.87995e-06
-1.00591e-05
4.91224e-06
-1.11195e-05
4.8536e-06
-1.21649e-05
4.67768e-06
-1.3184e-05
4.3645e-06
-1.4168e-05
3.89228e-06
-1.51214e-05
3.2287e-06
-1.60682e-05
2.34669e-06
-1.70923e-05
1.23416e-06
-1.85353e-05
-2.17061e-05
5.50641e-06
-3.36397e-06
5.62683e-06
-3.06943e-06
5.80943e-06
-3.56782e-06
6.01934e-06
-4.23518e-06
6.2205e-06
-5.03262e-06
6.38167e-06
-5.93892e-06
6.48447e-06
-6.92137e-06
6.52434e-06
-7.94139e-06
6.50306e-06
-8.96555e-06
6.41693e-06
-9.97307e-06
6.2508e-06
-1.09534e-05
5.98347e-06
-1.18977e-05
5.59522e-06
-1.27959e-05
5.06892e-06
-1.36418e-05
4.38684e-06
-1.44395e-05
3.53456e-06
-1.52159e-05
2.49316e-06
-1.6051e-05
1.2672e-06
-1.73094e-05
-2.04391e-05
7.354e-06
-3.40129e-06
7.44268e-06
-3.15824e-06
7.57209e-06
-3.6973e-06
7.70978e-06
-4.37296e-06
7.82654e-06
-5.14946e-06
7.89672e-06
-6.00919e-06
7.90284e-06
-6.92758e-06
7.83623e-06
-7.87487e-06
7.69288e-06
-8.82229e-06
7.46705e-06
-9.74732e-06
7.14765e-06
-1.06341e-05
6.72023e-06
-1.14704e-05
6.17054e-06
-1.22463e-05
5.48628e-06
-1.29576e-05
4.65747e-06
-1.36107e-05
3.67235e-06
-1.42309e-05
2.5345e-06
-1.49132e-05
1.26982e-06
-1.6045e-05
-1.91693e-05
8.6231e-06
-3.42805e-06
8.69221e-06
-3.22748e-06
8.77817e-06
-3.78333e-06
8.85693e-06
-4.4518e-06
8.90445e-06
-5.19706e-06
8.89925e-06
-6.00407e-06
8.82531e-06
-6.85372e-06
8.67245e-06
-7.72209e-06
8.43403e-06
-8.58395e-06
8.1035e-06
-9.41687e-06
7.67223e-06
-1.02029e-05
7.13011e-06
-1.09283e-05
6.46756e-06
-1.15838e-05
5.6766e-06
-1.21667e-05
4.75118e-06
-1.26854e-05
3.6946e-06
-1.31744e-05
2.51135e-06
-1.37301e-05
1.23263e-06
-1.47662e-05
-1.79369e-05
9.39832e-06
-3.47494e-06
9.45342e-06
-3.28268e-06
9.50791e-06
-3.83788e-06
9.54123e-06
-4.48518e-06
9.53428e-06
-5.19017e-06
9.46966e-06
-5.93952e-06
9.33327e-06
-6.7174e-06
9.11491e-06
-7.50379e-06
8.80714e-06
-8.27624e-06
8.40343e-06
-9.01322e-06
7.89688e-06
-9.69644e-06
7.28045e-06
-1.0312e-05
6.54794e-06
-1.08514e-05
5.69538e-06
-1.13142e-05
4.72308e-06
-1.17132e-05
3.63246e-06
-1.20839e-05
2.44425e-06
-1.25419e-05
1.20118e-06
-1.35234e-05
-1.67356e-05
9.77581e-06
-3.51091e-06
9.82197e-06
-3.32894e-06
9.85154e-06
-3.8675e-06
9.84977e-06
-4.48346e-06
9.80132e-06
-5.14178e-06
9.69192e-06
-5.83018e-06
9.50958e-06
-6.53512e-06
9.24492e-06
-7.23919e-06
8.89075e-06
-7.92213e-06
8.44108e-06
-8.5636e-06
7.89044e-06
-9.14585e-06
7.234e-06
-9.65558e-06
6.46832e-06
-1.00857e-05
5.59213e-06
-1.04381e-05
4.60708e-06
-1.07282e-05
3.52569e-06
-1.10025e-05
2.36221e-06
-1.13786e-05
1.15245e-06
-1.23135e-05
-1.55834e-05
9.84881e-06
-3.56051e-06
9.88522e-06
-3.36542e-06
9.89616e-06
-3.87849e-06
9.86761e-06
-4.45494e-06
9.78799e-06
-5.06219e-06
9.64605e-06
-5.68828e-06
9.4319e-06
-6.321e-06
9.13741e-06
-6.94474e-06
8.75616e-06
-7.54092e-06
8.28301e-06
-8.09049e-06
7.71376e-06
-8.57665e-06
7.04526e-06
-8.98712e-06
6.27584e-06
-9.31637e-06
5.40636e-06
-9.56866e-06
4.4422e-06
-9.76405e-06
3.38936e-06
-9.94976e-06
2.27182e-06
-1.0261e-05
1.12743e-06
-1.11695e-05
-1.44558e-05
9.70208e-06
-3.59007e-06
9.72841e-06
-3.39182e-06
9.72121e-06
-3.87132e-06
9.67079e-06
-4.40455e-06
9.56767e-06
-4.95909e-06
9.40278e-06
-5.52342e-06
9.16813e-06
-6.08637e-06
8.85701e-06
-6.63365e-06
8.46406e-06
-7.148e-06
7.98513e-06
-7.61159e-06
7.41714e-06
-8.00869e-06
6.75822e-06
-8.32824e-06
6.0081e-06
-8.56628e-06
5.16853e-06
-8.72912e-06
4.24344e-06
-8.83902e-06
3.24626e-06
-8.95259e-06
2.18798e-06
-9.20286e-06
1.08984e-06
-1.00711e-05
-1.33662e-05
9.40024e-06
-3.62271e-06
9.41368e-06
-3.40529e-06
9.39097e-06
-3.84862e-06
9.32266e-06
-4.33624e-06
9.20145e-06
-4.83788e-06
9.02059e-06
-5.34256e-06
8.77388e-06
-5.83967e-06
8.45605e-06
-6.31583e-06
8.06291e-06
-6.75487e-06
7.59133e-06
-7.14002e-06
7.03925e-06
-7.45663e-06
6.40577e-06
-7.69477e-06
5.69128e-06
-7.85181e-06
4.89806e-06
-7.93593e-06
4.03156e-06
-7.97253e-06
3.09505e-06
-8.01612e-06
2.10455e-06
-8.21227e-06
1.07738e-06
-9.04429e-06
-1.22887e-05
8.99582e-06
-3.62722e-06
8.99584e-06
-3.40533e-06
8.95692e-06
-3.80968e-06
8.87238e-06
-4.25167e-06
8.73659e-06
-4.70207e-06
8.5445e-06
-5.15045e-06
8.2916e-06
-5.58675e-06
7.97401e-06
-5.99823e-06
7.5887e-06
-6.36955e-06
7.13356e-06
-6.68487e-06
6.60743e-06
-6.93049e-06
6.01011e-06
-7.09746e-06
5.34255e-06
-7.18426e-06
4.60664e-06
-7.20002e-06
3.80449e-06
-7.17041e-06
2.94449e-06
-7.1561e-06
2.02588e-06
-7.29378e-06
1.04488e-06
-8.06303e-06
-1.1244e-05
8.52527e-06
-3.62736e-06
8.50954e-06
-3.38957e-06
8.45528e-06
-3.75537e-06
8.35561e-06
-4.15195e-06
8.20714e-06
-4.55354e-06
8.0067e-06
-4.94997e-06
7.75131e-06
-5.33133e-06
7.43841e-06
-5.68529e-06
7.06603e-06
-5.99714e-06
6.633e-06
-6.25182e-06
6.13897e-06
-6.43644e-06
5.58435e-06
-6.54282e-06
4.9701e-06
-6.56999e-06
4.29773e-06
-6.52764e-06
3.56974e-06
-6.44238e-06
2.78248e-06
-6.36883e-06
1.93871e-06
-6.44986e-06
1.0307e-06
-7.15531e-06
-1.02131e-05
8.0156e-06
-3.59645e-06
7.98305e-06
-3.35697e-06
7.91084e-06
-3.68307e-06
7.79553e-06
-4.03655e-06
7.63515e-06
-4.39308e-06
7.42793e-06
-4.74268e-06
7.17221e-06
-5.07554e-06
6.86654e-06
-5.37955e-06
6.50992e-06
-5.64046e-06
6.10202e-06
-5.84387e-06
5.64322e-06
-5.97759e-06
5.13443e-06
-6.03399e-06
4.57684e-06
-6.01236e-06
3.97108e-06
-5.92184e-06
3.31551e-06
-5.78677e-06
2.61113e-06
-5.66439e-06
1.84338e-06
-5.68218e-06
9.845e-07
-6.29607e-06
-9.22879e-06
7.47754e-06
-3.5575e-06
7.42631e-06
-3.30562e-06
7.33623e-06
-3.59287e-06
7.20518e-06
-3.90538e-06
7.03313e-06
-4.22093e-06
6.81993e-06
-4.52937e-06
6.56504e-06
-4.82055e-06
6.26791e-06
-5.08233e-06
5.92833e-06
-5.3008e-06
5.54668e-06
-5.46215e-06
5.124e-06
-5.55484e-06
4.66176e-06
-5.57168e-06
4.1612e-06
-5.51173e-06
3.62257e-06
-5.38315e-06
3.04453e-06
-5.20866e-06
2.41558e-06
-5.03538e-06
1.72601e-06
-4.99241e-06
9.48919e-07
-5.51921e-06
-8.27958e-06
6.91877e-06
-3.48648e-06
6.84768e-06
-3.23439e-06
6.73766e-06
-3.48269e-06
6.58998e-06
-3.75755e-06
6.40635e-06
-4.03717e-06
6.18779e-06
-4.31068e-06
5.9346e-06
-4.56725e-06
5.64685e-06
-4.79447e-06
5.3248e-06
-4.97865e-06
4.96937e-06
-5.10662e-06
4.5822e-06
-5.16757e-06
4.16541e-06
-5.1548e-06
3.72088e-06
-5.06713e-06
3.24858e-06
-4.91075e-06
2.74341e-06
-4.70342e-06
2.19916e-06
-4.49102e-06
1.58945e-06
-4.38272e-06
8.7184e-07
-4.80118e-06
-7.40792e-06
6.33919e-06
-3.40251e-06
6.24552e-06
-3.14055e-06
6.11486e-06
-3.35185e-06
5.95023e-06
-3.59275e-06
5.75547e-06
-3.84226e-06
5.53263e-06
-4.0877e-06
5.28245e-06
-4.31695e-06
5.00514e-06
-4.51703e-06
4.7011e-06
-4.6745e-06
4.37147e-06
-4.77689e-06
4.01842e-06
-4.81442e-06
3.64485e-06
-4.78114e-06
3.25354e-06
-4.67571e-06
2.84541e-06
-4.50253e-06
2.41722e-06
-4.27511e-06
1.95051e-06
-4.02423e-06
1.42425e-06
-3.85623e-06
8.0106e-07
-4.17822e-06
-6.60657e-06
5.73806e-06
-3.28369e-06
5.61856e-06
-3.02084e-06
5.46447e-06
-3.19756e-06
5.28276e-06
-3.41085e-06
5.07842e-06
-3.63775e-06
4.85369e-06
-3.86282e-06
4.60908e-06
-4.07219e-06
4.34436e-06
-4.25217e-06
4.05959e-06
-4.3896e-06
3.75579e-06
-4.47296e-06
3.43535e-06
-4.49386e-06
3.10202e-06
-4.4477e-06
2.76028e-06
-4.33386e-06
2.41297e-06
-4.15511e-06
2.05591e-06
-3.91795e-06
1.67829e-06
-3.64649e-06
1.23978e-06
-3.41774e-06
6.85229e-07
-3.62325e-06
-5.92148e-06
5.10429e-06
-3.14511e-06
4.95589e-06
-2.87222e-06
4.7788e-06
-3.02025e-06
4.58238e-06
-3.21424e-06
4.3723e-06
-3.42748e-06
4.15032e-06
-3.64066e-06
3.91587e-06
-3.83758e-06
3.66774e-06
-4.0039e-06
3.4051e-06
-4.12681e-06
3.12836e-06
-4.19609e-06
2.8397e-06
-4.20506e-06
2.54346e-06
-4.15133e-06
2.24592e-06
-4.03619e-06
1.95374e-06
-3.86282e-06
1.67009e-06
-3.63417e-06
1.37593e-06
-3.35222e-06
1.03341e-06
-3.07498e-06
5.82439e-07
-3.17242e-06
-5.33874e-06
4.42427e-06
-2.96606e-06
4.24613e-06
-2.69384e-06
4.04849e-06
-2.82239e-06
3.84307e-06
-3.00862e-06
3.63469e-06
-3.21891e-06
3.42318e-06
-3.42897e-06
3.20624e-06
-3.62048e-06
2.98113e-06
-3.77863e-06
2.74576e-06
-3.8913e-06
2.49942e-06
-3.9496e-06
2.24341e-06
-3.94892e-06
1.98184e-06
-3.88963e-06
1.7225e-06
-3.77672e-06
1.47648e-06
-3.61667e-06
1.25312e-06
-3.41069e-06
1.05322e-06
-3.15219e-06
8.21424e-07
-2.84316e-06
4.54302e-07
-2.80487e-06
-4.8845e-06
3.66753e-06
-2.75939e-06
3.46814e-06
-2.49424e-06
3.26097e-06
-2.61501e-06
3.05896e-06
-2.80641e-06
2.86465e-06
-3.02442e-06
2.67511e-06
-3.23927e-06
2.48595e-06
-3.43115e-06
2.29287e-06
-3.5854e-06
2.09252e-06
-3.6908e-06
1.88279e-06
-3.73974e-06
1.66339e-06
-3.72938e-06
1.43677e-06
-3.66289e-06
1.20992e-06
-3.54975e-06
9.97262e-07
-3.4039e-06
8.2257e-07
-3.23588e-06
6.98583e-07
-3.02809e-06
5.97452e-07
-2.7418e-06
3.83851e-07
-2.59134e-06
-4.50032e-06
2.79128e-06
-2.5251e-06
2.59619e-06
-2.29896e-06
2.40253e-06
-2.42117e-06
2.22486e-06
-2.62856e-06
2.06244e-06
-2.86183e-06
1.90963e-06
-3.0863e-06
1.7605e-06
-3.28187e-06
1.61005e-06
-3.4348e-06
1.45423e-06
-3.53484e-06
1.2899e-06
-3.57528e-06
1.11485e-06
-3.55419e-06
9.2846e-07
-3.47637e-06
7.33947e-07
-3.3551e-06
5.42783e-07
-3.2126e-06
3.80922e-07
-3.07388e-06
3.01293e-07
-2.9483e-06
3.23614e-07
-2.76403e-06
3.64156e-07
-2.63137e-06
-4.13591e-06
1.76817e-06
-2.36331e-06
1.61433e-06
-2.145e-06
1.46819e-06
-2.27492e-06
1.34165e-06
-2.50191e-06
1.23145e-06
-2.75153e-06
1.13084e-06
-2.98559e-06
1.03415e-06
-3.18508e-06
9.37108e-07
-3.33766e-06
8.36289e-07
-3.43393e-06
7.28644e-07
-3.46754e-06
6.11118e-07
-3.43657e-06
4.80642e-07
-3.34579e-06
3.35225e-07
-3.20959e-06
1.77707e-07
-3.05498e-06
2.80213e-08
-2.92409e-06
-5.2369e-08
-2.8678e-06
8.77709e-08
-2.90393e-06
5.42928e-07
-3.08629e-06
-3.59289e-06
6.97653e-07
5.97051e-07
5.18061e-07
4.62337e-07
4.1966e-07
3.83403e-07
3.49914e-07
3.1705e-07
2.83366e-07
2.47625e-07
2.08484e-07
1.64273e-07
1.13111e-07
5.43885e-08
-7.6641e-09
-4.8352e-08
8.31105e-08
1.21348e-06
)
;

boundaryField
{
    leftWall
    {
        type            calculated;
        value           uniform 0;
    }
    rightWall
    {
        type            calculated;
        value           uniform 0;
    }
    lowerWall
    {
        type            calculated;
        value           uniform 0;
    }
    atmosphere
    {
        type            calculated;
        value           nonuniform List<scalar> 
46
(
-3.6503e-06
-7.09001e-07
4.04994e-06
5.90294e-06
6.70701e-06
6.84412e-06
6.66862e-06
6.34677e-06
5.94914e-06
5.50712e-06
5.03643e-06
4.5461e-06
4.04141e-06
3.52373e-06
2.98787e-06
2.41602e-06
1.77151e-06
9.81424e-07
-6.73729e-08
-9.63209e-07
-1.4722e-06
-1.97088e-06
-2.33939e-06
-1.50599e-06
-1.55682e-06
-1.54845e-06
-1.45318e-06
-2.25893e-06
-2.04438e-06
-2.19591e-06
-2.44617e-06
-2.70884e-06
-2.94931e-06
-3.15157e-06
-3.30477e-06
-3.40022e-06
-3.43178e-06
-3.39741e-06
-3.30156e-06
-3.15841e-06
-2.99624e-06
-2.86202e-06
-2.82708e-06
-3.03536e-06
-4.21662e-06
-2.37941e-06
)
;
    }
    defaultFaces
    {
        type            empty;
    }
}


// ************************************************************************* //
