/*--------------------------------*- C++ -*----------------------------------*\
  =========                 |
  \\      /  F ield         | OpenFOAM: The Open Source CFD Toolbox
   \\    /   O peration     | Website:  https://openfoam.org
    \\  /    A nd           | Version:  13
     \\/     M anipulation  |
\*---------------------------------------------------------------------------*/
FoamFile
{
    format      ascii;
    class       volScalarField;
    location    "0.1";
    object      alphas;
}
// * * * * * * * * * * * * * * * * * * * * * * * * * * * * * * * * * * * * * //

dimensions      [];

internalField   nonuniform List<scalar> 
2268
(
2
2
2
2
2
2
2
2
2
2
2
2
2
2
2
2
2
1.6252
1.01032
1
1
1
1
2
2
2
2
2
2
2
2
2
2
2
2
2
2
2
2
1.68182
1.08176
1
1
1
1
1
2
2
2
2
2
2
2
2
2
2
2
2
2
2
2
1.78328
1.1305
1
1
1
1
1
1
2
2
2
2
2
2
2
2
2
2
2
2
2
2
1.94797
1.32554
1.0001
1
1
1
1
1
1
2
2
2
2
2
2
2
2
2
2
2
2
1.99997
1.99998
1.6933
1.05915
1
1
1
1
1
1
1
2
2
2
2
2
2
2
2
2
2
2
1.99997
1.9997
1.98921
1.35849
1
1
1
1
1
1
1
1
2
2
2
2
2
2
2
2
2
2
2
1.99983
1.99953
1.84518
1.13751
1
1
1
1
1
1
1
1
2
2
2
2
2
2
2
2
2
2
2
2
1.99969
1.65559
1.03618
1
1
1
1
1
1
1
1
3
3
3
3
3
3
3
3
3
3
3
3
3
3
3
3
3
3
3
3
3
3
3
3
3
3
3
3
3
3
3
3
3
3
3
3
3
3
3
3
3
3
3
3
3
3
3
3
3
3
3
3
3
3
3
3
3
3
3
3
3
3
3
3
3
3
3
3
3
3
3
3
3
3
3
3
3
3
3
3
2.99999
2.99998
3
3
3
3
3
3
3
3
3
3
3
3
3
3
3
2.93581
2.99683
3
2.99996
3
3
3
3
3
3
3
3
3
3
3
3
3
3
2.46198
1.58827
1.95155
2.89527
3
3
3
3
3
3
3
3
3
3
3
3
3
3
1.80456
1.22037
1
1.00667
2.56341
3
3
3
3
3
3
3
3
3
3
3
3
3
3
2
2
2
2
2
2
2
2
2
2
2
1.99958
1.9982
1.39998
0.999998
0.999999
1
1
1
1
1
1
1
2
2
2
2
2
2
2
2
1.99825
1.95711
1.83751
1.61753
1.57449
1.15328
1
1
1
1
1
1
1
1
1
1.89615
1.89767
1.88877
1.8608
1.80821
1.72157
1.58739
1.39032
1.06603
0.7084
0.38602
0.142138
0.280916
0.924048
1.0002
1
1
1
1
1
1
1
1
0.491044
0.501677
0.482902
0.427033
0.341947
0.238515
0.129024
0.0233452
6.43855e-18
1.03985e-17
-1.96912e-11
2.35181e-08
0.104624
0.849373
1.00054
1.00011
1
1
1
1
1
1
1
9.40628e-18
2.71478e-18
1.54363e-18
4.43295e-18
8.31713e-18
2.03407e-17
3.43099e-17
6.01028e-17
1.09528e-16
1.65845e-16
8.06311e-18
4.30737e-11
0.0673672
0.800392
0.99999
1
1
1
1
1
1
1
1
1.4695e-16
5.26118e-17
3.11149e-17
7.64847e-17
1.3657e-16
3.33656e-16
5.15941e-16
9.02153e-16
1.31423e-15
2.0559e-15
-7.47206e-20
4.75406e-10
0.0682294
0.795722
1
1
1
1
1
1
1
1
1
1.55616e-15
1.24113e-15
9.68151e-16
7.97121e-16
1.33086e-15
4.82637e-15
6.87758e-15
1.06072e-14
1.40757e-14
1.96938e-14
-7.2286e-18
4.66007e-09
0.0936824
0.82378
1
1
1
1
1
1
1
1
1
3.51054e-14
3.16849e-14
2.82395e-14
3.87794e-14
4.75755e-14
9.90016e-14
1.29875e-13
1.3012e-13
1.76707e-13
1.49414e-13
-1.72184e-23
4.02026e-08
0.133514
0.865271
1
1
1
1
1
1
1
1
1
5.55471e-13
3.41854e-13
3.09953e-13
6.70358e-13
7.76385e-13
1.03707e-12
1.28214e-12
1.0929e-12
1.16695e-12
1.47074e-12
4.91779e-20
3.01877e-07
0.184848
0.905795
1
1
1
1
1
1
1
1
1
8.60202e-12
8.26201e-12
8.03368e-12
9.98236e-12
1.06886e-11
1.41439e-11
1.62277e-11
1.84118e-11
1.8373e-11
1.27703e-11
-1.99089e-18
1.94984e-06
0.250692
0.942219
1
1
1
1
1
1
1
1
1
6.59058e-11
5.86484e-11
5.49233e-11
6.59354e-11
6.98417e-11
8.80751e-11
9.36614e-11
1.07709e-10
1.18148e-10
1.2144e-10
9.21982e-12
1.0727e-05
0.330569
0.970561
1
1
1
1
1
1
1
1
1
4.52953e-10
4.23758e-10
3.27889e-10
3.62462e-10
4.1043e-10
4.63779e-10
4.42695e-10
4.66925e-10
4.69669e-10
4.27364e-10
5.47513e-11
5.01228e-05
0.423505
0.989125
1
1
1
1
1
1
1
1
1
3.38495e-09
3.13984e-09
1.87116e-09
1.7722e-09
2.17201e-09
2.10174e-09
1.7184e-09
1.56118e-09
1.40373e-09
1.16489e-09
1.34154e-10
0.000200697
0.528807
0.998194
1
1
1
1
1
1
1
1
1
2.17384e-08
1.94785e-08
1.05077e-08
8.3376e-09
9.54492e-09
7.76455e-09
5.30459e-09
3.91963e-09
2.90397e-09
2.02762e-09
2.10084e-10
0.00069772
0.640324
1
1
1
1
1
1
1
1
1
1
7.88463e-08
6.53041e-08
3.65912e-08
2.62327e-08
2.47157e-08
1.87145e-08
1.11704e-08
7.18459e-09
4.09065e-09
1.8021e-09
1.69369e-10
0.00211102
0.730379
0.999978
1
1
1
1
1
1
1
1
1
4.63722e-08
2.54243e-08
1.86145e-08
2.06862e-08
1.47908e-08
6.68922e-09
3.36943e-09
6.25128e-11
-1.98457e-10
6.35721e-11
-6.7211e-17
0.0064653
0.771073
0.999555
1
1
1
1
1
1.00816
1.04985
1.12902
1.13804
0.532185
0.455526
0.409174
0.420133
0.456309
0.513956
0.589929
0.682202
0.78339
0.878512
0.936815
0.932279
1.26962
1.27848
1.27841
1.33123
1.43565
1.58743
1.82528
2.10896
2.37408
2.5957
2.653
2.7689
2.69929
2.65691
2.66737
2.70084
2.74868
2.80465
2.86162
2.9148
2.95686
2.97966
2.97305
2.82265
2.77556
2.77883
2.82489
2.89753
2.97392
3
3
3
3
3
3
3
3
3
3
3
3
3
3
3
3
3
3
2.99975
2.99998
3
3
3
3
3
3
3
3
3
3
3
3
3
3
3
3
3
3
3
3
3
3
3
3
3
3
3
3
3
3
3
3
3
3
3
3
3
3
3
3
3
3
3
3
3
3
3
3
3
3
3
3
3
3
3
3
3
3
3
3
3
3
3
3
3
3
3
3
3
3
3
3
3
3
3
3
3
3
3
3
3
3
3
3
3
3
3
3
3
3
3
3
3
3
3
3
3
3
3
3
3
3
3
3
3
3
3
3
3
3
3
3
3
3
3
3
3
3
3
3
3
3
3
3
3
3
3
3
3
3
3
3
3
3
3
3
3
3
3
3
3
3
3
3
3
3
3
3
3
3
3
3
3
3
3
3
3
3
3
3
3
3
3
3
3
3
3
3
3
3
3
3
3
3
3
3
3
3
3
3
3
3
3
3
3
3
3
3
3
3
3
3
3
3
3
3
3
3
3
3
3
3
3
3
3
3
3
3
3
3
3
3
3
3
3
3
3
3
3
3
3
3
3
3
3
3
3
3
3
3
3
3
3
3
3
3
3
3
3
3
3
3
3
3
3
3
3
3
3
3
3
3
3
3
3
3
3
3
3
3
3
3
3
3
3
3
3
3
3
3
3
3
3
3
3
3
3
3
3
3
3
3
3
3
3
3
3
3
3
3
3
3
3
3
3
3
3
3
3
3
3
3
3
3
3
3
3
3
3
3
3
3
3
3
3
3
3
3
3
3
3
3
3
3
3
3
3
3
3
3
3
3
3
3
3
3
3
3
3
3
3
3
3
3
3
3
3
3
3
3
3
3
3
3
3
3
3
3
3
3
3
3
3
3
3
3
3
3
3
3
3
3
3
3
3
3
3
3
3
3
3
3
3
3
3
3
3
3
3
3
3
3
3
3
3
3
3
3
3
3
3
3
3
3
3
3
3
3
3
3
3
3
3
3
3
3
3
3
3
3
3
3
3
3
3
3
3
3
3
3
3
3
3
3
3
3
3
3
3
3
3
3
3
3
3
3
3
3
3
3
3
3
3
3
3
3
3
3
3
3
3
3
3
3
3
3
3
3
3
3
3
3
3
3
3
3
3
3
3
3
3
3
3
3
3
3
3
3
3
3
3
3
3
3
3
3
3
3
3
3
3
3
3
3
3
3
3
3
3
3
3
3
3
3
3
3
3
3
3
3
3
3
3
3
3
3
3
3
3
3
3
3
3
3
3
3
3
1
1
1
1
1
1
1
1
1
1
1
1
1
1
1
1
1
1
1
1
1
1
1
1
1
1
1
1
1
1
1
1
1
1
1
1
1
1
1
1.01242
1
1
1
1.94462
1
1
1.48658
2.87812
1
1.08694
2.53204
3
1
1.77771
2.96323
3
1.06328
2.40789
3
3
1.60682
2.70544
3
3
2.7088
2.8722
3
3
3
2.98198
2.99519
3
3
3
3
3
3
3
3
3
3
3
3
3
3
3
3
3
3
3
3
3
3
3
3
3
3
3
3
3
3
3
3
3
3
3
3
3
3
3
3
3
3
3
3
3
3
3
3
3
3
3
3
3
3
3
3
3
3
3
3
3
3
3
3
3
3
3
3
3
3
3
3
3
3
3
3
3
3
3
3
3
3
3
3
3
3
3
3
3
3
3
3
3
3
3
3
3
1
1
1
1
2.41026
3
3
3
3
3
3
3
3
3
3
3
3
3
3
1
1
1
1.25221
2.73471
3
3
3
3
3
3
3
3
3
3
3
3
3
3
1
1
1
2.15174
3
3
3
3
3
3
3
3
3
3
3
3
3
3
3
1
1
1.32938
2.81462
3
3
3
3
3
3
3
3
3
3
3
3
3
3
3
1
1
2.17604
3
3
3
3
3
3
3
3
3
3
3
3
3
3
3
3
1
1.38819
2.83792
3
3
3
3
3
3
3
3
3
3
3
3
3
3
3
3
1
2.20947
3
3
3
3
3
3
3
3
3
3
3
3
3
3
3
3
3
1.29853
2.83838
3
3
3
3
3
3
3
3
3
3
3
3
3
3
3
3
3
2.01448
3
3
3
3
3
3
3
3
3
3
3
3
3
3
3
3
3
3
2.69622
3
3
3
3
3
3
3
3
3
3
3
3
3
3
3
3
3
3
2.99276
3
3
3
3
3
3
3
3
3
3
3
3
3
3
3
3
3
3
3
3
3
3
3
3
3
3
3
3
3
3
3
3
3
3
3
3
3
3
3
3
3
3
3
3
3
3
3
3
3
3
3
3
3
3
3
3
3
3
3
3
3
3
3
3
3
3
3
3
3
3
3
3
3
3
3
3
3
3
3
3
3
3
3
3
3
3
3
3
3
3
3
3
3
3
3
3
3
3
3
3
3
3
3
3
3
3
3
3
3
3
3
3
3
3
3
3
3
3
3
3
3
3
3
3
3
3
3
3
3
3
3
3
3
3
3
3
3
3
3
3
3
3
3
3
3
3
3
3
3
3
3
3
3
3
3
3
3
3
3
3
3
3
3
3
3
3
3
3
3
3
3
3
3
3
3
3
3
3
3
3
3
3
3
3
3
3
3
3
3
3
3
3
3
3
3
3
3
3
3
3
3
3
3
3
3
3
3
3
3
3
3
3
3
3
3
3
3
3
3
3
3
3
3
3
3
3
3
3
3
3
3
3
3
3
3
3
3
3
3
3
3
3
3
3
3
3
3
3
3
3
3
3
3
3
3
3
3
3
3
3
3
3
3
3
3
3
3
3
3
3
3
3
3
3
3
3
3
3
3
3
3
3
3
3
3
3
3
3
3
3
3
3
3
3
3
3
3
3
3
3
3
3
3
3
3
3
3
3
3
3
3
3
3
3
3
3
3
3
3
3
3
3
3
3
3
3
3
3
3
3
3
3
3
3
3
3
3
3
3
3
3
3
3
3
3
3
3
3
3
3
3
3
3
3
3
3
3
3
3
3
3
3
3
3
3
3
3
3
3
3
3
3
3
3
3
3
3
3
3
3
3
3
3
3
3
3
3
3
3
3
3
3
3
3
3
3
3
3
3
3
3
3
3
3
3
3
3
3
3
3
3
3
3
3
3
3
3
3
3
3
3
3
3
3
3
3
3
3
3
3
3
3
3
3
3
3
3
3
3
3
3
3
3
3
3
3
3
3
3
3
3
3
3
3
3
3
3
3
3
3
3
3
3
3
3
3
3
3
3
3
3
3
3
3
3
3
3
3
3
3
3
3
3
3
3
3
3
3
3
3
3
3
3
3
3
3
3
3
3
3
3
3
3
3
3
3
3
3
3
3
3
3
3
3
3
3
3
3
3
3
3
3
3
3
3
3
3
3
3
3
3
3
3
3
3
3
3
3
3
3
3
3
3
3
3
3
3
3
3
3
3
3
3
3
3
3
3
3
3
3
3
3
3
3
3
3
3
3
3
3
3
3
3
3
3
3
3
3
3
3
3
3
3
3
3
3
3
3
3
3
3
3
3
3
3
3
3
3
3
3
3
3
3
3
3
3
3
)
;

boundaryField
{
    leftWall
    {
        type            calculated;
        value           nonuniform List<scalar> 
50
(
2
2
2
2
2
2
2
2
2
2
1.89615
0.491044
9.40628e-18
1.4695e-16
1.55616e-15
3.51054e-14
5.55471e-13
8.60202e-12
6.59058e-11
4.52953e-10
3.38495e-09
2.17384e-08
7.88463e-08
4.63722e-08
0.532185
2.7689
3
3
3
3
3
3
3
3
3
3
3
3
3
3
3
3
3
3
3
3
3
3
3
3
)
;
    }
    rightWall
    {
        type            calculated;
        value           nonuniform List<scalar> 
50
(
3
3
3
3
3
3
3
3
3
3
3
3
3
3
3
3
3
3
3
3
3
3
3
3
3
3
3
3
3
3
3
3
3
3
3
3
3
3
3
3
3
3
3
3
3
3
3
3
3
3
)
;
    }
    lowerWall
    {
        type            calculated;
        value           nonuniform List<scalar> 
62
(
2
2
2
2
2
2
2
2
2
2
2
2
2
2
2
2
2
1.6252
1.01032
1
1
1
1
1
1
1
1
1
1
1
1
1
1
1
1
3
3
3
3
3
3
3
1.80456
3
3
3
3
3
3
3
3
3
3
3
3
3
3
3
3
3
3
3
)
;
    }
    atmosphere
    {
        type            calculated;
        value           nonuniform List<scalar> 
46
(
3
3
3
3
3
3
3
3
3
3
3
3
3
3
3
3
3
3
3
3
3
3
3
3
3
3
3
3
3
3
3
3
3
3
3
3
3
3
3
3
3
3
3
3
3
3
)
;
    }
    defaultFaces
    {
        type            empty;
    }
}


// ************************************************************************* //
