/*--------------------------------*- C++ -*----------------------------------*\
  =========                 |
  \\      /  F ield         | OpenFOAM: The Open Source CFD Toolbox
   \\    /   O peration     | Website:  https://openfoam.org
    \\  /    A nd           | Version:  13
     \\/     M anipulation  |
\*---------------------------------------------------------------------------*/
FoamFile
{
    format      ascii;
    class       surfaceScalarField;
    location    "0.1";
    object      phi;
}
// * * * * * * * * * * * * * * * * * * * * * * * * * * * * * * * * * * * * * //

dimensions      [0 3 -1 0 0 0 0];

internalField   nonuniform List<scalar> 
4432
(
3.55154e-07
-3.55162e-07
1.80454e-06
-1.44939e-06
4.02275e-06
-2.21822e-06
6.69955e-06
-2.6768e-06
9.73997e-06
-3.04042e-06
1.32022e-05
-3.46221e-06
1.72778e-05
-4.07561e-06
2.22912e-05
-5.01346e-06
2.86837e-05
-6.39243e-06
3.69398e-05
-8.25611e-06
4.73764e-05
-1.04366e-05
5.97954e-05
-1.2419e-05
7.29659e-05
-1.31705e-05
8.43346e-05
-1.13687e-05
9.15412e-05
-7.20662e-06
9.49839e-05
-3.44261e-06
9.69673e-05
-1.98345e-06
9.42914e-05
2.67588e-06
7.73405e-05
1.6951e-05
5.56053e-05
2.17352e-05
3.28488e-05
2.27565e-05
1.2311e-05
2.05378e-05
1.2311e-05
1.01965e-06
-1.37482e-06
2.71634e-06
-3.14608e-06
4.89988e-06
-4.40177e-06
7.48432e-06
-5.26124e-06
1.04607e-05
-6.01677e-06
1.39097e-05
-6.91121e-06
1.8006e-05
-8.17199e-06
2.30108e-05
-1.00182e-05
2.92367e-05
-1.26183e-05
3.69665e-05
-1.5986e-05
4.63171e-05
-1.97872e-05
5.70559e-05
-2.31578e-05
6.83017e-05
-2.44164e-05
7.82809e-05
-2.13479e-05
8.53018e-05
-1.42275e-05
8.92893e-05
-7.43011e-06
8.95388e-05
-2.23297e-06
7.96762e-05
1.25384e-05
6.57089e-05
3.09183e-05
4.91788e-05
3.82654e-05
3.17452e-05
4.019e-05
1.41827e-05
3.81003e-05
2.64938e-05
1.58074e-06
-2.95556e-06
3.42494e-06
-4.99029e-06
5.57642e-06
-6.55325e-06
8.06936e-06
-7.75418e-06
1.0948e-05
-8.89541e-06
1.43071e-05
-1.02703e-05
1.8301e-05
-1.21658e-05
2.31328e-05
-1.48501e-05
2.9021e-05
-1.85065e-05
3.61356e-05
-2.31006e-05
4.45144e-05
-2.81659e-05
5.39269e-05
-3.25703e-05
6.36269e-05
-3.41164e-05
7.22499e-05
-2.99709e-05
7.87918e-05
-2.07694e-05
8.30553e-05
-1.16936e-05
7.76824e-05
3.13992e-06
6.77471e-05
2.24738e-05
5.74742e-05
4.11911e-05
4.55454e-05
5.01943e-05
3.15773e-05
5.41581e-05
1.59423e-05
5.37353e-05
4.24361e-05
1.99111e-06
-4.94668e-06
3.97393e-06
-6.97312e-06
6.12271e-06
-8.70203e-06
8.54408e-06
-1.01756e-05
1.13209e-05
-1.16722e-05
1.45559e-05
-1.35054e-05
1.83829e-05
-1.59928e-05
2.29576e-05
-1.94248e-05
2.84307e-05
-2.39796e-05
3.49034e-05
-2.95733e-05
4.23724e-05
-3.56349e-05
5.06263e-05
-4.08242e-05
5.90089e-05
-4.2499e-05
6.64197e-05
-3.73816e-05
7.2293e-05
-2.66427e-05
7.39204e-05
-1.33211e-05
6.78935e-05
9.16679e-06
5.98904e-05
3.04769e-05
5.26063e-05
4.84752e-05
4.37925e-05
5.90081e-05
3.23281e-05
6.56225e-05
1.79162e-05
6.81472e-05
6.03523e-05
2.26054e-06
-7.20723e-06
4.37638e-06
-9.08896e-06
6.54495e-06
-1.08706e-05
8.91334e-06
-1.2544e-05
1.15906e-05
-1.43495e-05
1.46828e-05
-1.65976e-05
1.83041e-05
-1.96141e-05
2.25711e-05
-2.36918e-05
2.75839e-05
-2.89924e-05
3.33962e-05
-3.53856e-05
3.99823e-05
-4.2221e-05
4.71533e-05
-4.79952e-05
5.43347e-05
-4.96805e-05
6.06324e-05
-4.36792e-05
6.56457e-05
-3.16561e-05
6.37833e-05
-1.14586e-05
5.97443e-05
1.32058e-05
5.46411e-05
3.55801e-05
4.98473e-05
5.3269e-05
4.34764e-05
6.53791e-05
3.41647e-05
7.49342e-05
2.06586e-05
8.16533e-05
8.1011e-05
2.42515e-06
-9.63238e-06
4.65495e-06
-1.13188e-05
6.85396e-06
-1.30696e-05
9.18405e-06
-1.48741e-05
1.17683e-05
-1.69337e-05
1.47115e-05
-1.95408e-05
1.81095e-05
-2.30121e-05
2.20457e-05
-2.76281e-05
2.65785e-05
-3.35252e-05
3.17248e-05
-4.0532e-05
3.74435e-05
-4.79396e-05
4.35736e-05
-5.41252e-05
4.96578e-05
-5.57647e-05
5.49373e-05
-4.89588e-05
5.84739e-05
-3.51926e-05
5.65836e-05
-9.56844e-06
5.39144e-05
1.58751e-05
5.11653e-05
3.83291e-05
4.85222e-05
5.59122e-05
4.44468e-05
6.94545e-05
3.73857e-05
8.19953e-05
2.48838e-05
9.41552e-05
0.000105895
2.52178e-06
-1.21542e-05
4.83856e-06
-1.36355e-05
7.06905e-06
-1.53001e-05
9.37168e-06
-1.71767e-05
1.18726e-05
-1.94346e-05
1.46711e-05
-2.23393e-05
1.78451e-05
-2.61861e-05
2.14485e-05
-3.12315e-05
2.55043e-05
-3.75809e-05
2.99966e-05
-4.50243e-05
3.4869e-05
-5.2812e-05
3.99785e-05
-5.92348e-05
4.50641e-05
-6.08502e-05
4.95257e-05
-5.34204e-05
5.15481e-05
-3.7215e-05
5.0967e-05
-8.98734e-06
4.96948e-05
1.71472e-05
4.88877e-05
3.91362e-05
4.82598e-05
5.65402e-05
4.66141e-05
7.11002e-05
4.23923e-05
8.6217e-05
3.15556e-05
0.000104992
0.00013745
2.57072e-06
-1.47249e-05
4.9529e-06
-1.60177e-05
7.21357e-06
-1.75608e-05
9.49794e-06
-1.94611e-05
1.19282e-05
-2.18648e-05
1.45949e-05
-2.5006e-05
1.75585e-05
-2.91497e-05
2.08464e-05
-3.45194e-05
2.44473e-05
-4.11818e-05
2.83154e-05
-4.88925e-05
3.23777e-05
-5.68743e-05
3.6515e-05
-6.33721e-05
4.0722e-05
-6.50572e-05
4.45768e-05
-5.72753e-05
4.59512e-05
-3.85894e-05
4.64084e-05
-9.44457e-06
4.65572e-05
1.69985e-05
4.74208e-05
3.82726e-05
4.87667e-05
5.51943e-05
4.98431e-05
7.00238e-05
4.9613e-05
8.64471e-05
4.30811e-05
0.000111524
0.000180531
-4.05302e-05
4.05306e-05
-6.07259e-05
2.01954e-05
-5.4954e-05
-5.77222e-06
-2.56037e-05
-2.93501e-05
9.70763e-06
-3.53111e-05
3.47973e-05
-2.50893e-05
4.61902e-05
-1.13926e-05
4.88347e-05
-2.6441e-06
4.69732e-05
1.86175e-06
4.29809e-05
3.99267e-06
3.80445e-05
4.93663e-06
3.27404e-05
5.30438e-06
2.73247e-05
5.41587e-06
2.18928e-05
5.43209e-06
1.64819e-05
5.41097e-06
1.11649e-05
5.31718e-06
6.18593e-06
4.97899e-06
2.18991e-06
3.9961e-06
2.19002e-06
-3.84264e-05
7.89573e-05
-5.1314e-05
3.30826e-05
-4.04604e-05
-1.66266e-05
-1.3105e-05
-5.67053e-05
1.68768e-05
-6.52923e-05
4.00434e-05
-4.82543e-05
5.05833e-05
-2.19311e-05
5.23706e-05
-4.43038e-06
4.9661e-05
4.5721e-06
4.49585e-05
8.69574e-06
3.94928e-05
1.04027e-05
3.38174e-05
1.098e-05
2.81518e-05
1.10816e-05
2.25692e-05
1.10148e-05
1.71079e-05
1.08722e-05
1.18522e-05
1.05729e-05
7.00063e-06
9.83052e-06
2.89603e-06
8.10063e-06
5.08587e-06
-3.62663e-05
0.000115224
-3.96364e-05
3.64524e-05
-2.27962e-05
-3.34662e-05
1.42562e-06
-8.0927e-05
2.56273e-05
-8.94939e-05
4.61998e-05
-6.88268e-05
5.47496e-05
-3.04809e-05
5.50207e-05
-4.70143e-06
5.12628e-05
8.33005e-06
4.58753e-05
1.40834e-05
3.99933e-05
1.62849e-05
3.4091e-05
1.68824e-05
2.83289e-05
1.68439e-05
2.27487e-05
1.65952e-05
1.7377e-05
1.62439e-05
1.22843e-05
1.56657e-05
7.60734e-06
1.45076e-05
3.48903e-06
1.2219e-05
8.5751e-06
-3.21193e-05
0.000147344
-1.90157e-05
2.3349e-05
4.61818e-06
-5.70998e-05
2.13377e-05
-9.76463e-05
3.7897e-05
-0.000106053
5.46751e-05
-8.56035e-05
5.99441e-05
-3.57485e-05
5.78501e-05
-2.60645e-06
5.27171e-05
1.34636e-05
4.65721e-05
2.02289e-05
4.02921e-05
2.25651e-05
3.42043e-05
2.29703e-05
2.83891e-05
2.26591e-05
2.28483e-05
2.21361e-05
1.7587e-05
2.15052e-05
1.26473e-05
2.06053e-05
8.09677e-06
1.9058e-05
3.93506e-06
1.63806e-05
1.25099e-05
-1.74214e-05
0.000164765
2.83796e-05
-2.24518e-05
5.01219e-05
-7.88423e-05
5.03662e-05
-9.78911e-05
5.49807e-05
-0.000110667
6.60361e-05
-9.66595e-05
6.61232e-05
-3.5836e-05
6.08913e-05
2.62527e-06
5.40776e-05
2.02773e-05
4.71249e-05
2.71816e-05
4.0472e-05
2.9218e-05
3.42337e-05
2.92087e-05
2.83945e-05
2.84984e-05
2.29112e-05
2.76195e-05
1.77608e-05
2.66557e-05
1.29498e-05
2.54164e-05
8.4801e-06
2.35278e-05
4.25084e-06
2.061e-05
1.6761e-05
2.80063e-05
0.00013676
8.43239e-05
-7.87694e-05
9.42924e-05
-8.8811e-05
9.17922e-05
-9.53914e-05
8.11016e-05
-9.99775e-05
7.93512e-05
-9.49087e-05
7.2396e-05
-2.88801e-05
6.37787e-05
1.1243e-05
5.52191e-05
2.88372e-05
4.74953e-05
3.49056e-05
4.05271e-05
3.61864e-05
3.41832e-05
3.55527e-05
2.83489e-05
3.43328e-05
2.29362e-05
3.30322e-05
1.78922e-05
3.16997e-05
1.31869e-05
3.01217e-05
8.76673e-06
2.79479e-05
4.46695e-06
2.49097e-05
2.12277e-05
0.000100135
3.66246e-05
9.78004e-05
-7.64348e-05
9.6936e-05
-8.79466e-05
9.56447e-05
-9.41003e-05
9.27448e-05
-9.70782e-05
9.0345e-05
-9.25085e-05
7.71956e-05
-1.573e-05
6.58552e-05
2.25838e-05
5.5931e-05
3.87617e-05
4.76143e-05
4.32225e-05
4.04317e-05
4.33691e-05
3.40409e-05
4.19435e-05
2.82435e-05
4.01302e-05
2.29141e-05
3.83616e-05
1.79722e-05
3.66415e-05
1.33548e-05
3.47391e-05
8.96699e-06
3.23357e-05
4.60948e-06
2.92671e-05
2.58372e-05
0.000101696
-6.5071e-05
0.000102042
-7.67813e-05
0.000100764
-8.66683e-05
9.98224e-05
-9.31591e-05
9.9122e-05
-9.63782e-05
9.51763e-05
-8.85631e-05
7.97792e-05
-3.3263e-07
6.67597e-05
3.56037e-05
5.60873e-05
4.94342e-05
4.74438e-05
5.18661e-05
4.01731e-05
5.064e-05
3.38023e-05
4.83143e-05
2.80766e-05
4.5856e-05
2.28436e-05
4.35947e-05
1.80008e-05
4.14843e-05
1.34587e-05
3.92811e-05
9.09342e-06
3.6701e-05
4.68959e-06
3.3671e-05
3.05267e-05
5.51053e-06
-2.02354e-05
1.0752e-05
-2.12592e-05
1.56562e-05
-2.2465e-05
2.04856e-05
-2.42905e-05
2.54797e-05
-2.68589e-05
3.08025e-05
-3.03288e-05
3.65314e-05
-3.48786e-05
4.26544e-05
-4.06424e-05
4.90674e-05
-4.75948e-05
5.56031e-05
-5.54282e-05
6.20457e-05
-6.33168e-05
6.83796e-05
-6.97061e-05
7.5093e-05
-7.17706e-05
8.1468e-05
-6.36503e-05
8.38162e-05
-4.09376e-05
8.64979e-05
-1.21263e-05
9.10307e-05
1.24657e-05
9.77488e-05
3.15545e-05
0.00010683
4.61131e-05
0.000118739
5.81144e-05
0.000135669
6.95174e-05
0.000166994
8.01992e-05
8.53404e-05
0.000262185
5.62701e-06
-2.58624e-05
1.09902e-05
-2.66224e-05
1.59537e-05
-2.74285e-05
2.07787e-05
-2.91155e-05
2.56612e-05
-3.17415e-05
3.07201e-05
-3.53877e-05
3.59834e-05
-4.01419e-05
4.13786e-05
-4.60375e-05
4.66981e-05
-5.29143e-05
5.17003e-05
-6.04304e-05
5.61143e-05
-6.77308e-05
5.98748e-05
-7.34666e-05
6.3943e-05
-7.58388e-05
6.72279e-05
-6.69353e-05
7.06418e-05
-4.43515e-05
7.61592e-05
-1.76436e-05
8.44085e-05
4.21645e-06
9.53668e-05
2.05962e-05
0.000109186
3.22943e-05
0.000126756
4.05442e-05
0.0001503
4.59737e-05
0.000182818
4.76809e-05
4.29831e-05
0.000225175
5.96788e-06
-3.18303e-05
1.13429e-05
-3.19974e-05
1.63837e-05
-3.24693e-05
2.13272e-05
-3.40589e-05
2.63068e-05
-3.6721e-05
3.13959e-05
-4.04768e-05
3.65657e-05
-4.53117e-05
4.17232e-05
-5.11951e-05
4.69137e-05
-5.81048e-05
5.19609e-05
-6.54776e-05
5.6194e-05
-7.19639e-05
5.86216e-05
-7.58942e-05
5.96297e-05
-7.68469e-05
6.07504e-05
-6.8056e-05
6.37125e-05
-4.73136e-05
7.04561e-05
-2.43872e-05
8.06294e-05
-5.95686e-06
9.38407e-05
7.38488e-06
0.000110013
1.61222e-05
0.00012962
2.09366e-05
0.000153573
2.20215e-05
0.000182614
1.86399e-05
9.00779e-06
0.000216589
7.16164e-06
-3.89919e-05
1.23171e-05
-3.71528e-05
1.7561e-05
-3.77132e-05
2.29877e-05
-3.94856e-05
2.86336e-05
-4.2367e-05
3.45356e-05
-4.63788e-05
4.06567e-05
-5.14327e-05
4.65777e-05
-5.71161e-05
5.18324e-05
-6.33595e-05
5.61138e-05
-6.97589e-05
5.92579e-05
-7.5108e-05
6.15363e-05
-7.81725e-05
6.1766e-05
-7.70766e-05
6.06997e-05
-6.69897e-05
6.23205e-05
-4.89344e-05
6.86296e-05
-3.06963e-05
7.89742e-05
-1.63015e-05
9.27118e-05
-6.3527e-06
0.000109452
-6.17724e-07
0.000129115
1.27366e-06
0.000151672
-5.36104e-07
0.000176556
-6.24422e-06
-1.60343e-05
0.000201599
6.2923e-06
-4.52842e-05
1.20453e-05
-4.29058e-05
1.81156e-05
-4.37835e-05
2.42887e-05
-4.56587e-05
3.04219e-05
-4.85002e-05
3.64046e-05
-5.23614e-05
4.21228e-05
-5.7151e-05
4.76328e-05
-6.2626e-05
5.26355e-05
-6.83623e-05
5.66749e-05
-7.37983e-05
5.96425e-05
-7.80756e-05
6.13604e-05
-7.98904e-05
6.16343e-05
-7.73505e-05
6.09473e-05
-6.63027e-05
6.24697e-05
-5.04569e-05
6.82526e-05
-3.64791e-05
7.80185e-05
-2.60674e-05
9.11718e-05
-1.9506e-05
0.000107185
-1.66304e-05
0.000125616
-1.71579e-05
0.000145937
-2.08573e-05
0.000167148
-2.74544e-05
-3.63163e-05
0.00018743
4.00301e-06
-4.92872e-05
1.05667e-05
-4.94694e-05
1.72158e-05
-5.04326e-05
2.37539e-05
-5.21968e-05
3.00794e-05
-5.48257e-05
3.6067e-05
-5.8349e-05
4.15954e-05
-6.26794e-05
4.65631e-05
-6.75937e-05
5.08763e-05
-7.26755e-05
5.44236e-05
-7.73457e-05
5.70666e-05
-8.07186e-05
5.8671e-05
-8.14949e-05
5.91525e-05
-7.7832e-05
5.93491e-05
-6.64993e-05
6.16052e-05
-5.2713e-05
6.72784e-05
-4.21523e-05
7.63933e-05
-3.51823e-05
8.85165e-05
-3.16292e-05
0.00010313
-3.12435e-05
0.000119693
-3.37215e-05
0.000137531
-3.86954e-05
0.000155682
-4.56058e-05
-5.34776e-05
0.000172844
4.91457e-06
-5.42018e-05
1.07931e-05
-5.53479e-05
1.68534e-05
-5.6493e-05
2.28665e-05
-5.82099e-05
2.86849e-05
-6.0644e-05
3.41692e-05
-6.38333e-05
3.91987e-05
-6.77089e-05
4.36744e-05
-7.20694e-05
4.75424e-05
-7.65434e-05
5.07371e-05
-8.05404e-05
5.31909e-05
-8.31724e-05
5.48393e-05
-8.31433e-05
5.56996e-05
-7.86923e-05
5.6577e-05
-6.73767e-05
5.94276e-05
-5.55636e-05
6.50518e-05
-4.77764e-05
7.34699e-05
-4.36004e-05
8.43793e-05
-4.25387e-05
9.73486e-05
-4.42128e-05
0.000111875
-4.82476e-05
0.000127336
-5.41562e-05
0.00014293
-6.12005e-05
-6.82458e-05
0.000157699
5.06796e-06
-5.92697e-05
1.04861e-05
-6.0766e-05
1.59407e-05
-6.19477e-05
2.1309e-05
-6.35782e-05
2.64827e-05
-6.58177e-05
3.13558e-05
-6.87064e-05
3.58351e-05
-7.21882e-05
3.98475e-05
-7.60818e-05
4.3341e-05
-8.00369e-05
4.62783e-05
-8.34776e-05
4.86263e-05
-8.55204e-05
5.03659e-05
-8.48829e-05
5.15355e-05
-7.98618e-05
5.28951e-05
-6.87364e-05
5.61025e-05
-5.8771e-05
6.15594e-05
-5.32333e-05
6.92263e-05
-5.12673e-05
7.88748e-05
-5.21872e-05
9.01695e-05
-5.55075e-05
0.000102698
-6.07759e-05
0.000115952
-6.74104e-05
0.000129293
-7.4542e-05
-8.09141e-05
0.000141962
4.72985e-06
-6.39995e-05
9.622e-06
-6.56582e-05
1.44801e-05
-6.68057e-05
1.92211e-05
-6.83192e-05
2.37695e-05
-7.03661e-05
2.80514e-05
-7.29884e-05
3.20014e-05
-7.61381e-05
3.55679e-05
-7.96483e-05
3.87162e-05
-8.31852e-05
4.1424e-05
-8.61855e-05
4.36785e-05
-8.77749e-05
4.54774e-05
-8.66817e-05
4.68255e-05
-8.121e-05
4.84911e-05
-7.0402e-05
5.18394e-05
-6.21192e-05
5.69995e-05
-5.83935e-05
6.38772e-05
-5.8145e-05
7.22848e-05
-6.05948e-05
8.19663e-05
-6.5189e-05
9.26058e-05
-7.14154e-05
0.000103812
-7.8617e-05
0.000115103
-8.5833e-05
-9.16514e-05
0.000125841
4.25341e-06
-6.82529e-05
8.57009e-06
-6.99748e-05
1.28156e-05
-7.10513e-05
1.6935e-05
-7.24385e-05
2.08758e-05
-7.4307e-05
2.45873e-05
-7.66998e-05
2.80247e-05
-7.95755e-05
3.11543e-05
-8.2778e-05
3.39561e-05
-8.5987e-05
3.64219e-05
-8.86513e-05
3.85512e-05
-8.99042e-05
4.03417e-05
-8.84722e-05
4.17369e-05
-8.26052e-05
4.35639e-05
-7.2229e-05
4.68834e-05
-6.54387e-05
5.16455e-05
-6.31556e-05
5.77179e-05
-6.42174e-05
6.49346e-05
-6.78114e-05
7.30972e-05
-7.33516e-05
8.19724e-05
-8.02906e-05
9.12783e-05
-8.79229e-05
0.000100674
-9.52285e-05
-0.000100636
0.000109658
3.75299e-06
-7.20059e-05
7.50353e-06
-7.37254e-05
1.11505e-05
-7.46983e-05
1.46665e-05
-7.59545e-05
1.80203e-05
-7.76607e-05
2.1179e-05
-7.98586e-05
2.4114e-05
-8.25104e-05
2.68053e-05
-8.54693e-05
2.92449e-05
-8.84267e-05
3.14363e-05
-9.08427e-05
3.33876e-05
-9.18556e-05
3.50946e-05
-9.01791e-05
3.64333e-05
-8.39439e-05
3.83192e-05
-7.41149e-05
4.14915e-05
-6.8611e-05
4.5795e-05
-6.74591e-05
5.107e-05
-6.94924e-05
5.71604e-05
-7.39018e-05
6.39074e-05
-8.00987e-05
7.1139e-05
-8.75222e-05
7.86767e-05
-9.54605e-05
8.62847e-05
-0.000102836
-0.000107953
9.36025e-05
3.27628e-06
-7.52822e-05
6.49966e-06
-7.69487e-05
9.58484e-06
-7.77835e-05
1.25328e-05
-7.89025e-05
1.53305e-05
-8.04583e-05
1.79594e-05
-8.24876e-05
2.04029e-05
-8.49539e-05
2.26514e-05
-8.77177e-05
2.47065e-05
-9.04818e-05
2.65823e-05
-9.27186e-05
2.82987e-05
-9.3572e-05
2.98578e-05
-9.17383e-05
3.10771e-05
-8.51632e-05
3.29651e-05
-7.60029e-05
3.593e-05
-7.15759e-05
3.97596e-05
-7.12887e-05
4.42744e-05
-7.40072e-05
4.93215e-05
-7.89489e-05
5.47626e-05
-8.55398e-05
6.04719e-05
-9.32315e-05
6.63385e-05
-0.000101327
7.22726e-05
-0.000108771
-0.0001137
7.8019e-05
2.84873e-06
-7.81309e-05
5.60522e-06
-7.97052e-05
8.18245e-06
-8.03607e-05
1.06123e-05
-8.13323e-05
1.28963e-05
-8.27424e-05
1.50271e-05
-8.46183e-05
1.69962e-05
-8.69231e-05
1.88011e-05
-8.95226e-05
2.0451e-05
-9.21317e-05
2.19701e-05
-9.42377e-05
2.33965e-05
-9.49984e-05
2.47612e-05
-9.3103e-05
2.58562e-05
-8.62582e-05
2.77321e-05
-7.78788e-05
3.0487e-05
-7.43308e-05
3.38793e-05
-7.46811e-05
3.77148e-05
-7.78427e-05
4.18355e-05
-8.30696e-05
4.61115e-05
-8.98158e-05
5.04381e-05
-9.75581e-05
5.4751e-05
-0.00010564
5.90589e-05
-0.000113078
-0.000117997
6.33566e-05
2.49889e-06
-8.06298e-05
4.87161e-06
-8.2078e-05
7.01367e-06
-8.25028e-05
8.98974e-06
-8.33084e-05
1.08155e-05
-8.45681e-05
1.24921e-05
-8.62949e-05
1.40163e-05
-8.84473e-05
1.53886e-05
-9.0895e-05
1.66222e-05
-9.33653e-05
1.7751e-05
-9.53665e-05
1.88364e-05
-9.60838e-05
1.9953e-05
-9.42196e-05
2.09848e-05
-8.729e-05
2.28828e-05
-7.97769e-05
2.54904e-05
-7.69384e-05
2.85451e-05
-7.77358e-05
3.18431e-05
-8.11407e-05
3.52292e-05
-8.64558e-05
3.85634e-05
-9.315e-05
4.17358e-05
-0.000100731
4.47038e-05
-0.000108608
4.7498e-05
-0.000115873
-0.000120851
5.03515e-05
2.27769e-06
-8.29075e-05
4.3777e-06
-8.4178e-05
6.16898e-06
-8.4294e-05
7.76833e-06
-8.49077e-05
9.20759e-06
-8.60074e-05
1.04946e-05
-8.7582e-05
1.16262e-05
-8.95789e-05
1.25993e-05
-9.18681e-05
1.34265e-05
-9.41926e-05
1.41515e-05
-9.60916e-05
1.48671e-05
-9.67994e-05
1.57e-05
-9.50525e-05
1.67548e-05
-8.83449e-05
1.87319e-05
-8.1754e-05
2.1306e-05
-7.95125e-05
2.41902e-05
-8.062e-05
2.718e-05
-8.41306e-05
3.01154e-05
-8.93913e-05
3.28519e-05
-9.58867e-05
3.52745e-05
-0.000103153
3.73339e-05
-0.000110668
3.91069e-05
-0.000117646
-0.000122592
4.08481e-05
2.29628e-06
-8.52038e-05
4.17497e-06
-8.60567e-05
5.69338e-06
-8.58124e-05
7.02726e-06
-8.62416e-05
8.19665e-06
-8.71767e-05
9.20809e-06
-8.85934e-05
1.00479e-05
-9.04188e-05
1.06951e-05
-9.25153e-05
1.11499e-05
-9.46474e-05
1.14812e-05
-9.64228e-05
1.18606e-05
-9.71787e-05
1.25105e-05
-9.57023e-05
1.35336e-05
-8.9368e-05
1.56305e-05
-8.3851e-05
1.83078e-05
-8.21898e-05
2.12398e-05
-8.3552e-05
2.42313e-05
-8.71221e-05
2.71239e-05
-9.22838e-05
2.97641e-05
-9.85268e-05
3.20001e-05
-0.000105389
3.38769e-05
-0.000112545
3.56058e-05
-0.000119375
-0.000124826
3.78403e-05
2.79623e-06
-8.79999e-05
4.1518e-06
-8.74121e-05
5.56521e-06
-8.72256e-05
6.82583e-06
-8.7502e-05
7.91666e-06
-8.82673e-05
8.84363e-06
-8.95201e-05
9.57037e-06
-9.11453e-05
1.00379e-05
-9.29825e-05
1.01963e-05
-9.48057e-05
1.00424e-05
-9.62687e-05
9.82476e-06
-9.6961e-05
1.03462e-05
-9.62236e-05
1.13184e-05
-9.034e-05
1.36307e-05
-8.61631e-05
1.66844e-05
-8.52433e-05
1.99956e-05
-8.6863e-05
2.32997e-05
-9.0426e-05
2.63936e-05
-9.53776e-05
2.93845e-05
-0.000101518
3.22016e-05
-0.000108206
3.46787e-05
-0.000115022
3.64088e-05
-0.000121105
-0.000127282
3.88646e-05
4.86534e-06
-9.28649e-05
4.49984e-06
-8.70457e-05
6.12017e-06
-8.88454e-05
7.53106e-06
-8.89124e-05
8.8423e-06
-8.95781e-05
1.00123e-05
-9.06895e-05
1.09328e-05
-9.20651e-05
1.14578e-05
-9.35066e-05
1.1354e-05
-9.47006e-05
1.0341e-05
-9.52539e-05
8.12954e-06
-9.47473e-05
6.43061e-06
-9.4523e-05
8.63555e-06
-9.25441e-05
1.23225e-05
-8.98497e-05
1.67965e-05
-8.97169e-05
2.14099e-05
-9.14759e-05
2.62117e-05
-9.5227e-05
3.11623e-05
-0.000100328
3.5301e-05
-0.000105656
3.83792e-05
-0.000111284
4.04879e-05
-0.00011713
3.98509e-05
-0.000120468
-0.000116482
2.90518e-05
2.01541e-05
-0.000113019
7.55344e-06
-7.44446e-05
6.7461e-06
-8.80376e-05
8.47405e-06
-9.06399e-05
1.0018e-05
-9.11216e-05
1.12597e-05
-9.19308e-05
1.1983e-05
-9.27879e-05
1.18548e-05
-9.33778e-05
1.05067e-05
-9.33518e-05
7.78166e-06
-9.25279e-05
4.7417e-06
-9.17061e-05
3.77476e-06
-9.35549e-05
5.22231e-06
-9.39914e-05
1.04692e-05
-9.50964e-05
1.61765e-05
-9.5424e-05
2.06282e-05
-9.59273e-05
2.17474e-05
-9.63457e-05
1.94566e-05
-9.80362e-05
1.60253e-05
-0.000102224
1.19339e-05
-0.000107193
5.37057e-06
-0.000110567
-6.30298e-06
-0.000108794
-9.72617e-05
-2.55241e-05
-2.96039e-06
-0.000110058
3.44961e-06
-8.08551e-05
3.39609e-06
-8.79844e-05
2.75775e-06
-9.00019e-05
1.98715e-06
-9.03514e-05
9.54498e-07
-9.08987e-05
-3.19608e-07
-9.15145e-05
-1.89723e-06
-9.18011e-05
-3.84567e-06
-9.14047e-05
-6.08743e-06
-9.02879e-05
-8.21674e-06
-8.9579e-05
-1.03507e-05
-9.14226e-05
-1.08441e-05
-9.34988e-05
-1.05204e-05
-9.54206e-05
-9.73814e-06
-9.62068e-05
-8.98255e-06
-9.66834e-05
-8.73389e-06
-9.65952e-05
-9.66273e-06
-9.7108e-05
-1.3173e-05
-9.87147e-05
-1.95233e-05
-0.000100843
-2.99506e-05
-0.00010014
-4.56359e-05
-9.31091e-05
-7.61756e-05
-6.67227e-05
-7.42704e-06
-0.000102631
-1.08494e-06
-8.71973e-05
-6.82829e-07
-8.83868e-05
-2.37704e-06
-8.83081e-05
-4.35587e-06
-8.8373e-05
-6.56334e-06
-8.86918e-05
-8.98882e-06
-8.90897e-05
-1.15045e-05
-8.92863e-05
-1.38378e-05
-8.90724e-05
-1.56245e-05
-8.85026e-05
-1.70102e-05
-8.81947e-05
-1.91757e-05
-8.92586e-05
-2.12792e-05
-9.13958e-05
-2.39848e-05
-9.27156e-05
-2.6633e-05
-9.35592e-05
-2.92459e-05
-9.40711e-05
-3.17193e-05
-9.41224e-05
-3.50672e-05
-9.37609e-05
-4.00788e-05
-9.37031e-05
-4.84156e-05
-9.25056e-05
-6.07928e-05
-8.77626e-05
-7.7031e-05
-7.68707e-05
-5.74225e-05
-9.57843e-05
-5.23831e-06
-9.73923e-05
-3.37162e-06
-8.90636e-05
-4.40727e-06
-8.73509e-05
-6.34814e-06
-8.63671e-05
-8.69131e-06
-8.60298e-05
-1.12936e-05
-8.60894e-05
-1.40945e-05
-8.62888e-05
-1.69724e-05
-8.64085e-05
-1.97177e-05
-8.63272e-05
-2.21036e-05
-8.61168e-05
-2.41861e-05
-8.61124e-05
-2.66724e-05
-8.67724e-05
-3.01842e-05
-8.78842e-05
-3.41566e-05
-8.87433e-05
-3.84489e-05
-8.92669e-05
-4.3065e-05
-8.94551e-05
-4.80204e-05
-8.91671e-05
-5.35541e-05
-8.82272e-05
-6.087e-05
-8.63871e-05
-7.07519e-05
-8.26237e-05
-8.32957e-05
-7.52187e-05
-9.77543e-05
-6.24122e-05
-4.29645e-05
-0.000112212
-4.17826e-06
-9.32139e-05
-5.09342e-06
-8.81483e-05
-6.91453e-06
-8.55296e-05
-9.14362e-06
-8.41378e-05
-1.16271e-05
-8.35462e-05
-1.43295e-05
-8.33868e-05
-1.72185e-05
-8.33998e-05
-2.02238e-05
-8.34031e-05
-2.32407e-05
-8.33103e-05
-2.61962e-05
-8.31614e-05
-2.91833e-05
-8.31253e-05
-3.2572e-05
-8.33838e-05
-3.66283e-05
-8.38279e-05
-4.1266e-05
-8.41057e-05
-4.64304e-05
-8.41025e-05
-5.2165e-05
-8.37206e-05
-5.85653e-05
-8.27668e-05
-6.58598e-05
-8.09328e-05
-7.44908e-05
-7.77561e-05
-8.47454e-05
-7.2369e-05
-9.63462e-05
-6.36178e-05
-0.000108296
-5.04627e-05
-3.24064e-05
-0.000118854
-4.03627e-06
-8.91775e-05
-6.28334e-06
-8.59011e-05
-8.55066e-06
-8.32622e-05
-1.09364e-05
-8.1752e-05
-1.34822e-05
-8.10003e-05
-1.62088e-05
-8.06601e-05
-1.91154e-05
-8.04931e-05
-2.21743e-05
-8.03441e-05
-2.53466e-05
-8.01379e-05
-2.86246e-05
-7.98834e-05
-3.20965e-05
-7.96534e-05
-3.59699e-05
-7.95104e-05
-4.04173e-05
-7.93804e-05
-4.54476e-05
-7.90754e-05
-5.10811e-05
-7.84691e-05
-5.73778e-05
-7.7424e-05
-6.44232e-05
-7.57214e-05
-7.2328e-05
-7.3028e-05
-8.12085e-05
-6.88755e-05
-9.09773e-05
-6.26002e-05
-0.000101132
-5.34635e-05
-0.000110693
-4.09011e-05
-2.48166e-05
-0.000118283
-4.01699e-06
-8.51606e-05
-6.85906e-06
-8.30591e-05
-9.39214e-06
-8.07291e-05
-1.1882e-05
-7.92621e-05
-1.44562e-05
-7.8426e-05
-1.71745e-05
-7.79419e-05
-2.00614e-05
-7.76061e-05
-2.31198e-05
-7.72857e-05
-2.6347e-05
-7.69107e-05
-2.97635e-05
-7.64669e-05
-3.34437e-05
-7.59732e-05
-3.7517e-05
-7.54371e-05
-4.20985e-05
-7.4799e-05
-4.72349e-05
-7.39391e-05
-5.29665e-05
-7.27375e-05
-5.93431e-05
-7.10475e-05
-6.64065e-05
-6.8658e-05
-7.41649e-05
-6.52696e-05
-8.25493e-05
-6.04912e-05
-9.12963e-05
-5.38532e-05
-9.98561e-05
-4.49037e-05
-0.00010739
-3.33676e-05
-1.93226e-05
-0.000112884
-3.89695e-06
-8.12639e-05
-6.96194e-06
-7.99943e-05
-9.64356e-06
-7.80477e-05
-1.22016e-05
-7.67041e-05
-1.47864e-05
-7.58413e-05
-1.74789e-05
-7.52493e-05
-2.03222e-05
-7.47629e-05
-2.3338e-05
-7.42699e-05
-2.65435e-05
-7.37053e-05
-2.99691e-05
-7.30413e-05
-3.36739e-05
-7.22685e-05
-3.77425e-05
-7.13686e-05
-4.22542e-05
-7.02873e-05
-4.72582e-05
-6.89351e-05
-5.27919e-05
-6.72039e-05
-5.8882e-05
-6.49574e-05
-6.55278e-05
-6.20123e-05
-7.26705e-05
-5.81269e-05
-8.01535e-05
-5.30082e-05
-8.76638e-05
-4.63429e-05
-9.46994e-05
-3.78682e-05
-0.000100595
-2.74722e-05
-1.52966e-05
-0.000104621
-3.69821e-06
-7.7566e-05
-6.78856e-06
-7.69042e-05
-9.51837e-06
-7.53181e-05
-1.21006e-05
-7.4122e-05
-1.46747e-05
-7.32674e-05
-1.73257e-05
-7.25984e-05
-2.0105e-05
-7.19836e-05
-2.30452e-05
-7.13298e-05
-2.61721e-05
-7.05784e-05
-2.95177e-05
-6.96958e-05
-3.3127e-05
-6.86593e-05
-3.70564e-05
-6.74393e-05
-4.13586e-05
-6.59852e-05
-4.60709e-05
-6.42229e-05
-5.12161e-05
-6.20588e-05
-5.67976e-05
-5.93759e-05
-6.27837e-05
-5.60263e-05
-6.90824e-05
-5.18283e-05
-7.55128e-05
-4.65779e-05
-8.17786e-05
-4.00771e-05
-8.74618e-05
-3.2185e-05
-9.20568e-05
-2.28774e-05
-1.23022e-05
-9.50513e-05
-3.45631e-06
-7.41103e-05
-6.46831e-06
-7.38927e-05
-9.17354e-06
-7.26131e-05
-1.17344e-05
-7.15614e-05
-1.42698e-05
-7.07321e-05
-1.68588e-05
-7.00095e-05
-1.95536e-05
-6.9289e-05
-2.239e-05
-6.84935e-05
-2.53967e-05
-6.75718e-05
-2.86027e-05
-6.64899e-05
-3.20415e-05
-6.52205e-05
-3.57498e-05
-6.37311e-05
-3.976e-05
-6.19751e-05
-4.40934e-05
-5.98896e-05
-4.87563e-05
-5.7396e-05
-5.37332e-05
-5.43991e-05
-5.8974e-05
-5.07855e-05
-6.43768e-05
-4.64256e-05
-6.97698e-05
-4.1185e-05
-7.48996e-05
-3.49473e-05
-7.94381e-05
-2.76465e-05
-8.30121e-05
-1.93033e-05
-1.00556e-05
-8.52589e-05
-3.20476e-06
-7.0906e-05
-6.0808e-06
-7.10171e-05
-8.70567e-06
-6.99886e-05
-1.12032e-05
-6.90641e-05
-1.36697e-05
-6.82658e-05
-1.61734e-05
-6.7506e-05
-1.87623e-05
-6.67002e-05
-2.14711e-05
-6.57848e-05
-2.43271e-05
-6.47159e-05
-2.7355e-05
-6.34622e-05
-3.05787e-05
-6.19969e-05
-3.4021e-05
-6.02889e-05
-3.7699e-05
-5.82972e-05
-4.16195e-05
-5.59691e-05
-4.5775e-05
-5.32406e-05
-5.01372e-05
-5.00371e-05
-5.46479e-05
-4.62749e-05
-5.9208e-05
-4.18655e-05
-6.36679e-05
-3.67252e-05
-6.78239e-05
-3.07913e-05
-7.14266e-05
-2.40438e-05
-7.42051e-05
-1.6525e-05
-8.35301e-06
-7.59078e-05
-2.94964e-06
-6.7957e-05
-5.6583e-06
-6.83089e-05
-8.16649e-06
-6.74807e-05
-1.05669e-05
-6.66639e-05
-1.29363e-05
-6.58967e-05
-1.53314e-05
-6.5111e-05
-1.77939e-05
-6.42379e-05
-2.03546e-05
-6.32242e-05
-2.30379e-05
-6.20327e-05
-2.58634e-05
-6.06368e-05
-2.88477e-05
-5.90127e-05
-3.20034e-05
-5.71333e-05
-3.53366e-05
-5.49641e-05
-3.88435e-05
-5.24623e-05
-4.25071e-05
-4.95771e-05
-4.62919e-05
-4.62524e-05
-5.01386e-05
-4.24283e-05
-5.39575e-05
-3.80468e-05
-5.76238e-05
-3.3059e-05
-6.0978e-05
-2.74371e-05
-6.3835e-05
-2.11869e-05
-6.60009e-05
-1.43591e-05
-7.05563e-06
-6.72986e-05
-2.69905e-06
-6.52583e-05
-5.22124e-06
-6.57871e-05
-7.58521e-06
-6.51171e-05
-9.86124e-06
-6.43881e-05
-1.2109e-05
-6.36491e-05
-1.43742e-05
-6.2846e-05
-1.66915e-05
-6.19207e-05
-1.90874e-05
-6.08284e-05
-2.1582e-05
-5.95382e-05
-2.41906e-05
-5.80283e-05
-2.69239e-05
-5.62795e-05
-2.97874e-05
-5.42699e-05
-3.27798e-05
-5.19718e-05
-3.58905e-05
-4.93517e-05
-3.90969e-05
-4.63708e-05
-4.23614e-05
-4.2988e-05
-4.56274e-05
-3.91623e-05
-4.88168e-05
-3.48574e-05
-5.18279e-05
-3.0048e-05
-5.4538e-05
-2.47271e-05
-5.68102e-05
-1.89147e-05
-5.85063e-05
-1.26633e-05
-6.05761e-06
-5.95044e-05
-2.45046e-06
-6.28084e-05
-4.77525e-06
-6.34627e-05
-6.97713e-06
-6.29155e-05
-9.10793e-06
-6.22575e-05
-1.12136e-05
-6.15436e-05
-1.33304e-05
-6.07293e-05
-1.54866e-05
-5.97646e-05
-1.7704e-05
-5.86112e-05
-1.99988e-05
-5.72434e-05
-2.23825e-05
-5.56447e-05
-2.48613e-05
-5.38008e-05
-2.74359e-05
-5.16953e-05
-3.01003e-05
-4.93075e-05
-3.28402e-05
-4.66119e-05
-3.56308e-05
-4.35803e-05
-3.84352e-05
-4.01836e-05
-4.12023e-05
-3.63953e-05
-4.38654e-05
-3.21944e-05
-4.63427e-05
-2.75707e-05
-4.85396e-05
-2.25302e-05
-5.03554e-05
-1.7099e-05
-5.16913e-05
-1.13272e-05
-5.28747e-06
-5.24617e-05
-2.20455e-06
-6.06041e-05
-4.32529e-06
-6.13422e-05
-6.35151e-06
-6.08895e-05
-8.3209e-06
-6.02883e-05
-1.02679e-05
-5.95967e-05
-1.22209e-05
-5.87764e-05
-1.42026e-05
-5.7783e-05
-1.62308e-05
-5.6583e-05
-1.83184e-05
-5.51559e-05
-2.04735e-05
-5.34896e-05
-2.26991e-05
-5.15752e-05
-2.49929e-05
-4.94016e-05
-2.73461e-05
-4.69542e-05
-2.97429e-05
-4.42151e-05
-3.21586e-05
-4.11645e-05
-3.45591e-05
-3.77832e-05
-3.68993e-05
-3.40551e-05
-3.91233e-05
-2.99704e-05
-4.11654e-05
-2.55287e-05
-4.29527e-05
-2.07428e-05
-4.44102e-05
-1.56415e-05
-4.54671e-05
-1.02705e-05
-4.68977e-06
-4.60648e-05
-1.95674e-06
-5.86478e-05
-3.87114e-06
-5.94281e-05
-5.71349e-06
-5.90473e-05
-7.50933e-06
-5.84926e-05
-9.28418e-06
-5.78219e-05
-1.10604e-05
-5.70002e-05
-1.28567e-05
-5.59867e-05
-1.46877e-05
-5.47521e-05
-1.65634e-05
-5.32802e-05
-1.84893e-05
-5.15637e-05
-2.0466e-05
-4.95984e-05
-2.24893e-05
-4.73783e-05
-2.45493e-05
-4.48942e-05
-2.663e-05
-4.21344e-05
-2.87084e-05
-3.90861e-05
-3.07539e-05
-3.57377e-05
-3.27277e-05
-3.20812e-05
-3.45835e-05
-2.81145e-05
-3.62684e-05
-2.38438e-05
-3.77254e-05
-1.92857e-05
-3.88983e-05
-1.44687e-05
-3.97357e-05
-9.43287e-06
-4.2285e-06
-4.01971e-05
-1.70282e-06
-5.69449e-05
-3.41335e-06
-5.77176e-05
-5.06664e-06
-5.73941e-05
-6.67926e-06
-5.688e-05
-8.27055e-06
-5.62306e-05
-9.85928e-06
-5.54115e-05
-1.14615e-05
-5.43845e-05
-1.30894e-05
-5.31242e-05
-1.47506e-05
-5.16188e-05
-1.64486e-05
-4.98657e-05
-1.81823e-05
-4.78647e-05
-1.99462e-05
-4.56144e-05
-2.17303e-05
-4.31101e-05
-2.35196e-05
-4.03451e-05
-2.52935e-05
-3.73122e-05
-2.70254e-05
-3.40058e-05
-2.86827e-05
-3.04239e-05
-3.0227e-05
-2.65701e-05
-3.16157e-05
-2.24551e-05
-3.28036e-05
-1.80977e-05
-3.37469e-05
-1.35253e-05
-3.44077e-05
-8.77229e-06
-3.87657e-06
-3.47595e-05
-1.43333e-06
-5.55118e-05
-2.9515e-06
-5.61995e-05
-4.41409e-06
-5.59315e-05
-5.83463e-06
-5.54594e-05
-7.23174e-06
-5.48335e-05
-8.62351e-06
-5.40197e-05
-1.00247e-05
-5.29832e-05
-1.14456e-05
-5.17032e-05
-1.28917e-05
-5.01727e-05
-1.43644e-05
-4.8393e-05
-1.58613e-05
-4.63677e-05
-1.73765e-05
-4.4099e-05
-1.89006e-05
-4.15859e-05
-2.04202e-05
-3.88255e-05
-2.19174e-05
-3.58149e-05
-2.337e-05
-3.25531e-05
-2.47513e-05
-2.90426e-05
-2.60298e-05
-2.52915e-05
-2.7171e-05
-2.13139e-05
-2.81379e-05
-1.71308e-05
-2.88947e-05
-1.27685e-05
-2.94112e-05
-8.25543e-06
-3.61725e-06
-2.96706e-05
-1.14043e-06
-5.43712e-05
-2.49249e-06
-5.48474e-05
-3.76195e-06
-5.4662e-05
-4.97854e-06
-5.42428e-05
-6.16972e-06
-5.36422e-05
-7.3559e-06
-5.28334e-05
-8.5509e-06
-5.17881e-05
-9.76261e-06
-5.04914e-05
-1.09941e-05
-4.89411e-05
-1.22446e-05
-4.71423e-05
-1.3511e-05
-4.51013e-05
-1.47872e-05
-4.28227e-05
-1.60648e-05
-4.03081e-05
-1.73325e-05
-3.75576e-05
-1.85759e-05
-3.45715e-05
-1.9777e-05
-3.13518e-05
-2.09147e-05
-2.79048e-05
-2.19643e-05
-2.42418e-05
-2.28977e-05
-2.03804e-05
-2.36841e-05
-1.63443e-05
-2.42912e-05
-1.21612e-05
-2.46909e-05
-7.85588e-06
-3.43647e-06
-2.48715e-05
-8.63957e-07
-5.35074e-05
-2.0663e-06
-5.3645e-05
-3.12396e-06
-5.36042e-05
-4.11499e-06
-5.32517e-05
-5.08544e-06
-5.26717e-05
-6.05797e-06
-5.18608e-05
-7.04327e-06
-5.08027e-05
-8.04508e-06
-4.94895e-05
-9.06302e-06
-4.79231e-05
-1.00944e-05
-4.61108e-05
-1.11352e-05
-4.40604e-05
-1.21799e-05
-4.17778e-05
-1.32217e-05
-3.92663e-05
-1.42516e-05
-3.65276e-05
-1.52586e-05
-3.35643e-05
-1.62295e-05
-3.03808e-05
-1.71489e-05
-2.69854e-05
-1.79986e-05
-2.3392e-05
-1.87576e-05
-1.96213e-05
-1.94001e-05
-1.57016e-05
-1.98948e-05
-1.16666e-05
-2.02073e-05
-7.54298e-06
-3.32123e-06
-2.03227e-05
-7.95764e-07
-5.27114e-05
-1.74082e-06
-5.26999e-05
-2.52558e-06
-5.28194e-05
-3.25168e-06
-5.25255e-05
-3.98241e-06
-5.19409e-05
-4.73407e-06
-5.11091e-05
-5.50746e-06
-5.00293e-05
-6.29896e-06
-4.8698e-05
-7.10382e-06
-4.71182e-05
-7.91742e-06
-4.52971e-05
-8.73543e-06
-4.32424e-05
-9.5534e-06
-4.09598e-05
-1.03662e-05
-3.84534e-05
-1.11676e-05
-3.57262e-05
-1.19502e-05
-3.27817e-05
-1.27053e-05
-2.96256e-05
-1.34234e-05
-2.62672e-05
-1.40942e-05
-2.27212e-05
-1.47052e-05
-1.90102e-05
-1.52388e-05
-1.5168e-05
-1.56643e-05
-1.12409e-05
-1.59326e-05
-7.275e-06
-3.24728e-06
-1.60064e-05
-1.23731e-06
-5.1474e-05
-1.62649e-06
-5.23105e-05
-2.00406e-06
-5.24417e-05
-2.40208e-06
-5.21274e-05
-2.87217e-06
-5.14707e-05
-3.39675e-06
-5.05844e-05
-3.95543e-06
-4.94705e-05
-4.53404e-06
-4.81193e-05
-5.12327e-06
-4.65289e-05
-5.71716e-06
-4.47031e-05
-6.31176e-06
-4.26477e-05
-6.90393e-06
-4.03675e-05
-7.49048e-06
-3.78668e-05
-8.06771e-06
-3.51489e-05
-8.63142e-06
-3.22179e-05
-9.17733e-06
-2.90797e-05
-9.70183e-06
-2.57426e-05
-1.02029e-05
-2.222e-05
-1.06805e-05
-1.85326e-05
-1.11329e-05
-1.47156e-05
-1.15429e-05
-1.08309e-05
-1.18406e-05
-6.97686e-06
-3.17354e-06
-1.19144e-05
-2.42355e-06
-4.90501e-05
-1.85387e-06
-5.28799e-05
-1.54579e-06
-5.27495e-05
-1.56637e-06
-5.21066e-05
-1.77148e-06
-5.12654e-05
-2.06584e-06
-5.02898e-05
-2.40395e-06
-4.91322e-05
-2.76216e-06
-4.77609e-05
-3.12817e-06
-4.61627e-05
-3.49582e-06
-4.43353e-05
-3.86207e-06
-4.22812e-05
-4.2251e-06
-4.00043e-05
-4.58339e-06
-3.75083e-05
-4.93525e-06
-3.47968e-05
-5.27897e-06
-3.1874e-05
-5.61347e-06
-2.8745e-05
-5.9397e-06
-2.54162e-05
-6.26306e-06
-2.18964e-05
-6.59678e-06
-1.81987e-05
-6.9649e-06
-1.43473e-05
-7.3979e-06
-1.03977e-05
-7.86952e-06
-6.50525e-06
-3.00226e-06
-8.04069e-06
-6.32136e-06
-1.87675e-06
-9.11337e-07
-6.77365e-07
-6.69051e-07
-7.4847e-07
-8.63606e-07
-9.91907e-07
-1.1238e-06
-1.25529e-06
-1.38476e-06
-1.51148e-06
-1.63496e-06
-1.7547e-06
-1.87035e-06
-1.98215e-06
-2.09211e-06
-2.20669e-06
-2.3425e-06
-2.53712e-06
-2.86948e-06
-3.50831e-06
-4.64878e-06
0.000238658
2.35268e-05
0.000228911
9.74732e-06
0.000228214
6.96793e-07
-9.04437e-06
0.000237258
0.000238429
1.02731e-05
0.000248377
-2.01166e-07
0.000256607
-7.53254e-06
-1.41533e-05
0.000261716
0.000229131
-2.26859e-06
0.00023684
-7.91038e-06
0.000242386
-1.30786e-05
-1.76811e-05
0.000245914
0.000211472
-1.21421e-05
0.0002194
-1.58386e-05
0.000225617
-1.92955e-05
-2.22955e-05
0.000230232
0.000195808
-2.05205e-05
0.000202996
-2.30263e-05
0.000208929
-2.52287e-05
-2.69354e-05
0.000213569
0.00018013
-2.78065e-05
0.000186581
-2.9478e-05
0.000192078
-3.07258e-05
-3.1383e-05
0.000196526
0.000164039
-3.41467e-05
0.00016975
-3.51898e-05
0.000174697
-3.56727e-05
-3.5462e-05
0.000178776
0.000147429
-3.96137e-05
0.000152375
-4.01356e-05
0.000156696
-3.99945e-05
-3.90281e-05
0.000160263
0.000130447
-4.42197e-05
0.000134569
-4.42577e-05
0.000138135
-4.35609e-05
-4.19332e-05
0.00014104
0.000113423
-4.79845e-05
0.000116721
-4.75562e-05
0.00011938
-4.62195e-05
-4.40612e-05
0.000121508
9.66019e-05
-5.09838e-05
9.91459e-05
-5.01002e-05
0.000101177
-4.82505e-05
-4.55177e-05
0.000102633
8.04484e-05
-5.34132e-05
8.24916e-05
-5.21434e-05
8.41526e-05
-4.99117e-05
-4.66749e-05
8.53096e-05
6.52982e-05
-5.53548e-05
6.71226e-05
-5.39679e-05
6.86027e-05
-5.13919e-05
-4.5785e-05
6.77125e-05
5.19294e-05
-5.69327e-05
5.37524e-05
-5.57909e-05
5.58967e-05
-5.35364e-05
-4.10114e-05
5.1123e-05
4.18869e-05
-5.79717e-05
4.34284e-05
-5.73324e-05
4.60401e-05
-5.61483e-05
-3.49928e-05
4.00216e-05
3.84707e-05
-5.8602e-05
3.78124e-05
-5.66742e-05
3.4955e-05
-5.3291e-05
-2.85485e-05
2.85105e-05
4.09205e-05
-6.06576e-05
3.87695e-05
-5.45225e-05
2.6368e-05
-4.08896e-05
-1.66015e-05
1.44206e-05
1.89357e-05
-5.05415e-05
8.27001e-06
-4.38571e-05
-6.99861e-06
-2.56207e-05
-3.39473e-06
-2.02053e-05
-3.95639e-05
-3.65019e-05
-5.61624e-05
-2.72586e-05
-6.90947e-05
-1.26885e-05
4.46355e-06
-7.6953e-05
-7.89983e-05
-2.42265e-05
-9.12368e-05
-1.50203e-05
-0.000100431
-3.49438e-06
8.69629e-06
-0.000104664
-0.000104243
-1.57683e-05
-0.000111697
-7.5653e-06
-0.000116655
1.46289e-06
1.07934e-05
-0.000118752
-0.000117801
-1.01794e-05
-0.000122107
-3.25971e-06
-0.000124639
3.99462e-06
1.13043e-05
-0.00012515
-0.0001224
-6.63289e-06
-0.000124794
-8.66191e-07
-0.000125817
5.0182e-06
1.08748e-05
-0.000125388
-0.000120526
-4.39014e-06
-0.000121792
3.99622e-07
-0.000121988
5.21446e-06
9.97592e-06
-0.000121089
-0.000114316
-2.95823e-06
-0.000114943
1.02643e-06
-0.000114731
5.00251e-06
8.92084e-06
-0.000113676
-0.000105554
-2.02496e-06
-0.000105838
1.31027e-06
-0.000105461
4.62481e-06
7.88858e-06
-0.000104428
-9.56777e-05
-1.39859e-06
-9.57864e-05
1.4189e-06
-9.53763e-05
4.21471e-06
6.96808e-06
-9.44558e-05
-8.56911e-05
-9.66456e-07
-8.57152e-05
1.44317e-06
-8.53329e-05
3.8323e-06
6.18815e-06
-8.4553e-05
-7.6213e-05
-6.61232e-07
-7.61979e-05
1.42784e-06
-7.58652e-05
3.49976e-06
5.54528e-06
-7.52224e-05
-6.75169e-05
-4.42933e-07
-6.74836e-05
1.39466e-06
-6.72016e-05
3.21766e-06
5.02061e-06
-6.6677e-05
-5.9662e-05
-2.85483e-07
-5.96209e-05
1.35333e-06
-5.9384e-05
2.98083e-06
4.59257e-06
-5.8956e-05
-5.25753e-05
-1.71931e-07
-5.25309e-05
1.30914e-06
-5.23313e-05
2.78107e-06
4.24126e-06
-5.19799e-05
-4.61458e-05
-9.09112e-08
-4.61007e-05
1.26378e-06
-4.59313e-05
2.61184e-06
3.95079e-06
-4.56409e-05
-4.02527e-05
-3.53332e-08
-4.02068e-05
1.21821e-06
-4.00617e-05
2.4666e-06
3.70863e-06
-3.98195e-05
-3.47948e-05
-9.02759e-11
-3.47485e-05
1.17168e-06
-3.46226e-05
2.34092e-06
3.50561e-06
-3.44197e-05
-2.96878e-05
1.7182e-08
-2.96401e-05
1.12439e-06
-2.95304e-05
2.23106e-06
3.3354e-06
-2.936e-05
-2.48729e-05
1.87036e-08
-2.48248e-05
1.07605e-06
-2.47293e-05
2.13585e-06
3.1949e-06
-2.45888e-05
-2.03119e-05
7.90357e-09
-2.02655e-05
1.0301e-06
-2.01877e-05
2.0579e-06
3.08627e-06
-2.00789e-05
-1.59923e-05
-6.28416e-09
-1.59608e-05
9.98283e-07
-1.59139e-05
2.01123e-06
3.02279e-06
-1.58504e-05
-1.1929e-05
8.44744e-09
-1.19511e-05
1.02078e-06
-1.19766e-05
2.03656e-06
3.04134e-06
-1.1995e-05
-8.19107e-06
1.58927e-07
-8.37501e-06
1.20442e-06
-8.56892e-06
2.23064e-06
3.20938e-06
-8.73688e-06
-5.17007e-06
-5.67534e-06
-6.09823e-06
-6.44953e-06
0.000232516
-6.03283e-05
0.000231854
-7.61198e-05
0.000228143
-8.29569e-05
0.000224302
-8.93183e-05
0.000221678
-9.37546e-05
0.000202445
-6.93313e-05
0.000171055
3.10574e-05
0.000141101
6.55588e-05
0.000118023
7.25125e-05
9.94944e-05
7.03944e-05
8.41032e-05
6.60313e-05
7.08139e-05
6.16037e-05
5.89786e-05
5.76914e-05
4.82081e-05
5.43652e-05
3.8229e-05
5.14635e-05
2.87757e-05
4.87345e-05
1.95012e-05
4.59754e-05
9.96847e-06
4.32037e-05
4.04953e-05
0.000257635
-5.62473e-05
0.00025109
-6.95753e-05
0.00024421
-7.60774e-05
0.000238733
-8.38409e-05
0.000234323
-8.93446e-05
0.000192994
-2.80032e-05
0.000157064
6.69876e-05
0.000130132
9.24911e-05
0.000110374
9.22702e-05
9.40851e-05
8.66838e-05
8.01382e-05
7.99783e-05
6.78743e-05
7.38676e-05
5.68352e-05
6.87306e-05
4.67036e-05
6.44968e-05
3.72177e-05
6.09495e-05
2.81011e-05
5.78512e-05
1.90288e-05
5.50477e-05
9.67685e-06
5.25558e-05
5.01721e-05
0.000247477
-5.78112e-05
0.000244607
-6.6705e-05
0.000240695
-7.21648e-05
0.000234439
-7.75856e-05
0.000201341
-5.62473e-05
0.000151441
2.1897e-05
0.000130147
8.82823e-05
0.000114551
0.000108086
9.98881e-05
0.000106933
8.66573e-05
9.99146e-05
7.46831e-05
9.19526e-05
6.37752e-05
8.47756e-05
5.37329e-05
7.8773e-05
4.43627e-05
7.38671e-05
3.54594e-05
6.98529e-05
2.67878e-05
6.65228e-05
1.80892e-05
6.37464e-05
9.14377e-06
6.15011e-05
5.93159e-05
0.000234418
-6.19973e-05
0.000234318
-6.66055e-05
0.000231899
-6.97458e-05
0.000222859
-6.85461e-05
0.000183868
-1.72564e-05
0.000137462
6.83031e-05
0.000114878
0.000110867
0.000101321
0.000121643
8.95319e-05
0.000118723
7.86476e-05
0.000110799
6.84652e-05
0.000102135
5.89141e-05
9.43268e-05
4.99205e-05
8.77667e-05
4.13757e-05
8.2412e-05
3.31326e-05
7.8096e-05
2.50134e-05
7.4642e-05
1.68336e-05
7.19262e-05
8.46268e-06
6.98722e-05
6.77786e-05
0.000219159
-6.75875e-05
0.000220792
-6.82384e-05
0.000218747
-6.77009e-05
0.00019059
-4.039e-05
0.000142963
3.03707e-05
0.000115667
9.56e-05
0.000100295
0.000126239
8.90476e-05
0.00013289
7.94187e-05
0.000128352
7.04238e-05
0.000119794
6.18111e-05
0.000110748
5.35423e-05
0.000102596
4.55966e-05
9.57125e-05
3.79152e-05
9.00935e-05
3.04006e-05
8.56106e-05
2.29307e-05
8.21119e-05
1.53871e-05
7.94699e-05
7.70314e-06
7.75561e-05
7.54818e-05
0.00020254
-7.36017e-05
0.000204712
-7.04105e-05
0.000199023
-6.20125e-05
0.000166163
-7.5301e-06
0.000123684
7.28507e-05
9.94553e-05
0.000119829
8.64017e-05
0.000139293
7.72104e-05
0.000142081
6.94203e-05
0.000136142
6.20653e-05
0.000127149
5.48773e-05
0.000117936
4.7828e-05
0.000109645
4.09205e-05
0.00010262
3.41297e-05
9.68843e-05
2.73991e-05
9.23413e-05
2.06551e-05
8.88559e-05
1.38311e-05
8.62939e-05
6.90325e-06
8.4484e-05
8.2385e-05
0.000184843
-7.96688e-05
0.000186561
-7.21277e-05
0.00016553
-4.09828e-05
0.000124705
3.3295e-05
9.83672e-05
9.91893e-05
8.25616e-05
0.000135634
7.257e-05
0.000149284
6.55284e-05
0.000149122
5.94841e-05
0.000142186
5.36433e-05
0.00013299
4.77896e-05
0.000123789
4.19117e-05
0.000115523
3.60302e-05
0.000108502
3.01466e-05
0.000102768
2.42388e-05
9.82491e-05
1.82726e-05
9.48222e-05
1.22203e-05
9.23462e-05
6.0862e-06
9.06181e-05
8.84713e-05
0.000165788
-8.51947e-05
0.000164704
-7.1044e-05
0.000137061
-1.33402e-05
0.000100729
6.96277e-05
7.84237e-05
0.000121495
6.63447e-05
0.000147714
5.91499e-05
0.000156479
5.41221e-05
0.00015415
4.97042e-05
0.000146604
4.52745e-05
0.000137419
4.06783e-05
0.000128385
3.59237e-05
0.000120277
3.10475e-05
0.000113378
2.60737e-05
0.000107742
2.10083e-05
0.000103315
1.58479e-05
9.99826e-05
1.05933e-05
9.76008e-05
5.2679e-06
9.59436e-05
9.37392e-05
0.000145544
-8.96987e-05
0.00013297
-5.84704e-05
9.68409e-05
2.27892e-05
7.34589e-05
9.30102e-05
5.92409e-05
0.000135713
5.09724e-05
0.000155982
4.6356e-05
0.000161096
4.31664e-05
0.00015734
4.0229e-05
0.000149541
3.70962e-05
0.000140552
3.36716e-05
0.00013181
2.99817e-05
0.000123967
2.60772e-05
0.000117282
2.19998e-05
0.000111819
1.77774e-05
0.000107537
1.34298e-05
0.00010433
8.97833e-06
0.000102052
4.4594e-06
0.000100462
9.81987e-05
0.000125049
-9.324e-05
0.000102529
-3.59512e-05
7.11139e-05
5.42051e-05
5.18099e-05
0.000112315
4.19204e-05
0.000145603
3.69388e-05
0.000160964
3.44778e-05
0.000163557
3.28507e-05
0.000158967
3.12064e-05
0.000151186
2.92346e-05
0.000142524
2.6881e-05
0.000134164
2.41845e-05
0.000126664
2.12046e-05
0.000120262
1.79953e-05
0.000115028
1.46e-05
0.000110932
1.10551e-05
0.000107875
7.39652e-06
0.000105711
3.67015e-06
0.000104189
0.000101869
9.61341e-05
-8.67415e-05
6.32494e-05
-3.06643e-06
4.40239e-05
7.34311e-05
3.29943e-05
0.000123345
2.70194e-05
0.000151578
2.4525e-05
0.000163458
2.36947e-05
0.000164387
2.33046e-05
0.000159357
2.27414e-05
0.000151749
2.17812e-05
0.000143484
2.03893e-05
0.000135556
1.86067e-05
0.000128447
1.64947e-05
0.000122374
1.41137e-05
0.00011741
1.15169e-05
0.000113529
8.75201e-06
0.00011064
5.86452e-06
0.000108598
2.90672e-06
0.000107147
0.000104776
6.57758e-05
-6.72082e-05
4.10442e-05
2.16656e-05
2.65158e-05
8.79601e-05
1.86437e-05
0.000131217
1.484e-05
0.000155381
1.37921e-05
0.000164506
1.40248e-05
0.000164154
1.45529e-05
0.000158829
1.4871e-05
0.000151431
1.47812e-05
0.000143574
1.42458e-05
0.000136091
1.32974e-05
0.000129395
1.19928e-05
0.000123679
1.03937e-05
0.000119009
8.55849e-06
0.000115364
6.54158e-06
0.000112657
4.39517e-06
0.000110745
2.17592e-06
0.000109366
0.000106951
4.30437e-05
-4.25393e-05
2.55656e-05
3.91443e-05
1.42537e-05
9.92723e-05
7.38498e-06
0.000138086
4.57231e-06
0.000158194
4.32396e-06
0.000164755
5.27008e-06
0.000163208
6.50968e-06
0.000157589
7.56668e-06
0.000150374
8.23778e-06
0.000142903
8.47056e-06
0.000135858
8.28444e-06
0.000129581
7.72824e-06
0.000124235
6.86211e-06
0.000119875
5.74659e-06
0.00011648
4.44021e-06
0.000113963
2.99897e-06
0.000112186
1.48174e-06
0.000110883
0.000108433
3.16498e-05
-2.30656e-05
1.54202e-05
5.53743e-05
3.91458e-06
0.000110778
-2.53563e-06
0.000144536
-4.75381e-06
0.000160412
-4.39207e-06
0.000164393
-2.8344e-06
0.00016165
-9.58442e-07
0.000155713
7.66135e-07
0.000148649
2.12888e-06
0.00014154
3.0646e-06
0.000134922
3.58146e-06
0.000129064
3.71883e-06
0.000124098
3.53725e-06
0.000120056
3.09734e-06
0.00011692
2.45992e-06
0.000114601
1.68395e-06
0.000112962
8.29458e-07
0.000111738
0.000109263
2.21204e-05
-5.1639e-06
5.22122e-06
7.22737e-05
-6.66736e-06
0.000122667
-1.24816e-05
0.00015035
-1.38757e-05
0.000161806
-1.27635e-05
0.000163281
-1.05191e-05
0.000159406
-7.98172e-06
0.000153176
-5.59862e-06
0.000146266
-3.5747e-06
0.000139516
-1.98051e-06
0.000133328
-8.12926e-07
0.000127897
-2.40828e-08
0.000123309
4.32617e-07
0.0001196
6.22864e-07
0.000116729
6.10737e-07
0.000114613
4.57242e-07
0.000113116
2.23538e-07
0.000111971
0.000109486
8.36522e-06
1.49817e-05
-8.8155e-06
8.94545e-05
-1.91912e-05
0.000133042
-2.32733e-05
0.000154432
-2.32624e-05
0.000161795
-2.10578e-05
0.000161076
-1.79337e-05
0.000156282
-1.46387e-05
0.000149881
-1.15638e-05
0.000143191
-8.8845e-06
0.000136837
-6.65655e-06
0.0001311
-4.87065e-06
0.000126111
-3.48653e-06
0.000121925
-2.43996e-06
0.000118553
-1.66614e-06
0.000115956
-1.09953e-06
0.000114046
-6.7652e-07
0.000112693
-3.31345e-07
0.000111626
0.000109155
-1.18469e-05
4.1249e-05
-2.71518e-05
0.000104759
-3.39929e-05
0.000139883
-3.51485e-05
0.000155588
-3.30315e-05
0.000159678
-2.93324e-05
0.000157377
-2.51059e-05
0.000152055
-2.09416e-05
0.000145717
-1.7132e-05
0.000139381
-1.3797e-05
0.000133502
-1.09617e-05
0.000128265
-8.59966e-06
0.000123749
-6.65772e-06
0.000119983
-5.06799e-06
0.000116963
-3.75956e-06
0.000114647
-2.66304e-06
0.00011295
-1.71416e-06
0.000111744
-8.51618e-07
0.000110764
0.000108303
-4.08212e-05
6.18644e-05
-4.96637e-05
0.000113602
-5.06826e-05
0.000140902
-4.77632e-05
0.000152669
-4.29409e-05
0.000154856
-3.74278e-05
0.000151864
-3.19322e-05
0.000146559
-2.68223e-05
0.000140607
-2.2257e-05
0.000134816
-1.82788e-05
0.000129523
-1.48681e-05
0.000124854
-1.19723e-05
0.000120853
-9.52191e-06
0.000117532
-7.43948e-06
0.000114881
-5.64729e-06
0.000112855
-4.0721e-06
0.000111374
-2.64688e-06
0.000110318
-1.30938e-06
0.000109426
0.000106994
-7.79235e-05
6.28347e-05
-7.39254e-05
0.000109603
-6.75985e-05
0.000134575
-6.01189e-05
0.000145189
-5.23965e-05
0.000147133
-4.49858e-05
0.000144453
-3.81943e-05
0.000139768
-3.21456e-05
0.000134558
-2.68533e-05
0.000129524
-2.22745e-05
0.000124945
-1.83389e-05
0.000120919
-1.49636e-05
0.000117477
-1.20606e-05
0.000114629
-9.54089e-06
0.000112361
-7.31981e-06
0.000110634
-5.31968e-06
0.000109374
-3.47175e-06
0.00010847
-1.7141e-06
0.000107668
0.00010528
-0.000101761
5.99323e-05
-9.23683e-05
0.00010021
-8.14145e-05
0.000123621
-7.05827e-05
0.000134357
-6.05311e-05
0.000137082
-5.15193e-05
0.000135441
-4.36068e-05
0.000131855
-3.67397e-05
0.000127691
-3.08154e-05
0.000123599
-2.57179e-05
0.000119847
-2.13318e-05
0.000116532
-1.7546e-05
0.000113692
-1.4255e-05
0.000111338
-1.13595e-05
0.000109465
-8.76823e-06
0.000108042
-6.40058e-06
0.000107006
-4.18634e-06
0.000106256
-2.06484e-06
0.000105547
0.000103215
-0.00011443
5.56103e-05
-0.000103558
8.93382e-05
-9.07361e-05
0.000110799
-7.81556e-05
0.000121776
-6.6693e-05
0.000125619
-5.66174e-05
0.000125365
-4.79138e-05
0.000123151
-4.04459e-05
0.000120223
-3.40448e-05
0.000117198
-2.85478e-05
0.00011435
-2.38081e-05
0.000111792
-1.96946e-05
0.000109578
-1.60891e-05
0.000107732
-1.28847e-05
0.000106261
-9.98596e-06
0.000105144
-7.31022e-06
0.000104331
-4.78771e-06
0.000103733
-2.36025e-06
0.000103119
0.000100855
-0.000119788
5.02487e-05
-0.000108801
7.83509e-05
-9.56815e-05
9.7679e-05
-8.26038e-05
0.000108698
-7.06099e-05
0.000113625
-6.00602e-05
0.000114816
-5.09597e-05
0.000114051
-4.31606e-05
0.000112424
-3.64751e-05
0.000110513
-3.07223e-05
0.000108597
-2.57418e-05
0.000106812
-2.13934e-05
0.000105229
-1.75529e-05
0.000103892
-1.41104e-05
0.000102818
-1.09691e-05
0.000102002
-8.04684e-06
0.000101408
-5.27518e-06
0.000100962
-2.59891e-06
0.000100443
9.82556e-05
-0.000119673
4.4534e-05
-0.000109291
6.79681e-05
-9.67963e-05
8.51843e-05
-8.41097e-05
9.60115e-05
-7.23052e-05
0.00010182
-6.1818e-05
0.000104328
-5.27063e-05
0.000104939
-4.48529e-05
0.00010457
-3.80848e-05
0.000103744
-3.2228e-05
0.00010274
-2.71254e-05
0.000101709
-2.26385e-05
0.000100742
-1.86448e-05
9.98982e-05
-1.50362e-05
9.92096e-05
-1.17183e-05
9.86841e-05
-8.61103e-06
9.8301e-05
-5.64936e-06
9.8e-05
-2.78254e-06
9.75761e-05
9.5473e-05
-0.000115498
3.89432e-05
-0.000106126
5.85955e-05
-9.4796e-05
7.3854e-05
-8.30898e-05
8.43051e-05
-7.2007e-05
9.07373e-05
-6.20132e-05
9.43342e-05
-5.32211e-05
9.61466e-05
-4.5562e-05
9.69111e-05
-3.8899e-05
9.70812e-05
-3.30825e-05
9.69235e-05
-2.79719e-05
9.65984e-05
-2.34401e-05
9.62105e-05
-1.93731e-05
9.58311e-05
-1.56691e-05
9.55054e-05
-1.22388e-05
9.52537e-05
-9.00728e-06
9.50694e-05
-5.91358e-06
9.49062e-05
-2.91171e-06
9.45741e-05
9.25612e-05
-0.000108543
3.38104e-05
-0.000100384
5.04362e-05
-9.04882e-05
6.39581e-05
-8.00973e-05
7.39139e-05
-7.00754e-05
8.07152e-05
-6.0876e-05
8.51347e-05
-5.26514e-05
8.79219e-05
-4.53842e-05
8.96437e-05
-3.89823e-05
9.06791e-05
-3.33305e-05
9.12716e-05
-2.83134e-05
9.15812e-05
-2.38221e-05
9.17191e-05
-1.97557e-05
9.17646e-05
-1.60224e-05
9.1772e-05
-1.25411e-05
9.17723e-05
-9.24284e-06
9.1771e-05
-6.07252e-06
9.17358e-05
-2.98996e-06
9.14914e-05
8.95712e-05
-9.99554e-05
2.93374e-05
-9.30667e-05
4.35473e-05
-8.46771e-05
5.55682e-05
-7.57286e-05
6.49652e-05
-6.69301e-05
7.19165e-05
-5.86933e-05
7.68977e-05
-5.11919e-05
8.04203e-05
-4.44521e-05
8.29037e-05
-3.84263e-05
8.46532e-05
-3.30369e-05
8.5882e-05
-2.8197e-05
8.67412e-05
-2.38191e-05
8.73412e-05
-1.98187e-05
8.7764e-05
-1.61161e-05
8.80693e-05
-1.26396e-05
8.82957e-05
-9.32844e-06
8.84597e-05
-6.13331e-06
8.85405e-05
-3.01963e-06
8.83777e-05
8.65514e-05
-9.06989e-05
2.55803e-05
-8.50226e-05
3.78708e-05
-7.8069e-05
4.86144e-05
-7.05351e-05
5.74311e-05
-6.29798e-05
6.4361e-05
-5.57589e-05
6.96767e-05
-4.90506e-05
7.37118e-05
-4.2913e-05
7.6766e-05
-3.73366e-05
7.90767e-05
-3.22782e-05
8.08235e-05
-2.76791e-05
8.21419e-05
-2.34736e-05
8.31356e-05
-1.95941e-05
8.38844e-05
-1.59742e-05
8.44493e-05
-1.25527e-05
8.48742e-05
-9.27668e-06
8.51836e-05
-6.10387e-06
8.53676e-05
-3.00574e-06
8.52794e-05
8.35457e-05
-8.14815e-05
2.25087e-05
-7.68835e-05
3.32726e-05
-7.12084e-05
4.2939e-05
-6.49612e-05
5.11837e-05
-5.85711e-05
5.79707e-05
-5.23345e-05
6.344e-05
-4.64218e-05
6.77989e-05
-4.09105e-05
7.12546e-05
-3.58197e-05
7.39858e-05
-3.11344e-05
7.61381e-05
-2.68202e-05
7.78277e-05
-2.28318e-05
7.9147e-05
-1.91174e-05
8.01699e-05
-1.56239e-05
8.09556e-05
-1.23004e-05
8.15505e-05
-9.10227e-06
8.19854e-05
-5.99382e-06
8.2259e-05
-2.95178e-06
8.22373e-05
8.05937e-05
-7.27438e-05
2.003e-05
-6.90529e-05
2.95815e-05
-6.44582e-05
3.83441e-05
-5.93208e-05
4.60461e-05
-5.39639e-05
5.26136e-05
-4.86284e-05
5.81043e-05
-4.3469e-05
6.26394e-05
-3.85718e-05
6.63572e-05
-3.39742e-05
6.93881e-05
-2.9682e-05
7.18458e-05
-2.56803e-05
7.38259e-05
-2.19405e-05
7.54071e-05
-1.84254e-05
7.66547e-05
-1.50936e-05
7.76237e-05
-1.19042e-05
7.83609e-05
-8.82028e-06
7.89014e-05
-5.8126e-06
7.92513e-05
-2.86349e-06
7.92879e-05
7.77303e-05
-6.46887e-05
1.80416e-05
-6.17317e-05
2.66244e-05
-5.80183e-05
3.46304e-05
-5.38045e-05
4.18322e-05
-4.93314e-05
4.81404e-05
-4.47911e-05
5.35639e-05
-4.03193e-05
5.81675e-05
-3.60017e-05
6.20394e-05
-3.18856e-05
6.52718e-05
-2.79903e-05
6.79504e-05
-2.43151e-05
7.01506e-05
-2.08447e-05
7.19365e-05
-1.75538e-05
7.33636e-05
-1.44114e-05
7.44813e-05
-1.13854e-05
7.53348e-05
-8.44633e-06
7.59623e-05
-5.57054e-06
7.63754e-05
-2.74467e-06
7.64621e-05
7.49854e-05
-5.73547e-05
1.64402e-05
-5.49773e-05
2.42468e-05
-5.19677e-05
3.16207e-05
-4.85076e-05
3.83718e-05
-4.47754e-05
4.44081e-05
-4.09228e-05
4.97112e-05
-3.7065e-05
5.43095e-05
-3.3282e-05
5.82563e-05
-2.96243e-05
6.16141e-05
-2.61189e-05
6.4445e-05
-2.27745e-05
6.6806e-05
-1.95854e-05
6.87474e-05
-1.65359e-05
7.03141e-05
-1.36038e-05
7.15491e-05
-1.07647e-05
7.24956e-05
-7.99516e-06
7.31927e-05
-5.27691e-06
7.36571e-05
-2.60105e-06
7.3786e-05
7.23844e-05
-5.06838e-05
1.5144e-05
-4.87613e-05
2.23241e-05
-4.63112e-05
2.91706e-05
-4.34626e-05
3.55231e-05
-4.03477e-05
4.12932e-05
-3.7085e-05
4.64483e-05
-3.377e-05
5.09944e-05
-3.04741e-05
5.49604e-05
-2.72466e-05
5.83865e-05
-2.41176e-05
6.13159e-05
-2.11013e-05
6.37896e-05
-1.8199e-05
6.5845e-05
-1.54021e-05
6.75171e-05
-1.26955e-05
6.88425e-05
-1.0061e-05
6.9861e-05
-7.48102e-06
7.06127e-05
-4.9413e-06
7.11173e-05
-2.43604e-06
7.12808e-05
6.99482e-05
-4.45827e-05
1.40859e-05
-4.3019e-05
2.07603e-05
-4.10167e-05
2.71682e-05
-3.86674e-05
3.31736e-05
-3.60689e-05
3.86946e-05
-3.33128e-05
4.36921e-05
-3.04769e-05
4.81585e-05
-2.7623e-05
5.21064e-05
-2.47961e-05
5.55596e-05
-2.20267e-05
5.85464e-05
-1.93317e-05
6.10945e-05
-1.67169e-05
6.32301e-05
-1.4179e-05
6.49792e-05
-1.17083e-05
6.63718e-05
-9.29197e-06
6.74446e-05
-6.91657e-06
6.82372e-05
-4.57175e-06
6.87725e-05
-2.25492e-06
6.89638e-05
6.76934e-05
-3.89525e-05
1.32188e-05
-3.76774e-05
1.94851e-05
-3.60397e-05
2.55305e-05
-3.41042e-05
3.1238e-05
-3.19426e-05
3.6533e-05
-2.9625e-05
4.13746e-05
-2.7214e-05
4.57474e-05
-2.47611e-05
4.96535e-05
-2.23065e-05
5.3105e-05
-1.98787e-05
5.61185e-05
-1.74957e-05
5.87115e-05
-1.51658e-05
6.09003e-05
-1.28897e-05
6.2703e-05
-1.06616e-05
6.41437e-05
-8.47279e-06
6.52557e-05
-6.31362e-06
6.60781e-05
-4.17647e-06
6.66353e-05
-2.06039e-06
6.68479e-05
6.56329e-05
-3.37077e-05
1.2507e-05
-3.26707e-05
1.84481e-05
-3.13373e-05
2.4197e-05
-2.97516e-05
2.96523e-05
-2.79656e-05
3.47469e-05
-2.60321e-05
3.94411e-05
-2.40004e-05
4.37157e-05
-2.19129e-05
4.7566e-05
-1.98042e-05
5.09962e-05
-1.77002e-05
5.40145e-05
-1.56185e-05
5.66298e-05
-1.35689e-05
5.88507e-05
-1.15543e-05
6.06885e-05
-9.57245e-06
6.21619e-05
-7.6175e-06
6.33008e-05
-5.68248e-06
6.41431e-05
-3.76205e-06
6.47149e-05
-1.85718e-06
6.49428e-05
6.37759e-05
-2.87811e-05
1.19281e-05
-2.79479e-05
1.76149e-05
-2.68758e-05
2.31249e-05
-2.5593e-05
2.83695e-05
-2.41355e-05
3.32895e-05
-2.25426e-05
3.78482e-05
-2.08523e-05
4.20255e-05
-1.90993e-05
4.5813e-05
-1.73124e-05
4.92094e-05
-1.55147e-05
5.22168e-05
-1.37227e-05
5.48378e-05
-1.19467e-05
5.70747e-05
-1.01914e-05
5.89331e-05
-8.45654e-06
6.0427e-05
-6.73873e-06
6.1583e-05
-5.03316e-06
6.24375e-05
-3.33569e-06
6.30174e-05
-1.64751e-06
6.32549e-05
6.21282e-05
-2.41298e-05
1.14692e-05
-2.34791e-05
1.69642e-05
-2.26389e-05
2.22847e-05
-2.16241e-05
2.73547e-05
-2.04585e-05
3.21239e-05
-1.91705e-05
3.65602e-05
-1.77895e-05
4.06445e-05
-1.63431e-05
4.43666e-05
-1.48556e-05
4.77219e-05
-1.33467e-05
5.0708e-05
-1.18317e-05
5.33228e-05
-1.03209e-05
5.55639e-05
-8.81987e-06
5.74321e-05
-7.3301e-06
5.89373e-05
-5.8499e-06
6.01029e-05
-4.37557e-06
6.09632e-05
-2.90377e-06
6.15457e-05
-1.43615e-06
6.1787e-05
6.06922e-05
-1.97424e-05
1.11326e-05
-1.92653e-05
1.64872e-05
-1.86378e-05
2.16572e-05
-1.78643e-05
2.65814e-05
-1.69601e-05
3.12197e-05
-1.59459e-05
3.55461e-05
-1.48446e-05
3.95432e-05
-1.36783e-05
4.32004e-05
-1.24672e-05
4.65109e-05
-1.12284e-05
4.94693e-05
-9.97557e-06
5.207e-05
-8.71852e-06
5.43069e-05
-7.46354e-06
5.61772e-05
-6.21326e-06
5.76871e-05
-4.96708e-06
5.88567e-05
-3.72222e-06
5.97184e-05
-2.47514e-06
6.02986e-05
-1.22602e-06
6.05382e-05
5.9466e-05
-1.56574e-05
1.09397e-05
-1.53564e-05
1.61862e-05
-1.49286e-05
2.12294e-05
-1.43733e-05
2.6026e-05
-1.37014e-05
3.05479e-05
-1.29298e-05
3.47744e-05
-1.20772e-05
3.86906e-05
-1.11622e-05
4.22854e-05
-1.02017e-05
4.55504e-05
-9.21024e-06
4.84779e-05
-8.20006e-06
5.10598e-05
-7.1805e-06
5.32874e-05
-6.15808e-06
5.51548e-05
-5.13618e-06
5.66652e-05
-4.11505e-06
5.78356e-05
-3.09178e-06
5.86952e-05
-2.06201e-06
5.92689e-05
-1.02464e-06
5.95005e-05
5.84414e-05
-1.19902e-05
1.09349e-05
-1.18764e-05
1.60725e-05
-1.1637e-05
2.09901e-05
-1.12741e-05
2.56632e-05
-1.08012e-05
3.0075e-05
-1.02356e-05
3.42088e-05
-9.59479e-06
3.80499e-05
-8.89528e-06
4.1586e-05
-8.15175e-06
4.48069e-05
-7.37695e-06
4.77031e-05
-6.58166e-06
5.02646e-05
-5.77466e-06
5.24804e-05
-4.96257e-06
5.43427e-05
-4.14937e-06
5.5852e-05
-3.3357e-06
5.7022e-05
-2.51845e-06
5.7878e-05
-1.69065e-06
5.84411e-05
-8.45685e-07
5.86558e-05
5.75958e-05
-8.97502e-06
1.11731e-05
-9.06494e-06
1.61625e-05
-8.99494e-06
2.09202e-05
-8.78791e-06
2.54563e-05
-8.46909e-06
2.97563e-05
-8.06083e-06
3.38007e-05
-7.58218e-06
3.75713e-05
-7.04916e-06
4.1053e-05
-6.47523e-06
4.4233e-05
-5.8718e-06
4.70998e-05
-5.24859e-06
4.96414e-05
-4.61384e-06
5.18457e-05
-3.97418e-06
5.37032e-05
-3.33413e-06
5.5212e-05
-2.69527e-06
5.63832e-05
-2.0548e-06
5.72376e-05
-1.40337e-06
5.77898e-05
-7.21939e-07
5.79744e-05
5.68739e-05
-7.07275e-06
-7.34844e-06
-7.39657e-06
-7.28336e-06
-7.05172e-06
-6.73164e-06
-6.3448e-06
-5.90758e-06
-5.43287e-06
-4.9312e-06
-4.41136e-06
-3.88076e-06
-3.34548e-06
-2.80996e-06
-2.27642e-06
-1.74388e-06
-1.20548e-06
-6.39283e-07
)
;

boundaryField
{
    leftWall
    {
        type            calculated;
        value           uniform 0;
    }
    rightWall
    {
        type            calculated;
        value           uniform 0;
    }
    lowerWall
    {
        type            calculated;
        value           uniform 0;
    }
    atmosphere
    {
        type            calculated;
        value           nonuniform List<scalar> 
46
(
-4.27286e-05
-5.73244e-05
-5.37148e-05
-5.23404e-05
-5.12736e-05
-5.02103e-05
-4.9017e-05
-4.76325e-05
-4.60307e-05
-4.42037e-05
-4.21517e-05
-3.98775e-05
-3.73847e-05
-3.4677e-05
-3.17583e-05
-2.86331e-05
-2.53062e-05
-2.17818e-05
-1.80628e-05
-1.41526e-05
-1.00652e-05
-5.86629e-06
-1.86167e-06
6.80338e-07
1.71001e-06
2.65366e-06
3.56073e-06
1.17964e-05
1.64382e-05
2.09683e-05
2.53431e-05
2.95247e-05
3.34806e-05
3.71845e-05
4.06158e-05
4.37584e-05
4.65982e-05
4.91216e-05
5.13152e-05
5.31679e-05
5.46766e-05
5.58497e-05
5.67051e-05
5.72514e-05
5.74082e-05
5.62346e-05
)
;
    }
    defaultFaces
    {
        type            empty;
    }
}


// ************************************************************************* //
