/*--------------------------------*- C++ -*----------------------------------*\
  =========                 |
  \\      /  F ield         | OpenFOAM: The Open Source CFD Toolbox
   \\    /   O peration     | Website:  https://openfoam.org
    \\  /    A nd           | Version:  13
     \\/     M anipulation  |
\*---------------------------------------------------------------------------*/
FoamFile
{
    format      ascii;
    class       volScalarField;
    location    "0.1";
    object      rho;
}
// * * * * * * * * * * * * * * * * * * * * * * * * * * * * * * * * * * * * * //

dimensions      [1 -3 0 0 0 0 0];

internalField   nonuniform List<scalar> 
2268
(
13529
13529
13529
13529
13529
13529
13529
13529
13529
13529
13529
13529
13529
13529
13529
13529
13529
8645.7
634.515
500
500
500
500
13529
13529
13529
13529
13529
13529
13529
13529
13529
13529
13529
13529
13529
13529
13529
13529
9383.43
1565.19
500
500
500
500
500
13529
13529
13529
13529
13529
13529
13529
13529
13529
13529
13529
13529
13529
13529
13529
10705.3
2200.34
500
500
500
500
500
500
13529
13529
13529
13529
13529
13529
13529
13529
13529
13529
13529
13529
13529
13529
12851.1
4741.44
501.295
500
500
500
500
500
500
13529
13529
13529
13529
13529
13529
13529
13529
13529
13529
13529
13529
13528.8
13528.9
9533.05
1270.71
500
500
500
500
500
500
500
13529
13529
13529
13529
13529
13529
13529
13529
13529
13529
13529
13528.8
13527.1
13389.5
5170.76
500.001
500
500
500
500
500
500
500
13529
13529
13529
13529
13529
13529
13529
13529
13529
13529
13529
13527.9
13526.1
11514
2291.6
500
500
500
500
500
500
500
500
13529
13529
13529
13529
13529
13529
13529
13529
13529
13529
13529
13529
13527.1
9042.95
971.345
500
500
500
500
500
500
500
500
1
1
1
1
1
1
1
1
1
1
1
1
1
1
1
1
1
1
1
1
1
1
1
1.00001
1
1
1
1
1
1
1
1
1
1
1
1
1
1
1
1
1.00001
1.00001
1.00005
1.00003
1.00001
1
1
1
1
1
1
1
1
1
1
1
1
1
1
1.00001
1.00001
1.00013
1.00006
1.00006
1.00001
1
1
1
1
1
1
1
1
1
1
1
1.00001
1.00007
1.00006
1.00009
1.00191
1.00484
1.00066
1.0001
1.00001
1
1
1
1
1
1
1
1
1
1
1.00001
1.00001
17.016
1.79109
1.0011
1.01067
1.00015
1
1
1
1
1
1
1
1
1
1
1
1
1.00001
135.237
353.227
262.589
27.1294
1
1
1
1
1
1
1
1
1
1
1
1
1
1
299.263
445.018
500
498.337
109.928
1.00013
1
1
1
1
1
1
1
1
1
1
1
1
1
13529
13529
13529
13529
13529
13529
13529
13529
13529
13529
13529
13526.3
13505.6
5711.33
500.001
500.001
500
500
500
500
500
500
500
13529
13529
13529
13529
13529
13529
13529
13529
13518
13260.3
12511.1
11133
10129.6
2795.72
500
500
500
500
500
500
500
500
500
12878.4
12887.9
12832.2
12657
12327.5
11784.8
10944.2
9709.63
7678.12
5437.77
3418.22
1890.42
1760.2
989.603
502.648
500.032
500.001
500
500
500
500
500
500
4076.14
4142.75
4025.14
3675.15
3142.12
2494.18
1808.27
1146.25
1000
1000
1000
1000
947.688
575.313
507.007
501.427
500
500
500
500
500
500
500
1000
1000
1000
1000
1000
1000
1000
1000
1000
1000
1000
1000
966.316
599.804
500.005
500
500
500
500
500
500
500
500
1000
1000
1000
1000
1000
1000
1000
1000
1000
1000
1000
1000
965.885
602.139
500
500
500
500
500
500
500
500
500
1000
1000
1000
1000
1000
1000
1000
1000
1000
1000
1000
1000
953.159
588.11
500
500
500
500
500
500
500
500
500
1000
1000
1000
1000
1000
1000
1000
1000
1000
1000
1000
1000
933.243
567.364
500
500
500
500
500
500
500
500
500
1000
1000
1000
1000
1000
1000
1000
1000
1000
1000
1000
1000
907.576
547.102
500
500
500
500
500
500
500
500
500
1000
1000
1000
1000
1000
1000
1000
1000
1000
1000
1000
999.999
874.654
528.89
500
500
500
500
500
500
500
500
500
1000
1000
1000
1000
1000
1000
1000
1000
1000
1000
1000
999.996
834.716
514.719
500
500
500
500
500
500
500
500
500
1000
1000
1000
1000
1000
1000
1000
1000
1000
1000
1000
999.983
788.248
505.437
500
500
500
500
500
500
500
500
500
1000
1000
1000
1000
1000
1000
1000
1000
1000
1000
1000
999.933
735.602
500.903
500
500
500
500
500
500
500
500
500
1000
1000
1000
1000
1000
1000
1000
1000
1000
1000
1000
999.768
679.855
500
500
500
500
500
500
500
500
500
500
1000
1000
1000
1000
1000
1000
1000
1000
1000
1000
1000
999.297
634.832
500.011
500
500
500
500
500
500
500
500
500
1000
1000
1000
1000
1000
1000
1000
1000
1000
1000
1000
997.847
614.463
500.222
500
500
500
500
500
497.964
487.563
467.811
465.558
822.783
848.31
863.745
860.096
848.049
828.853
803.554
772.827
739.131
707.455
688.041
689.551
470.51
430.52
430.536
417.359
391.305
353.435
294.093
223.314
157.167
101.873
87.5759
77.9567
101.136
115.25
111.765
100.621
84.6884
66.0511
47.0804
29.3708
15.3641
7.77364
9.97331
49.585
57.0374
56.1819
44.6912
26.5665
7.50722
1
1
1
1
1
1
1
1
1
1
1
1
1
1
1
1
1
0.99998
1.08359
1.00727
1.00044
1.00002
1
1
1
1
1
1
1
1
1
1
1
1
1
1
1
1
1
1
1
1
1
1
1
1
1
1
1
1
1
1
1
1
1
1
1
1
1
1
1
1
1
1
1
1
1
1
1
1
1
1
1
1
1
1
1
1
1
1
1
1
1
1
1
1
1
1
1
1
1
1
1
1
1
1
1
1
1
1
1
1
1
1
1
1
1
1
1
1
1
1
1
1
1
1
1
1
1
1
1
1
1
1
1
1
1
1
1
1
1
1
1
1
1
1
1
1
1
1
1
1
1
1
1
1
1
1
1
1
1
1
1
1
1
1
1
1
1
1
1
1
1
1
1
1
1
1
1
1
1
1
1
1
1
1
1
1
1
1
1
1
1
1
1
1
1
1
1
1
1
1
1
1
1
1
1
1
1
1
1
1
1
1
1
1
1
1
1
1
1
1
1
1
1
1
1
1
1
1
1
1
1
1
1
1
1
1
1
1
1
1
1
1
1
1
1
1
1
1
1
1
1
1
1
1
1
1
1
1
1
1
1
1
1
1
1
1
1
1
1
1
1
1
1
1
1
1
1
1
1
1
1
1
1
1
1
1
1
1
1
1
1
1
1
1
1
1
1
1
1
1
1
1
1
1
1
1
1
1
1
1
1
1
1
1
1
1
1
1
1
1
1
1
1
1
1
1
1
1
1
1
1
1
1
1
1
1
1
1
1
1
1
1
1
1
1
1
1
1
1
1
1
1
1
1
1
1
1
1
1
1
1
1
1
1
1
1
1
1
1
1
1
1
1
1
1
1
1
1
1
1
1
1
1
1
1
1
1
1
1
1
1
1
1
1
1
1
1
1
1
1
1
1
1
1
1
1
1
1
1
1
1
1
1
1
1
1
1
1
1
1
1
1
1
1
1
1
1
1
1
1
1
1
1
1
1
1
1
1
1
1
1
1
1
1
1
1
1
1
1
1
1
1
1
1
1
1
1
1
1
1
1
1
1
1
1
1
1
1
1
1
1
1
1
1
1
1
1
1
1
1
1
1
1
1
1
1
1
1
1
1
1
1
1
1
1
1
1
1
1
1
1
1
1
1
1
1
1
1
1
1
1
1
1
1
1
1
1
1
1
1
1
1
1
1
1
1
1
1
1
1
1
1
1
1
1
1
1
1
1
1
1
1
1
1
1
1
1
1
1
1
1
1
1
1
1
1
1
1
1
1
1
1
1
1
1
500
500
500
500
500
500
500
500
500
500
500
500
500
500
500
500
500
500
500
500
500
500
500
500
500
500
500
500
500
500
500
500
500
500
500
500
500
500
500
496.9
500
500
500
264.318
500
500
378.599
31.4087
500
478.307
117.756
1.00019
500
305.961
10.1743
1.00009
484.211
148.731
1.00031
1.00002
348.599
74.4915
1.00012
1.00007
73.6553
32.8865
1.00033
1.00018
1
5.49597
2.19891
1
1
0.999999
1
1
1
1
1
1
1
1
1
1
1
1
1
1
1
1
1
1
1
1
1
1
1
1
1
1
1
1
1
1
1
1
1
1
1
1
1
1
1
1
1
1
1
1
1
1
1
1
1
1
1
1
1
1
1
1
1
1
1
1
1
1
1
1
1
1
1
1
1
1
1
1
1
1
1
1
1
1
1
1
1
1
1
1
1
1
1
1
1
1
1
1
1
1
500
500
500
500
148.141
1.00028
1
1
1
1
1
1
1
1
1
1
1
1
1
500
500
500
437.073
67.1896
1.00024
1
1
1
1
1
1
1
1
1
1
1
1
1
500
500
500
212.641
1.00029
1
1
1
1
1
1
1
1
1
1
1
1
1
1
500
500
417.82
47.2511
1.00013
1
1
1
1
1
1
1
1
1
1
1
1
1
1
500
500
206.578
1.00028
1
1
1
1
1
1
1
1
1
1
1
1
1
1
1
500
403.147
41.439
1.00009
1
1
1
1
1
1
1
1
1
1
1
1
1
1
1
500
198.238
1.00031
1
1
1
1
1
1
1
1
1
1
1
1
1
1
1
1
425.518
41.3245
1.00009
1
1
1
1
1
1
1
1
1
1
1
1
1
1
1
1
246.887
1.00025
1
1
1
1
1
1
1
1
1
1
1
1
1
1
1
1
1
76.7932
1.00009
1
1
1
1
1
1
1
1
1
1
1
1
1
1
1
1
1
2.80564
1
1
1
1
1
1
1
1
1
1
1
1
1
1
1
1
1
1
1.00011
1
1
1
1
1
1
1
1
1
1
1
1
1
1
1
1
1
1
1
1
1
1
1
1
1
1
1
1
1
1
1
1
1
1
1
1
1
1
1
1
1
1
1
1
1
1
1
1
1
1
1
1
1
1
1
1
1
1
1
1
1
1
1
1
1
1
1
1
1
1
1
1
1
1
1
1
1
1
1
1
1
1
1
1
1
1
1
1
1
1
1
1
1
1
1
1
1
1
1
1
1
1
1
1
1
1
1
1
1
1
1
1
1
1
1
1
1
1
1
1
1
1
1
1
1
1
1
1
1
1
1
1
1
1
1
1
1
1
1
1
1
1
1
1
1
1
1
1
1
1
1
1
1
1
1
1
1
1
1
1
1
1
1
1
1
1
1
1
1
1
1
1
1
1
1
1
1
1
1
1
1
1
1
1
1
1
1
1
1
1
1
1
1
1
1
1
1
1
1
1
1
1
1
1
1
1
1
1
1
1
1
1
1
1
1
1
1
1
1
1
1
1
1
1
1
1
1
1
1
1
1
1
1
1
1
1
1
1
1
1
1
1
1
1
1
1
1
1
1
1
1
1
1
1
1
1
1
1
1
1
1
1
1
1
1
1
1
1
1
1
1
1
1
1
1
1
1
1
1
1
1
1
1
1
1
1
1
1
1
1
1
1
1
1
1
1
1
1
1
1
1
1
1
1
1
1
1
1
1
1
1
1
1
1
1
1
1
1
1
1
1
1
1
1
1
1
1
1
1
1
1
1
1
1
1
1
1
1
1
1
1
1
1
1
1
1
1
1
1
1
1
1
1
1
1
1
1
1
1
1
1
1
1
1
1
1
1
1
1
1
1
1
1
1
1
1
1
1
1
1
1
1
1
1
1
1
1
1
1
1
1
1
1
1
1
1
1
1
1
1
1
1
1
1
1
1
1
1
1
1
1
1
1
1
1
1
1
1
1
1
1
1
1
1
1
1
1
1
1
1
1
1
1
1
1
1
1
1
1
1
1
1
1
1
1
1
1
1
1
1
1
1
1
1
1
1
1
1
1
1
1
1
1
1
1
1
1
1
1
1
1
1
1
1
1
1
1
1
1
1
1
1
1
1
1
1
1
1
1
1
1
1
1
1
1
1
1
1
1
1
1
1
1
1
1
1
1
1
1
1
1
1
1
1
1
1
1
1
1
1
1
1
1
1
1
1
1
1
1
1
1
1
1
1
1
1
1
1
1
1
1
1
1
1
1
1
1
1
1
1
1
1
1
1
1
1
1
1
1
1
1
1
1
1
1
1
1
1
1
1
1
1
1
1
1
1
1
1
1
1
1
1
1
1
1
1
1
1
)
;

boundaryField
{
    leftWall
    {
        type            calculated;
        value           nonuniform List<scalar> 
50
(
13529
13529
13529
13529
13529
13529
13529
13529
13529
13529
12878.4
4076.14
1000
1000
1000
1000
1000
1000
1000
1000
1000
1000
1000
1000
822.783
77.9567
1
1
1
1
1
1
1
1
1
1
1
1
1
1
1
1
1
1
1
1
1
1
1
1
)
;
    }
    rightWall
    {
        type            calculated;
        value           nonuniform List<scalar> 
50
(
1
1
1
1
1
1
1
1
1
1
1
1
1
1
1
1
1
1
1
1
1
1
1
1
1
1
1
1
1
1
1
1
1
1
1
1
1
1
1
1
1
1
1
1
1
1
1
1
1
1
)
;
    }
    lowerWall
    {
        type            calculated;
        value           nonuniform List<scalar> 
62
(
13529
13529
13529
13529
13529
13529
13529
13529
13529
13529
13529
13529
13529
13529
13529
13529
13529
8645.7
634.515
500
500
500
500
500
500
500
500
500
500
500
500
500
500
500
500
1
1
1
1
1.00001
1.00001
1.00001
299.263
1
1
1
1
1
1
1
1
1
1
1
1
1
1
1
1
1
1
1
)
;
    }
    atmosphere
    {
        type            calculated;
        value           nonuniform List<scalar> 
46
(
1
1
1
1
1
1
1
1
1
1
1
1
1
1
1
1
1
1
1
1
1
1
1
1
0.999999
1
1
1
1
1
1
1
1
1
1
1
1
1
1
1
1
1
1
1
1
1
)
;
    }
    defaultFaces
    {
        type            empty;
    }
}


// ************************************************************************* //
