/*--------------------------------*- C++ -*----------------------------------*\
  =========                 |
  \\      /  F ield         | OpenFOAM: The Open Source CFD Toolbox
   \\    /   O peration     | Website:  https://openfoam.org
    \\  /    A nd           | Version:  13
     \\/     M anipulation  |
\*---------------------------------------------------------------------------*/
FoamFile
{
    format      ascii;
    class       volVectorField;
    location    "0.05";
    object      U;
}
// * * * * * * * * * * * * * * * * * * * * * * * * * * * * * * * * * * * * * //

dimensions      [0 1 -1 0 0 0 0];

internalField   nonuniform List<vector> 
2268
(
(0.00359262 -0.00231785 0)
(0.0152909 -0.00461254 0)
(0.0335876 -0.00619167 0)
(0.0559073 -0.00701236 0)
(0.0812173 -0.00776783 0)
(0.109999 -0.00892104 0)
(0.143965 -0.0107828 0)
(0.185973 -0.0137552 0)
(0.240528 -0.0185537 0)
(0.313314 -0.0270625 0)
(0.423934 -0.0397682 0)
(0.539235 -0.0511143 0)
(0.645853 -0.0574819 0)
(0.753956 -0.0609159 0)
(0.936799 -0.0486748 0)
(0.78776 0.0124624 0)
(0.59028 0.0351255 0)
(0.476648 0.031655 0)
(0.385973 0.0254562 0)
(0.301371 0.0244239 0)
(0.213178 0.0270005 0)
(0.117791 0.0280476 0)
(0.0346373 0.0200204 0)
(0.00595888 -0.00661 0)
(0.0191746 -0.011206 0)
(0.0369294 -0.0149269 0)
(0.0583525 -0.0173449 0)
(0.0829212 -0.0195498 0)
(0.111124 -0.0225801 0)
(0.144481 -0.0272464 0)
(0.185504 -0.0344556 0)
(0.237953 -0.0455154 0)
(0.305405 -0.062526 0)
(0.399137 -0.0843306 0)
(0.498061 -0.100513 0)
(0.582916 -0.0974679 0)
(0.695822 -0.0625249 0)
(0.81252 0.095039 0)
(0.652183 0.089605 0)
(0.535915 0.0875645 0)
(0.458524 0.0726468 0)
(0.384944 0.0615982 0)
(0.310081 0.0609595 0)
(0.228357 0.0667304 0)
(0.137806 0.0682835 0)
(0.049099 0.0536659 0)
(0.00831642 -0.0128215 0)
(0.0227142 -0.0184385 0)
(0.0399397 -0.0236306 0)
(0.0601624 -0.0275721 0)
(0.0834861 -0.0313837 0)
(0.110521 -0.0364421 0)
(0.142596 -0.0439712 0)
(0.181788 -0.0552775 0)
(0.230969 -0.0719829 0)
(0.291964 -0.0958957 0)
(0.371228 -0.124897 0)
(0.451887 -0.147289 0)
(0.517664 -0.144782 0)
(0.612534 -0.0845797 0)
(0.657539 0.0769689 0)
(0.564763 0.115076 0)
(0.496225 0.119422 0)
(0.439552 0.104087 0)
(0.380467 0.0932893 0)
(0.317073 0.0949582 0)
(0.244675 0.105125 0)
(0.160498 0.110863 0)
(0.0669315 0.0997119 0)
(0.00981226 -0.0205693 0)
(0.0253563 -0.0261762 0)
(0.0423012 -0.0322225 0)
(0.0614619 -0.0374459 0)
(0.0834754 -0.0428318 0)
(0.109115 -0.0499078 0)
(0.139562 -0.0601685 0)
(0.176448 -0.075169 0)
(0.221794 -0.0965943 0)
(0.276168 -0.125725 0)
(0.3431 -0.159212 0)
(0.407234 -0.184204 0)
(0.457845 -0.179706 0)
(0.527583 -0.0932986 0)
(0.554773 0.0796987 0)
(0.502563 0.137835 0)
(0.462684 0.142779 0)
(0.422698 0.128226 0)
(0.377382 0.11926 0)
(0.326099 0.124291 0)
(0.264035 0.140225 0)
(0.186225 0.154347 0)
(0.086288 0.157438 0)
(0.010427 -0.0289597 0)
(0.0269138 -0.0342243 0)
(0.0437416 -0.0406443 0)
(0.0620181 -0.0468744 0)
(0.0827608 -0.0537148 0)
(0.106882 -0.0627088 0)
(0.135444 -0.0754836 0)
(0.169677 -0.0936961 0)
(0.210873 -0.118915 0)
(0.258751 -0.151781 0)
(0.315042 -0.187744 0)
(0.365403 -0.212894 0)
(0.404452 -0.204291 0)
(0.452995 -0.101457 0)
(0.479328 0.0802394 0)
(0.452949 0.149531 0)
(0.433253 0.157306 0)
(0.408065 0.145292 0)
(0.376165 0.139139 0)
(0.337604 0.148228 0)
(0.287043 0.17137 0)
(0.217198 0.198519 0)
(0.108976 0.226274 0)
(0.0104647 -0.0376071 0)
(0.0274616 -0.0424156 0)
(0.0441748 -0.0488687 0)
(0.0616834 -0.0558365 0)
(0.0812134 -0.0639563 0)
(0.103754 -0.0746983 0)
(0.130255 -0.089706 0)
(0.161611 -0.110615 0)
(0.198527 -0.138763 0)
(0.240205 -0.174134 0)
(0.287305 -0.211092 0)
(0.326598 -0.234911 0)
(0.357267 -0.221293 0)
(0.392013 -0.110274 0)
(0.420488 0.076462 0)
(0.411373 0.152836 0)
(0.407077 0.1645 0)
(0.395363 0.155807 0)
(0.376719 0.152783 0)
(0.35177 0.166139 0)
(0.314872 0.197601 0)
(0.257841 0.243338 0)
(0.139998 0.310919 0)
(0.0101975 -0.0461987 0)
(0.0271969 -0.0506021 0)
(0.0436551 -0.0568858 0)
(0.0604259 -0.0643564 0)
(0.0787824 -0.073554 0)
(0.0997138 -0.0858293 0)
(0.124049 -0.102756 0)
(0.152402 -0.12586 0)
(0.185037 -0.156191 0)
(0.220902 -0.193123 0)
(0.260033 -0.230096 0)
(0.290444 -0.252002 0)
(0.315203 -0.233624 0)
(0.342086 -0.119291 0)
(0.372392 0.0692492 0)
(0.375595 0.150038 0)
(0.383545 0.165485 0)
(0.384233 0.160115 0)
(0.378806 0.159949 0)
(0.368708 0.177023 0)
(0.349137 0.216736 0)
(0.314069 0.287448 0)
(0.187846 0.426233 0)
(0.00974583 -0.0549579 0)
(0.0263067 -0.0588202 0)
(0.042307 -0.0647636 0)
(0.0583055 -0.0725199 0)
(0.0755056 -0.0825816 0)
(0.0948238 -0.0961582 0)
(0.116952 -0.114696 0)
(0.142269 -0.13955 0)
(0.17072 -0.171469 0)
(0.201221 -0.209284 0)
(0.233401 -0.245793 0)
(0.256499 -0.265879 0)
(0.277378 -0.243529 0)
(0.301174 -0.129105 0)
(0.332312 0.0593861 0)
(0.344417 0.142363 0)
(0.362227 0.160893 0)
(0.374357 0.158308 0)
(0.382088 0.160066 0)
(0.388224 0.178959 0)
(0.391514 0.223525 0)
(0.391853 0.316904 0)
(0.285893 0.584479 0)
(-0.000773542 -0.00265478 0)
(0.0371395 -0.0191199 0)
(0.109813 -0.0190289 0)
(0.170346 -0.0135063 0)
(0.210071 -0.00775816 0)
(0.230107 -0.00311804 0)
(0.234798 0.000202224 0)
(0.228701 0.00241266 0)
(0.215599 0.00379683 0)
(0.198205 0.00462367 0)
(0.178316 0.00509298 0)
(0.157036 0.00535524 0)
(0.134974 0.00551332 0)
(0.112381 0.00564875 0)
(0.0892816 0.0058106 0)
(0.0656761 0.00599074 0)
(0.0420966 0.00594422 0)
(0.0206014 0.00498479 0)
(0.00528082 0.00295493 0)
(0.00777413 -0.00436836 0)
(0.057654 -0.0470469 0)
(0.13707 -0.0467579 0)
(0.193958 -0.0330095 0)
(0.227574 -0.0188371 0)
(0.24249 -0.00725666 0)
(0.243499 0.00117179 0)
(0.234877 0.00679092 0)
(0.220084 0.0103033 0)
(0.201569 0.012386 0)
(0.180928 0.0135614 0)
(0.159135 0.014209 0)
(0.136719 0.0145954 0)
(0.113901 0.0149136 0)
(0.0907327 0.015254 0)
(0.067328 0.0154909 0)
(0.0443513 0.0149603 0)
(0.023598 0.0124461 0)
(0.00726095 0.00805933 0)
(0.00938356 -0.00932346 0)
(0.0677192 -0.0823667 0)
(0.159593 -0.075255 0)
(0.214159 -0.0502455 0)
(0.241523 -0.0273104 0)
(0.251089 -0.00930614 0)
(0.248343 0.00367494 0)
(0.237278 0.0122687 0)
(0.220989 0.0176181 0)
(0.201621 0.0207613 0)
(0.180547 0.0225177 0)
(0.158597 0.0234644 0)
(0.136217 0.0240127 0)
(0.113609 0.024438 0)
(0.0908719 0.0248343 0)
(0.0682283 0.0249323 0)
(0.0463491 0.0238006 0)
(0.0264842 0.0201757 0)
(0.00940919 0.0146663 0)
(-0.000249993 -0.0131975 0)
(0.0653305 -0.127778 0)
(0.179614 -0.106577 0)
(0.233977 -0.0660632 0)
(0.255544 -0.0336963 0)
(0.260015 -0.00961661 0)
(0.253644 0.00740583 0)
(0.240173 0.018577 0)
(0.222375 0.0254735 0)
(0.202109 0.0294918 0)
(0.180548 0.0317015 0)
(0.158391 0.0328617 0)
(0.136014 0.0334994 0)
(0.113605 0.0339503 0)
(0.0913054 0.0342899 0)
(0.0693887 0.034134 0)
(0.0484028 0.0324496 0)
(0.0289962 0.028193 0)
(0.0110089 0.0226695 0)
(-0.0172141 -0.00740438 0)
(0.0508569 -0.187849 0)
(0.200229 -0.143529 0)
(0.25594 -0.0805725 0)
(0.270963 -0.0378544 0)
(0.269988 -0.00813788 0)
(0.259793 0.0123999 0)
(0.243783 0.025715 0)
(0.224372 0.0338634 0)
(0.20312 0.0385508 0)
(0.180995 0.0410777 0)
(0.158564 0.0423501 0)
(0.136135 0.0429926 0)
(0.113882 0.0433776 0)
(0.0919622 0.0435585 0)
(0.0706327 0.0430834 0)
(0.0502484 0.0409529 0)
(0.0309223 0.0364652 0)
(0.0119245 0.0313195 0)
(-0.0176212 0.0290458 0)
(0.0180761 -0.274248 0)
(0.223064 -0.191378 0)
(0.282485 -0.0938762 0)
(0.288652 -0.0392497 0)
(0.28128 -0.00463399 0)
(0.266796 0.0187497 0)
(0.247975 0.0337388 0)
(0.226787 0.0428117 0)
(0.204445 0.0479535 0)
(0.181683 0.0506479 0)
(0.158926 0.0519259 0)
(0.136406 0.0524823 0)
(0.114266 0.0527142 0)
(0.0926504 0.0526562 0)
(0.0717476 0.0518397 0)
(0.0517062 0.0493914 0)
(0.0322317 0.0449829 0)
(0.0123411 0.040407 0)
(0.267863 -0.0298419 0)
(0.0118983 -0.334881 0)
(0.25336 -0.249704 0)
(0.317803 -0.104264 0)
(0.309761 -0.0365682 0)
(0.29394 0.00164336 0)
(0.27447 0.0268403 0)
(0.252472 0.0428746 0)
(0.229321 0.0524609 0)
(0.205796 0.0577881 0)
(0.182351 0.0604706 0)
(0.159245 0.061628 0)
(0.136619 0.0619999 0)
(0.114565 0.0619957 0)
(0.0931844 0.0616403 0)
(0.07257 0.0604896 0)
(0.0526924 0.0578465 0)
(0.0329873 0.0537198 0)
(0.0124745 0.0497613 0)
(0.895946 -0.171704 0)
(0.405335 -0.310107 0)
(0.296415 -0.255485 0)
(0.366396 -0.10807 0)
(0.335177 -0.028673 0)
(0.308137 0.0109637 0)
(0.282869 0.0368102 0)
(0.257323 0.0531586 0)
(0.232006 0.0628164 0)
(0.207195 0.0680473 0)
(0.183014 0.0705367 0)
(0.159529 0.0714483 0)
(0.136772 0.0715432 0)
(0.114765 0.0712327 0)
(0.0935423 0.070544 0)
(0.0730964 0.0690889 0)
(0.0532657 0.0663626 0)
(0.033337 0.0626261 0)
(0.0124728 0.0591969 0)
(0.00903663 -0.0669026 0)
(0.0244369 -0.0707855 0)
(0.0393651 -0.0763478 0)
(0.0540564 -0.0843427 0)
(0.0695039 -0.0953939 0)
(0.0864391 -0.110537 0)
(0.105341 -0.130971 0)
(0.126324 -0.15774 0)
(0.149059 -0.191143 0)
(0.172694 -0.229378 0)
(0.196372 -0.265041 0)
(0.21099 -0.282889 0)
(0.22807 -0.256079 0)
(0.250777 -0.142091 0)
(0.279848 0.0413771 0)
(0.301393 0.123625 0)
(0.332086 0.145476 0)
(0.360536 0.145849 0)
(0.388176 0.148085 0)
(0.420859 0.16419 0)
(0.469409 0.202558 0)
(0.566353 0.282901 0)
(0.782812 0.472304 0)
(0.00813928 -0.0837418 0)
(0.0215413 -0.0865964 0)
(0.0345609 -0.0911862 0)
(0.0472483 -0.0990814 0)
(0.0603374 -0.110848 0)
(0.0742705 -0.127261 0)
(0.0892309 -0.149158 0)
(0.105065 -0.177149 0)
(0.121276 -0.211072 0)
(0.137224 -0.24875 0)
(0.152412 -0.283399 0)
(0.160604 -0.299794 0)
(0.173485 -0.271015 0)
(0.192232 -0.157395 0)
(0.22047 0.0107833 0)
(0.254719 0.0855905 0)
(0.298607 0.1075 0)
(0.342833 0.108044 0)
(0.388994 0.105802 0)
(0.443057 0.108909 0)
(0.514311 0.118729 0)
(0.618054 0.131009 0)
(0.792923 0.118021 0)
(0.00687909 -0.0993336 0)
(0.0184871 -0.0994852 0)
(0.030771 -0.103088 0)
(0.0423229 -0.110893 0)
(0.0540229 -0.122976 0)
(0.0661827 -0.139826 0)
(0.0787985 -0.161941 0)
(0.0915285 -0.189552 0)
(0.103707 -0.222146 0)
(0.114619 -0.257482 0)
(0.124112 -0.289717 0)
(0.127613 -0.305578 0)
(0.135454 -0.279786 0)
(0.148758 -0.17413 0)
(0.173568 -0.0274617 0)
(0.217621 0.0377135 0)
(0.270634 0.0573799 0)
(0.324603 0.0564309 0)
(0.381273 0.0487046 0)
(0.445329 0.0393656 0)
(0.522766 0.0272653 0)
(0.620198 0.00726909 0)
(0.748797 -0.0273078 0)
(0.0112308 -0.0817523 0)
(0.0208385 -0.0952938 0)
(0.0321958 -0.104344 0)
(0.0433716 -0.11457 0)
(0.0551282 -0.127824 0)
(0.0674155 -0.145257 0)
(0.079996 -0.167492 0)
(0.0923653 -0.194738 0)
(0.103646 -0.226479 0)
(0.112803 -0.260728 0)
(0.119025 -0.293006 0)
(0.116473 -0.311598 0)
(0.11674 -0.283126 0)
(0.123198 -0.180488 0)
(0.144823 -0.0685161 0)
(0.193132 -0.0156248 0)
(0.248925 0.000758563 0)
(0.305949 -0.00220586 0)
(0.365235 -0.0146687 0)
(0.42982 -0.032844 0)
(0.502683 -0.0570083 0)
(0.58493 -0.0887031 0)
(0.677286 -0.125201 0)
(0.0250871 -0.151908 0)
(0.0247029 -0.127327 0)
(0.0427175 -0.125905 0)
(0.0581312 -0.133279 0)
(0.0743067 -0.146095 0)
(0.0908447 -0.164206 0)
(0.107021 -0.187458 0)
(0.121799 -0.215411 0)
(0.133625 -0.246778 0)
(0.140896 -0.278684 0)
(0.14233 -0.307281 0)
(0.127298 -0.32388 0)
(0.11453 -0.282661 0)
(0.116239 -0.185103 0)
(0.137518 -0.107789 0)
(0.182389 -0.0674967 0)
(0.234195 -0.055128 0)
(0.288035 -0.0599922 0)
(0.343844 -0.075413 0)
(0.40291 -0.0985279 0)
(0.466133 -0.128608 0)
(0.53275 -0.164112 0)
(0.602416 -0.196961 0)
(0.00518622 -0.147202 0)
(0.0238681 -0.146455 0)
(0.0464818 -0.152311 0)
(0.0670971 -0.161145 0)
(0.086857 -0.173911 0)
(0.105336 -0.190728 0)
(0.121891 -0.211111 0)
(0.135788 -0.234079 0)
(0.146168 -0.257953 0)
(0.152254 -0.279985 0)
(0.152696 -0.296255 0)
(0.143634 -0.301292 0)
(0.135781 -0.265031 0)
(0.129139 -0.197504 0)
(0.14568 -0.141268 0)
(0.180955 -0.112094 0)
(0.224197 -0.104559 0)
(0.270833 -0.111877 0)
(0.319635 -0.129578 0)
(0.370431 -0.155368 0)
(0.422865 -0.187704 0)
(0.476045 -0.223184 0)
(0.530533 -0.251349 0)
(0.0091052 -0.160117 0)
(0.0276513 -0.161746 0)
(0.0482701 -0.166778 0)
(0.0683019 -0.174707 0)
(0.0874812 -0.186 0)
(0.105087 -0.20083 0)
(0.120448 -0.218848 0)
(0.132976 -0.239145 0)
(0.142161 -0.260114 0)
(0.147616 -0.279123 0)
(0.148576 -0.291996 0)
(0.142821 -0.291387 0)
(0.139437 -0.257029 0)
(0.137419 -0.203645 0)
(0.151404 -0.165271 0)
(0.179168 -0.14726 0)
(0.214209 -0.145524 0)
(0.253017 -0.155853 0)
(0.293957 -0.17542 0)
(0.336128 -0.202476 0)
(0.378503 -0.235097 0)
(0.420512 -0.268967 0)
(0.463871 -0.293069 0)
(0.00974361 -0.178262 0)
(0.027522 -0.18195 0)
(0.046115 -0.186575 0)
(0.0642272 -0.193534 0)
(0.081506 -0.203342 0)
(0.0973032 -0.216175 0)
(0.111032 -0.231722 0)
(0.122231 -0.249133 0)
(0.130581 -0.266911 0)
(0.135949 -0.282608 0)
(0.138023 -0.292146 0)
(0.135422 -0.288428 0)
(0.136284 -0.254656 0)
(0.138353 -0.210892 0)
(0.151124 -0.184741 0)
(0.173698 -0.175467 0)
(0.202131 -0.178918 0)
(0.233915 -0.192101 0)
(0.267523 -0.213139 0)
(0.301818 -0.24065 0)
(0.335595 -0.272643 0)
(0.368685 -0.304351 0)
(0.402482 -0.32501 0)
(0.00890632 -0.195325 0)
(0.0249413 -0.200037 0)
(0.0413931 -0.204523 0)
(0.0573771 -0.210741 0)
(0.0725915 -0.219299 0)
(0.08651 -0.23041 0)
(0.098664 -0.243818 0)
(0.108714 -0.258756 0)
(0.116478 -0.273865 0)
(0.121979 -0.286899 0)
(0.125198 -0.29404 0)
(0.124985 -0.288704 0)
(0.128816 -0.256235 0)
(0.133555 -0.219496 0)
(0.145448 -0.201621 0)
(0.164324 -0.19862 0)
(0.187589 -0.206135 0)
(0.213481 -0.221644 0)
(0.240751 -0.243723 0)
(0.2683 -0.271226 0)
(0.295011 -0.302166 0)
(0.32101 -0.331743 0)
(0.346455 -0.349487 0)
(0.00784929 -0.210571 0)
(0.0218825 -0.215696 0)
(0.036149 -0.219976 0)
(0.0499897 -0.225537 0)
(0.0631712 -0.233031 0)
(0.0752753 -0.24271 0)
(0.0859394 -0.254378 0)
(0.0949246 -0.267368 0)
(0.102143 -0.280463 0)
(0.107708 -0.291608 0)
(0.111744 -0.297243 0)
(0.113127 -0.291236 0)
(0.118681 -0.260009 0)
(0.124758 -0.22864 0)
(0.135768 -0.21649 0)
(0.151795 -0.217898 0)
(0.17096 -0.228382 0)
(0.192005 -0.24559 0)
(0.213956 -0.268299 0)
(0.235864 -0.295492 0)
(0.256759 -0.325238 0)
(0.277191 -0.352866 0)
(0.295403 -0.368163 0)
(0.00683148 -0.223921 0)
(0.0189744 -0.229212 0)
(0.0312072 -0.233223 0)
(0.0430327 -0.238193 0)
(0.0542979 -0.244795 0)
(0.0646867 -0.253307 0)
(0.0739287 -0.263593 0)
(0.0818616 -0.275078 0)
(0.0884573 -0.286679 0)
(0.0938703 -0.296508 0)
(0.0982795 -0.301226 0)
(0.100548 -0.295015 0)
(0.106853 -0.264861 0)
(0.113338 -0.237672 0)
(0.123361 -0.229577 0)
(0.137025 -0.234046 0)
(0.152844 -0.246582 0)
(0.169883 -0.2649 0)
(0.187399 -0.287868 0)
(0.204613 -0.314546 0)
(0.220731 -0.343081 0)
(0.236613 -0.368939 0)
(0.248956 -0.382367 0)
(0.00594549 -0.235516 0)
(0.016413 -0.240827 0)
(0.0268074 -0.244518 0)
(0.036782 -0.248949 0)
(0.0462653 -0.254808 0)
(0.0550368 -0.262386 0)
(0.0629056 -0.271591 0)
(0.0697656 -0.281929 0)
(0.0756214 -0.292429 0)
(0.0806349 -0.301345 0)
(0.0850011 -0.305511 0)
(0.0876069 -0.299327 0)
(0.0939721 -0.270035 0)
(0.100273 -0.246184 0)
(0.109223 -0.24101 0)
(0.120832 -0.247572 0)
(0.13384 -0.26143 0)
(0.147529 -0.280354 0)
(0.161321 -0.303262 0)
(0.174593 -0.329276 0)
(0.18673 -0.356638 0)
(0.198846 -0.380971 0)
(0.206354 -0.392934 0)
(0.00526809 -0.245649 0)
(0.0143059 -0.250784 0)
(0.0230346 -0.254053 0)
(0.0312856 -0.257963 0)
(0.0390866 -0.263195 0)
(0.0463115 -0.270029 0)
(0.0528356 -0.278397 0)
(0.0585896 -0.287865 0)
(0.0635874 -0.297553 0)
(0.0679815 -0.305832 0)
(0.071955 -0.309681 0)
(0.0744965 -0.303655 0)
(0.08046 -0.275064 0)
(0.0862525 -0.253956 0)
(0.0941145 -0.250908 0)
(0.103895 -0.258852 0)
(0.114497 -0.273465 0)
(0.125342 -0.292579 0)
(0.135978 -0.315155 0)
(0.145897 -0.340383 0)
(0.154643 -0.366614 0)
(0.163516 -0.389679 0)
(0.16716 -0.400678 0)
(0.00487295 -0.254652 0)
(0.0127396 -0.25926 0)
(0.0199171 -0.261917 0)
(0.0265152 -0.265289 0)
(0.0326923 -0.26999 0)
(0.0384177 -0.276244 0)
(0.0436194 -0.283975 0)
(0.0482441 -0.292783 0)
(0.0522964 -0.301861 0)
(0.0558933 -0.309682 0)
(0.0592039 -0.313369 0)
(0.0613979 -0.307601 0)
(0.0666558 -0.279658 0)
(0.0718431 -0.260868 0)
(0.0786704 -0.25936 0)
(0.0868204 -0.268146 0)
(0.0953422 -0.283067 0)
(0.10377 -0.302026 0)
(0.111724 -0.324025 0)
(0.118786 -0.348325 0)
(0.124605 -0.373451 0)
(0.130546 -0.39555 0)
(0.131325 -0.406224 0)
(0.00482121 -0.262531 0)
(0.0117293 -0.266193 0)
(0.0174179 -0.267985 0)
(0.0223977 -0.270809 0)
(0.0270041 -0.275091 0)
(0.0312911 -0.280928 0)
(0.0352201 -0.288196 0)
(0.038734 -0.29651 0)
(0.0418082 -0.305115 0)
(0.0445038 -0.312583 0)
(0.0469545 -0.316192 0)
(0.0485862 -0.310784 0)
(0.0529481 -0.283583 0)
(0.0576293 -0.26679 0)
(0.0635482 -0.266358 0)
(0.0702621 -0.275562 0)
(0.0770051 -0.29045 0)
(0.083414 -0.308988 0)
(0.089166 -0.330202 0)
(0.0938637 -0.353419 0)
(0.0971689 -0.377404 0)
(0.100381 -0.398885 0)
(0.0993312 -0.410108 0)
(0.00497747 -0.271307 0)
(0.0109476 -0.272928 0)
(0.0152986 -0.273058 0)
(0.0187832 -0.275135 0)
(0.0219709 -0.279056 0)
(0.024971 -0.284616 0)
(0.0277577 -0.291581 0)
(0.0302616 -0.299545 0)
(0.0324202 -0.307782 0)
(0.0342236 -0.314942 0)
(0.0357505 -0.318476 0)
(0.0366937 -0.313462 0)
(0.0400273 -0.287391 0)
(0.0444177 -0.272261 0)
(0.049597 -0.272471 0)
(0.0550833 -0.281785 0)
(0.0603621 -0.296448 0)
(0.0652022 -0.314458 0)
(0.0693256 -0.334803 0)
(0.0723294 -0.356819 0)
(0.0737161 -0.379487 0)
(0.0744796 -0.400355 0)
(0.0723727 -0.412481 0)
(0.00467515 -0.284799 0)
(0.0091196 -0.281839 0)
(0.0129658 -0.27881 0)
(0.0154785 -0.279704 0)
(0.0176734 -0.283202 0)
(0.0197256 -0.288537 0)
(0.0216369 -0.295278 0)
(0.0233476 -0.302958 0)
(0.0247878 -0.310854 0)
(0.0259009 -0.317678 0)
(0.0267835 -0.321054 0)
(0.027452 -0.316273 0)
(0.0299837 -0.292554 0)
(0.0336496 -0.278527 0)
(0.0380849 -0.278958 0)
(0.0425352 -0.288163 0)
(0.0467361 -0.302502 0)
(0.0505749 -0.319952 0)
(0.0538659 -0.339414 0)
(0.0562636 -0.360138 0)
(0.0571365 -0.381212 0)
(0.0575657 -0.400722 0)
(0.0557933 -0.413661 0)
(0.00545864 -0.278392 0)
(0.00631965 -0.274574 0)
(0.011127 -0.272481 0)
(0.0133257 -0.274296 0)
(0.0150228 -0.278241 0)
(0.016548 -0.283596 0)
(0.0179501 -0.290053 0)
(0.0191847 -0.297239 0)
(0.0201664 -0.304508 0)
(0.0208351 -0.310723 0)
(0.021663 -0.313703 0)
(0.0224732 -0.309513 0)
(0.0251271 -0.289856 0)
(0.0272569 -0.277161 0)
(0.0307446 -0.277371 0)
(0.0346805 -0.286033 0)
(0.0385094 -0.299505 0)
(0.0421483 -0.315839 0)
(0.0455679 -0.333951 0)
(0.0486655 -0.353109 0)
(0.0513333 -0.372484 0)
(0.0553981 -0.390856 0)
(0.0591901 -0.406317 0)
(0.018608 -0.226206 0)
(0.0137668 -0.249692 0)
(0.0150384 -0.257527 0)
(0.0152284 -0.263765 0)
(0.0158838 -0.269617 0)
(0.0169105 -0.275819 0)
(0.0180683 -0.282698 0)
(0.0191306 -0.290117 0)
(0.0198286 -0.297579 0)
(0.0200844 -0.304081 0)
(0.0199707 -0.307786 0)
(0.0201023 -0.304813 0)
(0.023301 -0.281076 0)
(0.0242023 -0.270295 0)
(0.0287775 -0.271362 0)
(0.0334624 -0.280611 0)
(0.0381665 -0.29454 0)
(0.0426403 -0.31138 0)
(0.0471218 -0.330194 0)
(0.0518027 -0.350388 0)
(0.0567876 -0.371151 0)
(0.0627787 -0.392372 0)
(0.069849 -0.409166 0)
(0.198268 -0.299167 0)
(0.0143129 -0.288672 0)
(0.0168146 -0.269117 0)
(0.0199277 -0.271717 0)
(0.0209646 -0.276313 0)
(0.0225801 -0.281832 0)
(0.0242976 -0.288417 0)
(0.0255641 -0.295706 0)
(0.0257406 -0.30307 0)
(0.0244131 -0.309336 0)
(0.0216577 -0.314231 0)
(0.00815874 -0.31346 0)
(0.00718334 -0.286232 0)
(0.0209973 -0.275933 0)
(0.0323404 -0.278245 0)
(0.0422903 -0.287947 0)
(0.0499766 -0.30227 0)
(0.056169 -0.31942 0)
(0.0617198 -0.338539 0)
(0.0673332 -0.359175 0)
(0.0728554 -0.380532 0)
(0.0797886 -0.405829 0)
(0.0465369 -0.456294 0)
(-0.0335991 -0.523412 0)
(-0.0151898 -0.2239 0)
(-0.000594702 -0.310708 0)
(-0.00781249 -0.317346 0)
(-0.0114296 -0.315752 0)
(-0.0150705 -0.319853 0)
(-0.0198756 -0.325635 0)
(-0.0259888 -0.331164 0)
(-0.0335162 -0.335615 0)
(-0.0425135 -0.337616 0)
(-0.0518812 -0.33267 0)
(-0.0618115 -0.335958 0)
(-0.0693329 -0.327746 0)
(-0.0758553 -0.331184 0)
(-0.0801326 -0.332976 0)
(-0.0855836 -0.339465 0)
(-0.0935466 -0.349911 0)
(-0.104814 -0.364688 0)
(-0.120051 -0.383291 0)
(-0.141723 -0.40548 0)
(-0.178659 -0.422559 0)
(-0.242008 -0.380671 0)
(-0.327075 -0.222009 0)
(-0.0305853 -0.30043 0)
(-0.0277125 -0.253667 0)
(-0.0145355 -0.272077 0)
(-0.020586 -0.277598 0)
(-0.0267222 -0.28057 0)
(-0.0335796 -0.284653 0)
(-0.0416979 -0.289232 0)
(-0.0512843 -0.293579 0)
(-0.0623402 -0.297124 0)
(-0.0748301 -0.299112 0)
(-0.0883384 -0.298901 0)
(-0.102948 -0.297184 0)
(-0.115563 -0.290132 0)
(-0.125969 -0.287301 0)
(-0.137111 -0.289353 0)
(-0.150806 -0.293849 0)
(-0.168186 -0.300782 0)
(-0.190559 -0.309654 0)
(-0.220074 -0.318888 0)
(-0.260784 -0.324874 0)
(-0.319088 -0.316682 0)
(-0.395874 -0.267969 0)
(-0.47795 -0.154735 0)
(-0.0161244 -0.305506 0)
(-0.0217318 -0.272844 0)
(-0.0210797 -0.269604 0)
(-0.0275345 -0.270323 0)
(-0.0350054 -0.272272 0)
(-0.0433721 -0.275001 0)
(-0.0529236 -0.278016 0)
(-0.0638524 -0.280804 0)
(-0.0761823 -0.282891 0)
(-0.0898148 -0.28376 0)
(-0.104501 -0.282916 0)
(-0.119921 -0.280473 0)
(-0.13461 -0.275767 0)
(-0.148468 -0.27284 0)
(-0.163613 -0.272234 0)
(-0.181695 -0.273376 0)
(-0.203817 -0.27548 0)
(-0.231457 -0.277415 0)
(-0.266631 -0.276881 0)
(-0.312014 -0.269246 0)
(-0.369446 -0.245385 0)
(-0.434175 -0.191528 0)
(-0.490372 -0.100205 0)
(-0.0113744 -0.286149 0)
(-0.0206044 -0.270091 0)
(-0.0250514 -0.264481 0)
(-0.0317706 -0.263557 0)
(-0.0395078 -0.264417 0)
(-0.0482694 -0.265942 0)
(-0.0581974 -0.267589 0)
(-0.0693901 -0.268953 0)
(-0.0818617 -0.269673 0)
(-0.0955386 -0.269399 0)
(-0.110206 -0.267858 0)
(-0.125552 -0.264984 0)
(-0.140875 -0.260897 0)
(-0.156305 -0.257254 0)
(-0.17321 -0.254578 0)
(-0.192837 -0.252333 0)
(-0.216218 -0.249706 0)
(-0.244476 -0.245393 0)
(-0.278813 -0.237105 0)
(-0.320167 -0.220948 0)
(-0.367753 -0.190835 0)
(-0.416007 -0.139882 0)
(-0.453444 -0.0662763 0)
(-0.00896581 -0.270024 0)
(-0.0193771 -0.262946 0)
(-0.0263323 -0.25832 0)
(-0.0335976 -0.256813 0)
(-0.0415477 -0.256766 0)
(-0.0504097 -0.257236 0)
(-0.0603086 -0.257724 0)
(-0.0713088 -0.257891 0)
(-0.0834189 -0.257455 0)
(-0.0965837 -0.256159 0)
(-0.11066 -0.253804 0)
(-0.125436 -0.250344 0)
(-0.140626 -0.245916 0)
(-0.156421 -0.241258 0)
(-0.173646 -0.236547 0)
(-0.193157 -0.231356 0)
(-0.215693 -0.224892 0)
(-0.241912 -0.215923 0)
(-0.272261 -0.202555 0)
(-0.30657 -0.18201 0)
(-0.343128 -0.150679 0)
(-0.377386 -0.10531 0)
(-0.402035 -0.0461063 0)
(-0.00741609 -0.256225 0)
(-0.0177696 -0.253829 0)
(-0.0258745 -0.250504 0)
(-0.0336832 -0.248894 0)
(-0.0418815 -0.248217 0)
(-0.0507752 -0.24783 0)
(-0.0605083 -0.247342 0)
(-0.0711495 -0.246489 0)
(-0.0827189 -0.24505 0)
(-0.0951885 -0.242834 0)
(-0.108476 -0.239688 0)
(-0.122469 -0.235552 0)
(-0.137072 -0.230486 0)
(-0.152453 -0.224748 0)
(-0.169091 -0.218318 0)
(-0.187504 -0.210805 0)
(-0.208119 -0.201519 0)
(-0.231205 -0.189441 0)
(-0.256724 -0.173159 0)
(-0.284034 -0.150865 0)
(-0.311373 -0.120579 0)
(-0.335466 -0.080971 0)
(-0.35181 -0.032867 0)
(-0.00633789 -0.244254 0)
(-0.0161645 -0.244362 0)
(-0.0246585 -0.242116 0)
(-0.0327852 -0.240595 0)
(-0.0411344 -0.239516 0)
(-0.0499823 -0.238485 0)
(-0.0594731 -0.237227 0)
(-0.069686 -0.235542 0)
(-0.0806564 -0.233265 0)
(-0.0923809 -0.230247 0)
(-0.104822 -0.226364 0)
(-0.11793 -0.221538 0)
(-0.131683 -0.215749 0)
(-0.146198 -0.20903 0)
(-0.161733 -0.201254 0)
(-0.17856 -0.192073 0)
(-0.196861 -0.180921 0)
(-0.216645 -0.167025 0)
(-0.237628 -0.149406 0)
(-0.25905 -0.126952 0)
(-0.279437 -0.0986488 0)
(-0.296525 -0.0640976 0)
(-0.307543 -0.0242329 0)
(-0.00556488 -0.233669 0)
(-0.0147518 -0.23509 0)
(-0.0232173 -0.233585 0)
(-0.0313999 -0.232185 0)
(-0.0397311 -0.230854 0)
(-0.0484203 -0.229356 0)
(-0.0575925 -0.227504 0)
(-0.0673281 -0.225157 0)
(-0.077672 -0.222193 0)
(-0.0886379 -0.218496 0)
(-0.100215 -0.213958 0)
(-0.112383 -0.20849 0)
(-0.125142 -0.202025 0)
(-0.138555 -0.194492 0)
(-0.152741 -0.185728 0)
(-0.167808 -0.175433 0)
(-0.183774 -0.16317 0)
(-0.200505 -0.148381 0)
(-0.217625 -0.130423 0)
(-0.234423 -0.108651 0)
(-0.24975 -0.0825943 0)
(-0.262076 -0.0522699 0)
(-0.269664 -0.0185389 0)
(-0.0049874 -0.224154 0)
(-0.013537 -0.226229 0)
(-0.0217404 -0.225176 0)
(-0.0297649 -0.223866 0)
(-0.0379121 -0.222366 0)
(-0.046325 -0.220527 0)
(-0.0551009 -0.218222 0)
(-0.0643129 -0.215354 0)
(-0.0740078 -0.211835 0)
(-0.0842071 -0.207575 0)
(-0.0949116 -0.20248 0)
(-0.106113 -0.19646 0)
(-0.117809 -0.189424 0)
(-0.130021 -0.181266 0)
(-0.14278 -0.171822 0)
(-0.156091 -0.160847 0)
(-0.169879 -0.148015 0)
(-0.183943 -0.132944 0)
(-0.197905 -0.11523 0)
(-0.211154 -0.0945227 0)
(-0.222831 -0.0706505 0)
(-0.231893 -0.0438048 0)
(-0.237238 -0.0147121 0)
(-0.00452823 -0.215503 0)
(-0.0124633 -0.217867 0)
(-0.0202709 -0.217067 0)
(-0.0279828 -0.215806 0)
(-0.0358103 -0.214181 0)
(-0.0438433 -0.212089 0)
(-0.0521517 -0.209436 0)
(-0.0607962 -0.206159 0)
(-0.0698199 -0.202198 0)
(-0.079245 -0.197482 0)
(-0.0890757 -0.191934 0)
(-0.0993046 -0.185466 0)
(-0.10992 -0.177985 0)
(-0.120912 -0.16938 0)
(-0.132261 -0.159506 0)
(-0.143913 -0.14817 0)
(-0.155747 -0.135142 0)
(-0.167544 -0.120167 0)
(-0.178957 -0.103007 0)
(-0.189494 -0.0834935 0)
(-0.198513 -0.0616135 0)
(-0.205304 -0.0376125 0)
(-0.20915 -0.012094 0)
(-0.00413541 -0.207589 0)
(-0.0114739 -0.210047 0)
(-0.0188051 -0.209374 0)
(-0.0260975 -0.208128 0)
(-0.0335028 -0.206405 0)
(-0.0410725 -0.204119 0)
(-0.048853 -0.2012 0)
(-0.0568915 -0.197604 0)
(-0.0652241 -0.193295 0)
(-0.0738699 -0.18822 0)
(-0.0828311 -0.182316 0)
(-0.0920972 -0.175504 0)
(-0.101647 -0.167698 0)
(-0.111451 -0.1588 0)
(-0.121459 -0.148689 0)
(-0.131589 -0.13722 0)
(-0.141703 -0.124236 0)
(-0.151591 -0.109578 0)
(-0.160953 -0.0931153 0)
(-0.169398 -0.0747906 0)
(-0.176454 -0.0546673 0)
(-0.181627 -0.0329985 0)
(-0.184443 -0.0102741 0)
(-0.00377645 -0.200344 0)
(-0.0105258 -0.202794 0)
(-0.0173298 -0.202174 0)
(-0.0241298 -0.20092 0)
(-0.0310383 -0.199115 0)
(-0.0380809 -0.19668 0)
(-0.0452857 -0.193556 0)
(-0.0526872 -0.189715 0)
(-0.0603135 -0.185137 0)
(-0.0681785 -0.179786 0)
(-0.0762809 -0.173612 0)
(-0.0846057 -0.16655 0)
(-0.0931252 -0.158526 0)
(-0.101797 -0.149458 0)
(-0.110558 -0.139252 0)
(-0.119314 -0.127805 0)
(-0.12793 -0.115015 0)
(-0.136213 -0.100788 0)
(-0.143915 -0.085068 0)
(-0.150729 -0.0678583 0)
(-0.156304 -0.0492593 0)
(-0.160297 -0.029505 0)
(-0.162387 -0.00899798 0)
(-0.00343165 -0.193735 0)
(-0.00959131 -0.196125 0)
(-0.0158342 -0.195516 0)
(-0.0220921 -0.194242 0)
(-0.028451 -0.19237 0)
(-0.0349195 -0.18982 0)
(-0.0415124 -0.186539 0)
(-0.0482537 -0.182511 0)
(-0.0551638 -0.177729 0)
(-0.0622513 -0.172172 0)
(-0.069511 -0.165803 0)
(-0.0769242 -0.15857 0)
(-0.0844589 -0.150414 0)
(-0.0920672 -0.14127 0)
(-0.0996815 -0.13107 0)
(-0.107208 -0.119745 0)
(-0.11452 -0.107232 0)
(-0.121451 -0.0934859 0)
(-0.127797 -0.0784946 0)
(-0.133319 -0.0622975 0)
(-0.137756 -0.0450067 0)
(-0.140863 -0.0268322 0)
(-0.142424 -0.00810186 0)
(-0.00309006 -0.187748 0)
(-0.00865444 -0.190055 0)
(-0.0143132 -0.189437 0)
(-0.019995 -0.188138 0)
(-0.0257669 -0.186212 0)
(-0.0316274 -0.183573 0)
(-0.0375823 -0.180172 0)
(-0.0436474 -0.176004 0)
(-0.0498368 -0.171071 0)
(-0.0561543 -0.165366 0)
(-0.0625912 -0.158862 0)
(-0.0691268 -0.151522 0)
(-0.075727 -0.1433 0)
(-0.0823432 -0.134149 0)
(-0.088909 -0.124023 0)
(-0.0953366 -0.112878 0)
(-0.101513 -0.100682 0)
(-0.107298 -0.0874225 0)
(-0.112524 -0.0731153 0)
(-0.117007 -0.0578185 0)
(-0.120548 -0.0416447 0)
(-0.122974 -0.0247764 0)
(-0.124135 -0.00748334 0)
(-0.0027436 -0.182388 0)
(-0.00770524 -0.184596 0)
(-0.0127659 -0.183959 0)
(-0.0178484 -0.182638 0)
(-0.0230071 -0.180669 0)
(-0.0282352 -0.177963 0)
(-0.0335335 -0.174474 0)
(-0.0389125 -0.170202 0)
(-0.044381 -0.165161 0)
(-0.0499391 -0.159352 0)
(-0.0555757 -0.152762 0)
(-0.061269 -0.145363 0)
(-0.0669854 -0.137124 0)
(-0.0726782 -0.128013 0)
(-0.078286 -0.118 0)
(-0.08373 -0.107064 0)
(-0.0889125 -0.0951952 0)
(-0.0937165 -0.0824015 0)
(-0.0980075 -0.0687172 0)
(-0.101639 -0.0542093 0)
(-0.104462 -0.0389852 0)
(-0.106347 -0.0232016 0)
(-0.107193 -0.00707718 0)
(-0.00238332 -0.177669 0)
(-0.00673603 -0.179757 0)
(-0.0111948 -0.1791 0)
(-0.0156622 -0.177763 0)
(-0.020188 -0.175765 0)
(-0.0247653 -0.173011 0)
(-0.0293941 -0.169457 0)
(-0.0340814 -0.16511 0)
(-0.0388323 -0.159992 0)
(-0.0436436 -0.154114 0)
(-0.0485029 -0.147473 0)
(-0.0533885 -0.140051 0)
(-0.0582688 -0.131828 0)
(-0.0631012 -0.122785 0)
(-0.0678311 -0.112906 0)
(-0.0723903 -0.102187 0)
(-0.0766965 -0.0906328 0)
(-0.0806533 -0.0782677 0)
(-0.0841527 -0.0651372 0)
(-0.0870784 -0.0513127 0)
(-0.0893137 -0.0368942 0)
(-0.0907585 -0.0220142 0)
(-0.0913408 -0.00684644 0)
(-0.00199265 -0.173624 0)
(-0.00573571 -0.17554 0)
(-0.00960506 -0.174872 0)
(-0.0134437 -0.173531 0)
(-0.0173195 -0.171518 0)
(-0.021231 -0.16873 0)
(-0.0251808 -0.165128 0)
(-0.0291743 -0.160726 0)
(-0.0332126 -0.155555 0)
(-0.0372903 -0.149634 0)
(-0.0413942 -0.142967 0)
(-0.0455038 -0.135546 0)
(-0.0495909 -0.127359 0)
(-0.053618 -0.118397 0)
(-0.0575387 -0.108658 0)
(-0.0612957 -0.0981465 0)
(-0.0648216 -0.0868814 0)
(-0.0680387 -0.0748974 0)
(-0.0708606 -0.062248 0)
(-0.0731943 -0.0490079 0)
(-0.0749442 -0.0352716 0)
(-0.076024 -0.021151 0)
(-0.0763752 -0.00677363 0)
(-0.00154525 -0.170228 0)
(-0.0046772 -0.171863 0)
(-0.00799693 -0.171245 0)
(-0.0111879 -0.169932 0)
(-0.0143965 -0.167919 0)
(-0.0176303 -0.165108 0)
(-0.0208958 -0.161469 0)
(-0.0241958 -0.157026 0)
(-0.0275279 -0.15182 0)
(-0.0308841 -0.145876 0)
(-0.0342516 -0.139201 0)
(-0.0376122 -0.131796 0)
(-0.0409416 -0.123656 0)
(-0.044209 -0.11478 0)
(-0.0473763 -0.105174 0)
(-0.0503977 -0.0948511 0)
(-0.0532201 -0.0838399 0)
(-0.0557829 -0.0721827 0)
(-0.0580192 -0.0599402 0)
(-0.0598552 -0.0471916 0)
(-0.061209 -0.0340322 0)
(-0.0619937 -0.0205617 0)
(-0.0621357 -0.00685724 0)
(-0.00101806 -0.167428 0)
(-0.00346811 -0.168439 0)
(-0.00635099 -0.168129 0)
(-0.0088644 -0.16694 0)
(-0.0113923 -0.164953 0)
(-0.0139435 -0.162127 0)
(-0.0165248 -0.158459 0)
(-0.0191341 -0.153988 0)
(-0.021765 -0.148761 0)
(-0.0244083 -0.142807 0)
(-0.0270526 -0.136138 0)
(-0.0296833 -0.128758 0)
(-0.0322813 -0.120668 0)
(-0.0348228 -0.111873 0)
(-0.0372784 -0.102385 0)
(-0.0396139 -0.0922246 0)
(-0.0417901 -0.081425 0)
(-0.0437637 -0.0700346 0)
(-0.0454871 -0.0581202 0)
(-0.0469074 -0.0457696 0)
(-0.0479581 -0.0330915 0)
(-0.0485378 -0.0201974 0)
(-0.0485088 -0.00711369 0)
(-0.000821866 -0.167243 0)
(-0.00207718 -0.165301 0)
(-0.00477499 -0.165826 0)
(-0.00649721 -0.164875 0)
(-0.00829799 -0.162903 0)
(-0.0101531 -0.160045 0)
(-0.0120451 -0.156343 0)
(-0.0139596 -0.151845 0)
(-0.0158858 -0.146599 0)
(-0.017815 -0.140636 0)
(-0.0197387 -0.133969 0)
(-0.0216468 -0.126605 0)
(-0.0235262 -0.118548 0)
(-0.0253601 -0.109808 0)
(-0.0271285 -0.100402 0)
(-0.028808 -0.0903531 0)
(-0.0303735 -0.0796989 0)
(-0.0317988 -0.0684898 0)
(-0.0330591 -0.0567963 0)
(-0.0341322 -0.0447162 0)
(-0.034988 -0.0323889 0)
(-0.0355171 -0.019992 0)
(-0.0354121 -0.00755919 0)
(-0.00540895 -0.173974 0)
(-0.00144723 -0.165335 0)
(-0.00395306 -0.165894 0)
(-0.00435385 -0.164727 0)
(-0.00520233 -0.162563 0)
(-0.0062718 -0.159585 0)
(-0.00742674 -0.155809 0)
(-0.00861189 -0.151262 0)
(-0.00980593 -0.145979 0)
(-0.0109989 -0.139983 0)
(-0.0121848 -0.133286 0)
(-0.0133578 -0.125896 0)
(-0.0145106 -0.117821 0)
(-0.0156333 -0.109073 0)
(-0.0167144 -0.0996699 0)
(-0.0177411 -0.0896389 0)
(-0.0187009 -0.0790157 0)
(-0.0195845 -0.0678487 0)
(-0.020391 -0.056203 0)
(-0.0211427 -0.0441738 0)
(-0.0218935 -0.03192 0)
(-0.0226097 -0.0197248 0)
(-0.0227023 -0.00786907 0)
(-0.0411432 -0.146235 0)
(-0.00174545 -0.173033 0)
(-0.00350942 -0.165724 0)
(-0.00214495 -0.162976 0)
(-0.00199245 -0.160292 0)
(-0.00222987 -0.157131 0)
(-0.00259043 -0.153308 0)
(-0.00298851 -0.148781 0)
(-0.0033966 -0.143549 0)
(-0.00380447 -0.137622 0)
(-0.00420804 -0.131006 0)
(-0.00460478 -0.12371 0)
(-0.00499196 -0.115742 0)
(-0.00536627 -0.107117 0)
(-0.00572389 -0.0978516 0)
(-0.00606106 -0.0879726 0)
(-0.0063753 -0.0775118 0)
(-0.00666815 -0.0665066 0)
(-0.00695214 -0.0549962 0)
(-0.00727172 -0.0430212 0)
(-0.00775282 -0.0306417 0)
(-0.00860284 -0.0180683 0)
(-0.00945137 -0.00622095 0)
(0.986147 0.306546 0)
(0.999921 0.173944 0)
(0.964589 0.0892022 0)
(0.951321 0.0308515 0)
(0.906904 0.00947694 0)
(0.969744 -0.057486 0)
(0.996821 -0.0874421 0)
(1.00942 -0.100529 0)
(0.82598 -0.0659649 0)
(0.866741 -0.0868128 0)
(0.875909 -0.0895324 0)
(0.906234 -0.0780545 0)
(0.730603 -0.145438 0)
(0.755437 -0.149273 0)
(0.771457 -0.132465 0)
(0.782677 -0.104745 0)
(0.640781 -0.204159 0)
(0.654147 -0.19433 0)
(0.675971 -0.174322 0)
(0.672489 -0.1306 0)
(0.55719 -0.250951 0)
(0.568656 -0.234928 0)
(0.583649 -0.208946 0)
(0.601564 -0.160381 0)
(0.479408 -0.288563 0)
(0.493205 -0.27239 0)
(0.4967 -0.240479 0)
(0.539834 -0.153886 0)
(0.410458 -0.318501 0)
(0.425276 -0.304388 0)
(0.421613 -0.273153 0)
(0.483251 -0.101359 0)
(0.351196 -0.342166 0)
(0.363008 -0.328643 0)
(0.363214 -0.299068 0)
(0.411386 -0.110219 0)
(0.298281 -0.360751 0)
(0.30768 -0.346159 0)
(0.309428 -0.318426 0)
(0.344905 -0.106463 0)
(0.251077 -0.374533 0)
(0.257535 -0.359544 0)
(0.263051 -0.328058 0)
(0.279738 -0.095409 0)
(0.208575 -0.384887 0)
(0.211849 -0.36898 0)
(0.221587 -0.324966 0)
(0.214546 -0.0733238 0)
(0.169945 -0.392519 0)
(0.170086 -0.375855 0)
(0.180911 -0.299108 0)
(0.153175 -0.0408569 0)
(0.134787 -0.398199 0)
(0.13238 -0.381886 0)
(0.140027 -0.239439 0)
(0.110634 -0.00328089 0)
(0.103082 -0.402604 0)
(0.0996643 -0.387614 0)
(0.11119 -0.173722 0)
(0.08772 0.025661 0)
(0.0750875 -0.406795 0)
(0.0715421 -0.392433 0)
(0.0910084 -0.158901 0)
(0.0737571 0.0398748 0)
(0.0560515 -0.41258 0)
(0.0482217 -0.406254 0)
(0.0666432 -0.145243 0)
(0.045651 0.0661116 0)
(0.067332 -0.410594 0)
(0.0645389 -0.416398 0)
(0.0016918 -0.117607 0)
(-0.0218223 0.109781 0)
(0.0824008 -0.356502 0)
(0.119325 -0.277004 0)
(-0.00733964 -0.0422018 0)
(-0.0830772 0.203114 0)
(-0.125272 -0.428947 0)
(-0.226319 -0.133225 0)
(-0.300488 0.157809 0)
(-0.326336 0.311563 0)
(-0.434859 -0.0602704 0)
(-0.489462 0.0745425 0)
(-0.501548 0.190647 0)
(-0.483618 0.289517 0)
(-0.524575 -0.0306671 0)
(-0.5369 0.0584434 0)
(-0.53157 0.146182 0)
(-0.511477 0.222696 0)
(-0.511972 -0.00220926 0)
(-0.514698 0.0608001 0)
(-0.507007 0.121117 0)
(-0.489064 0.17622 0)
(-0.464436 0.0061144 0)
(-0.463901 0.0519399 0)
(-0.456713 0.0963411 0)
(-0.442694 0.13783 0)
(-0.408146 0.00886115 0)
(-0.406896 0.0435014 0)
(-0.401186 0.0771948 0)
(-0.39081 0.109187 0)
(-0.355373 0.00979297 0)
(-0.354108 0.0367356 0)
(-0.349775 0.0630622 0)
(-0.342223 0.0883501 0)
(-0.309665 0.00985214 0)
(-0.308532 0.0314452 0)
(-0.30526 0.0526233 0)
(-0.299724 0.0731488 0)
(-0.270922 0.00949443 0)
(-0.269945 0.0272907 0)
(-0.267432 0.0447988 0)
(-0.263297 0.0618824 0)
(-0.237974 0.00894286 0)
(-0.237131 0.0239791 0)
(-0.235164 0.038808 0)
(-0.232005 0.0533497 0)
(-0.209556 0.00831096 0)
(-0.208831 0.0212904 0)
(-0.207257 0.0341163 0)
(-0.204789 0.0467428 0)
(-0.184645 0.00765994 0)
(-0.184014 0.0190729 0)
(-0.182735 0.0303701 0)
(-0.180769 0.0415233 0)
(-0.162453 0.00702094 0)
(-0.161904 0.0172187 0)
(-0.160847 0.0273273 0)
(-0.159255 0.0373302 0)
(-0.142402 0.00640952 0)
(-0.141918 0.0156507 0)
(-0.141035 0.0248229 0)
(-0.139729 0.0339152 0)
(-0.124048 0.00582863 0)
(-0.123619 0.0143093 0)
(-0.12287 0.0227367 0)
(-0.121787 0.0311035 0)
(-0.107054 0.00527452 0)
(-0.106666 0.0131476 0)
(-0.106025 0.0209811 0)
(-0.105118 0.0287682 0)
(-0.0911518 0.0047358 0)
(-0.0907937 0.0121249 0)
(-0.0902351 0.0194868 0)
(-0.0894697 0.0268149 0)
(-0.0761285 0.00419541 0)
(-0.075787 0.011204 0)
(-0.0752925 0.0181995 0)
(-0.0746408 0.0251721 0)
(-0.0618213 0.00363086 0)
(-0.0614842 0.0103521 0)
(-0.0610397 0.0170778 0)
(-0.0604886 0.0237908 0)
(-0.0481251 0.00301786 0)
(-0.0477941 0.00954965 0)
(-0.0474078 0.0161066 0)
(-0.0469649 0.0226546 0)
(-0.0350267 0.00234248 0)
(-0.0347576 0.00881559 0)
(-0.0345027 0.0153285 0)
(-0.0342409 0.0218092 0)
(-0.0227272 0.00186835 0)
(-0.022745 0.00840819 0)
(-0.0228656 0.0149804 0)
(-0.0229766 0.021465 0)
(-0.0126363 0.0036143 0)
(-0.0135092 0.0103649 0)
(-0.0142722 0.0166361 0)
(-0.0149145 0.0226958 0)
(0.977268 -0.0304359 0)
(0.837199 -0.274423 0)
(0.497367 -0.184289 0)
(0.432463 -0.0805767 0)
(0.387503 -0.00815332 0)
(0.336026 0.0301671 0)
(0.300241 0.0551882 0)
(0.267977 0.0709248 0)
(0.238495 0.080039 0)
(0.211117 0.0847208 0)
(0.185378 0.0866477 0)
(0.160989 0.0869932 0)
(0.137768 0.0865196 0)
(0.11559 0.0856379 0)
(0.0943431 0.0844083 0)
(0.073859 0.0825844 0)
(0.0538359 0.0799498 0)
(0.0334742 0.0769527 0)
(0.0123058 0.0741863 0)
(1.05449 -0.119502 0)
(1.03958 -0.0747856 0)
(0.639068 0.0164192 0)
(0.517995 0.0425602 0)
(0.436359 0.0553814 0)
(0.365786 0.0766635 0)
(0.317024 0.0922228 0)
(0.276939 0.10222 0)
(0.242796 0.107622 0)
(0.212704 0.109746 0)
(0.185447 0.109789 0)
(0.160288 0.10866 0)
(0.136763 0.106971 0)
(0.114549 0.10507 0)
(0.0933651 0.103058 0)
(0.0729219 0.100857 0)
(0.0528868 0.0984308 0)
(0.032576 0.0960492 0)
(0.01185 0.0933839 0)
(0.90982 -0.0424468 0)
(0.77031 0.0948537 0)
(0.605776 0.156156 0)
(0.541276 0.139545 0)
(0.451243 0.129402 0)
(0.380965 0.132737 0)
(0.325834 0.136085 0)
(0.281251 0.137985 0)
(0.244139 0.138029 0)
(0.212217 0.136506 0)
(0.183933 0.13396 0)
(0.15829 0.130908 0)
(0.134622 0.127734 0)
(0.112452 0.124683 0)
(0.0913871 0.121861 0)
(0.0710855 0.119278 0)
(0.0512574 0.116944 0)
(0.0313457 0.114939 0)
(0.0113387 0.112342 0)
(0.841123 0.0119986 0)
(0.70776 0.177921 0)
(0.600628 0.228275 0)
(0.526359 0.213852 0)
(0.447033 0.200972 0)
(0.379606 0.190596 0)
(0.324275 0.182502 0)
(0.278962 0.175897 0)
(0.241133 0.169906 0)
(0.208723 0.164133 0)
(0.180233 0.158549 0)
(0.154619 0.153266 0)
(0.131146 0.14842 0)
(0.109264 0.144126 0)
(0.0885284 0.140458 0)
(0.0685972 0.137434 0)
(0.0492278 0.135031 0)
(0.029956 0.133156 0)
(0.0107964 0.130459 0)
(0.803558 0.0899199 0)
(0.642028 0.24908 0)
(0.559945 0.289486 0)
(0.492121 0.283979 0)
(0.424772 0.265037 0)
(0.364163 0.244646 0)
(0.312898 0.227288 0)
(0.269892 0.213188 0)
(0.23339 0.201509 0)
(0.201854 0.191538 0)
(0.174061 0.182859 0)
(0.149088 0.175272 0)
(0.126241 0.168701 0)
(0.104978 0.163139 0)
(0.0848581 0.158604 0)
(0.0655636 0.155082 0)
(0.0468988 0.152486 0)
(0.0284461 0.150582 0)
(0.010226 0.147701 0)
(0.667102 0.11407 0)
(0.565254 0.288557 0)
(0.496585 0.344338 0)
(0.444713 0.342649 0)
(0.38984 0.319029 0)
(0.338658 0.291957 0)
(0.293835 0.267878 0)
(0.255041 0.247892 0)
(0.221339 0.231448 0)
(0.191768 0.217764 0)
(0.165466 0.206233 0)
(0.141715 0.196464 0)
(0.119931 0.188236 0)
(0.0996322 0.181446 0)
(0.0804225 0.176056 0)
(0.0620231 0.172007 0)
(0.0442728 0.169142 0)
(0.0267999 0.167121 0)
(0.00961672 0.164008 0)
(0.537156 0.139419 0)
(0.477674 0.323079 0)
(0.430833 0.387611 0)
(0.391938 0.387967 0)
(0.348899 0.362414 0)
(0.30733 0.331553 0)
(0.269586 0.303083 0)
(0.235852 0.278891 0)
(0.20579 0.258787 0)
(0.178918 0.242076 0)
(0.154706 0.22811 0)
(0.132655 0.216415 0)
(0.112317 0.206689 0)
(0.0932997 0.19877 0)
(0.0752684 0.192578 0)
(0.0579922 0.188009 0)
(0.0413484 0.184845 0)
(0.0249945 0.182662 0)
(0.00895418 0.179296 0)
(0.449087 0.165023 0)
(0.409811 0.351054 0)
(0.370142 0.420983 0)
(0.340042 0.422915 0)
(0.306331 0.396689 0)
(0.273201 0.363825 0)
(0.242213 0.332713 0)
(0.213685 0.305739 0)
(0.18762 0.283014 0)
(0.163862 0.263993 0)
(0.142139 0.248075 0)
(0.122142 0.234778 0)
(0.103557 0.223771 0)
(0.086084 0.214868 0)
(0.0694597 0.207959 0)
(0.0535043 0.202909 0)
(0.0381252 0.199452 0)
(0.0230281 0.197095 0)
(0.00824003 0.19347 0)
(0.386475 0.179675 0)
(0.346961 0.37753 0)
(0.312837 0.448779 0)
(0.289769 0.450221 0)
(0.26387 0.423437 0)
(0.237998 0.389589 0)
(0.213145 0.357055 0)
(0.189624 0.328393 0)
(0.167611 0.303922 0)
(0.147148 0.283248 0)
(0.128148 0.265856 0)
(0.110444 0.251298 0)
(0.093837 0.239256 0)
(0.0781146 0.229537 0)
(0.0630808 0.222024 0)
(0.0486058 0.216558 0)
(0.0346346 0.212836 0)
(0.0209073 0.21031 0)
(0.00747172 0.206438 0)
(0.320748 0.200913 0)
(0.285381 0.40192 0)
(0.257823 0.470737 0)
(0.241618 0.470888 0)
(0.222406 0.443771 0)
(0.202748 0.409662 0)
(0.183344 0.37656 0)
(0.164478 0.34702 0)
(0.146404 0.321494 0)
(0.12927 0.299725 0)
(0.113101 0.281292 0)
(0.0978341 0.265807 0)
(0.0833582 0.252978 0)
(0.0695354 0.242627 0)
(0.0562317 0.234635 0)
(0.0433653 0.228833 0)
(0.0309084 0.22489 0)
(0.0186556 0.222218 0)
(0.00666224 0.218115 0)
(0.255942 0.222548 0)
(0.22675 0.421115 0)
(0.206234 0.486768 0)
(0.196038 0.485732 0)
(0.182442 0.458667 0)
(0.168061 0.424817 0)
(0.153441 0.391723 0)
(0.138832 0.361877 0)
(0.124502 0.335819 0)
(0.110641 0.313406 0)
(0.0973295 0.29431 0)
(0.0845717 0.278202 0)
(0.07232 0.264828 0)
(0.060497 0.254026 0)
(0.0490224 0.245688 0)
(0.0378556 0.239639 0)
(0.0270034 0.235529 0)
(0.0162976 0.232739 0)
(0.00581458 0.228432 0)
(0.191342 0.242745 0)
(0.172412 0.434467 0)
(0.158726 0.497321 0)
(0.153255 0.495681 0)
(0.144212 0.469046 0)
(0.134262 0.43577 0)
(0.123822 0.403027 0)
(0.113087 0.373248 0)
(0.102286 0.347036 0)
(0.0915982 0.324336 0)
(0.0811214 0.304894 0)
(0.0708944 0.288434 0)
(0.0609138 0.274738 0)
(0.0511491 0.263663 0)
(0.041566 0.255112 0)
(0.0321622 0.248908 0)
(0.022967 0.24469 0)
(0.0138682 0.241817 0)
(0.00494699 0.237334 0)
(0.131626 0.258158 0)
(0.124402 0.441844 0)
(0.116033 0.503513 0)
(0.113375 0.501889 0)
(0.107749 0.475821 0)
(0.101459 0.443173 0)
(0.0946863 0.410905 0)
(0.0874996 0.3814 0)
(0.0800332 0.355293 0)
(0.0724123 0.332581 0)
(0.0647229 0.313059 0)
(0.0570168 0.29649 0)
(0.0493193 0.282678 0)
(0.0416376 0.2715 0)
(0.0339762 0.262865 0)
(0.0263657 0.256599 0)
(0.0188651 0.252334 0)
(0.0113982 0.249414 0)
(0.00406398 0.24479 0)
(0.0900812 0.268657 0)
(0.0852343 0.446672 0)
(0.0783505 0.507811 0)
(0.0760536 0.50585 0)
(0.0727621 0.479877 0)
(0.0695278 0.447564 0)
(0.0660691 0.415691 0)
(0.0622121 0.386541 0)
(0.0579415 0.360715 0)
(0.0533012 0.338211 0)
(0.048347 0.31884 0)
(0.0431328 0.302379 0)
(0.0377049 0.288645 0)
(0.0321019 0.277524 0)
(0.0263643 0.268932 0)
(0.020554 0.262695 0)
(0.0147485 0.258443 0)
(0.00892559 0.255515 0)
(0.00318548 0.250785 0)
(0.0710342 0.27991 0)
(0.0528729 0.45558 0)
(0.0433189 0.513169 0)
(0.0399045 0.508856 0)
(0.038474 0.481786 0)
(0.0381094 0.44923 0)
(0.0378792 0.417552 0)
(0.037293 0.38878 0)
(0.0361638 0.363378 0)
(0.0344522 0.341282 0)
(0.0321863 0.322276 0)
(0.029423 0.306129 0)
(0.0262299 0.292657 0)
(0.0226769 0.281749 0)
(0.0188388 0.273321 0)
(0.0148061 0.267201 0)
(0.0106833 0.263024 0)
(0.00648193 0.260127 0)
(0.00231569 0.255328 0)
(0.0493731 0.300477 0)
(0.0193872 0.471707 0)
(0.00582434 0.52062 0)
(0.00265101 0.511015 0)
(0.00378852 0.481434 0)
(0.00674128 0.44805 0)
(0.00999758 0.416418 0)
(0.0128043 0.388094 0)
(0.0148501 0.363293 0)
(0.0160503 0.341823 0)
(0.0164295 0.323406 0)
(0.0160632 0.307781 0)
(0.0150495 0.294753 0)
(0.0134934 0.284209 0)
(0.0115053 0.276063 0)
(0.00920657 0.270147 0)
(0.00671864 0.266103 0)
(0.004104 0.263275 0)
(0.00147431 0.258447 0)
(0.0132639 0.334507 0)
(-0.0253257 0.492772 0)
(-0.0381305 0.527903 0)
(-0.0377344 0.510735 0)
(-0.0321815 0.477882 0)
(-0.0248726 0.443517 0)
(-0.0175727 0.41204 0)
(-0.0111109 0.384388 0)
(-0.00579986 0.360451 0)
(-0.00169174 0.339867 0)
(0.00127878 0.322275 0)
(0.00323293 0.307389 0)
(0.00431805 0.294991 0)
(0.00467985 0.28496 0)
(0.00446717 0.277212 0)
(0.00383065 0.271583 0)
(0.00291757 0.267729 0)
(0.00182201 0.265009 0)
(0.000664654 0.260189 0)
(-0.0484727 0.373926 0)
(-0.0863445 0.511672 0)
(-0.0911071 0.530462 0)
(-0.0823863 0.505321 0)
(-0.0697189 0.469511 0)
(-0.0566134 0.434708 0)
(-0.0445609 0.403937 0)
(-0.0341471 0.377449 0)
(-0.0254959 0.354793 0)
(-0.0185202 0.335445 0)
(-0.0130494 0.318971 0)
(-0.00888125 0.30505 0)
(-0.00580921 0.293462 0)
(-0.0036373 0.284087 0)
(-0.0021757 0.276846 0)
(-0.00124248 0.271583 0)
(-0.000673955 0.267971 0)
(-0.000329544 0.265394 0)
(-9.37994e-05 0.26062 0)
(-0.145442 0.431726 0)
(-0.162002 0.524076 0)
(-0.152324 0.523191 0)
(-0.130285 0.491344 0)
(-0.107861 0.454413 0)
(-0.0876575 0.420666 0)
(-0.0703133 0.391696 0)
(-0.0557993 0.367153 0)
(-0.0438489 0.346337 0)
(-0.0341293 0.328636 0)
(-0.0263105 0.313586 0)
(-0.0200863 0.300867 0)
(-0.0151789 0.290273 0)
(-0.0113373 0.281696 0)
(-0.00833011 0.275064 0)
(-0.00594686 0.270239 0)
(-0.0040009 0.266918 0)
(-0.00232544 0.264517 0)
(-0.000799816 0.259828 0)
(-0.316019 0.456727 0)
(-0.268349 0.507232 0)
(-0.220346 0.496169 0)
(-0.178605 0.464521 0)
(-0.144296 0.43079 0)
(-0.116418 0.400718 0)
(-0.093774 0.375148 0)
(-0.0753607 0.353551 0)
(-0.0603729 0.335229 0)
(-0.0481735 0.319614 0)
(-0.0382529 0.306298 0)
(-0.0301941 0.295008 0)
(-0.0236474 0.285576 0)
(-0.0183098 0.27792 0)
(-0.013912 0.271989 0)
(-0.0102173 0.267664 0)
(-0.00702719 0.264677 0)
(-0.00413832 0.262481 0)
(-0.00143784 0.257911 0)
(-0.435253 0.396329 0)
(-0.346841 0.447344 0)
(-0.274461 0.445457 0)
(-0.218041 0.423979 0)
(-0.174483 0.39873 0)
(-0.1405 0.375232 0)
(-0.113601 0.354708 0)
(-0.0920312 0.337032 0)
(-0.0745623 0.321807 0)
(-0.0603166 0.308672 0)
(-0.0486422 0.297359 0)
(-0.0390349 0.287688 0)
(-0.0310881 0.279556 0)
(-0.0244589 0.272922 0)
(-0.0188489 0.267763 0)
(-0.0140034 0.26399 0)
(-0.00970978 0.261371 0)
(-0.00574881 0.259404 0)
(-0.00200843 0.254982 0)
(-0.464386 0.312989 0)
(-0.377788 0.370367 0)
(-0.302555 0.383138 0)
(-0.242193 0.375649 0)
(-0.195005 0.361384 0)
(-0.158046 0.346021 0)
(-0.128738 0.331508 0)
(-0.10518 0.318356 0)
(-0.0860209 0.306616 0)
(-0.0702971 0.29622 0)
(-0.0572974 0.287088 0)
(-0.046478 0.279165 0)
(-0.0374041 0.272428 0)
(-0.0297114 0.266885 0)
(-0.0230856 0.262549 0)
(-0.0172621 0.259362 0)
(-0.0120271 0.257135 0)
(-0.00713884 0.255416 0)
(-0.00249874 0.251167 0)
(-0.449634 0.244938 0)
(-0.375842 0.300009 0)
(-0.308261 0.322586 0)
(-0.25149 0.326971 0)
(-0.205536 0.32293 0)
(-0.168636 0.315519 0)
(-0.138841 0.307038 0)
(-0.114553 0.298491 0)
(-0.0945663 0.290322 0)
(-0.0779827 0.282739 0)
(-0.0641208 0.275852 0)
(-0.0524494 0.269729 0)
(-0.0425381 0.264427 0)
(-0.0340227 0.260009 0)
(-0.0265879 0.25652 0)
(-0.0199704 0.253936 0)
(-0.013956 0.252114 0)
(-0.00830044 0.250655 0)
(-0.00291216 0.246599 0)
(-0.412477 0.191941 0)
(-0.35481 0.242368 0)
(-0.298886 0.269991 0)
(-0.249448 0.28256 0)
(-0.20768 0.28649 0)
(-0.172981 0.285781 0)
(-0.144214 0.282667 0)
(-0.120274 0.278372 0)
(-0.100243 0.273587 0)
(-0.0833829 0.26872 0)
(-0.0691067 0.264025 0)
(-0.0569373 0.259675 0)
(-0.0464766 0.255797 0)
(-0.0373799 0.252498 0)
(-0.0293443 0.249853 0)
(-0.0221166 0.247874 0)
(-0.0154951 0.246459 0)
(-0.0092279 0.245264 0)
(-0.00324053 0.241414 0)
(-0.368559 0.152461 0)
(-0.325381 0.19753 0)
(-0.281149 0.226854 0)
(-0.239997 0.244274 0)
(-0.20364 0.253725 0)
(-0.172299 0.258126 0)
(-0.145534 0.259394 0)
(-0.122726 0.258752 0)
(-0.10327 0.256984 0)
(-0.0866266 0.254603 0)
(-0.0723319 0.251957 0)
(-0.0599881 0.249287 0)
(-0.0492478 0.246772 0)
(-0.0397999 0.244552 0)
(-0.031365 0.242727 0)
(-0.0237092 0.241336 0)
(-0.0166433 0.240319 0)
(-0.00992517 0.239385 0)
(-0.00349094 0.235749 0)
(-0.326003 0.123625 0)
(-0.2941 0.163465 0)
(-0.259788 0.192463 0)
(-0.226314 0.21228 0)
(-0.195453 0.225192 0)
(-0.167871 0.233202 0)
(-0.143603 0.237828 0)
(-0.122414 0.240155 0)
(-0.103971 0.24095 0)
(-0.0879233 0.240753 0)
(-0.0739347 0.239949 0)
(-0.0616943 0.238819 0)
(-0.0509144 0.237569 0)
(-0.0413258 0.236361 0)
(-0.0326799 0.23531 0)
(-0.0247665 0.234477 0)
(-0.0174184 0.233841 0)
(-0.0103981 0.233159 0)
(-0.00365965 0.229739 0)
(-0.287803 0.102527 0)
(-0.264118 0.137689 0)
(-0.237562 0.165316 0)
(-0.210563 0.185938 0)
(-0.184703 0.200792 0)
(-0.160811 0.21119 0)
(-0.139193 0.218262 0)
(-0.119867 0.222901 0)
(-0.10271 0.22579 0)
(-0.0875249 0.227444 0)
(-0.074091 0.228245 0)
(-0.06218 0.228484 0)
(-0.0515649 0.228379 0)
(-0.0420209 0.228096 0)
(-0.033334 0.227758 0)
(-0.0253219 0.227443 0)
(-0.017837 0.227162 0)
(-0.0106604 0.226719 0)
(-0.00375673 0.223513 0)
(-0.254384 0.0868613 0)
(-0.236537 0.11802 0)
(-0.215839 0.143855 0)
(-0.194056 0.164352 0)
(-0.172501 0.180124 0)
(-0.151995 0.191996 0)
(-0.132964 0.20077 0)
(-0.115577 0.207145 0)
(-0.099846 0.211692 0)
(-0.0856945 0.214869 0)
(-0.0729934 0.217032 0)
(-0.0615867 0.218459 0)
(-0.0513033 0.219362 0)
(-0.0419621 0.219906 0)
(-0.0333836 0.220213 0)
(-0.0254138 0.220368 0)
(-0.0179303 0.220412 0)
(-0.0107259 0.22019 0)
(-0.00378168 0.217191 0)
(-0.225193 0.0749933 0)
(-0.211497 0.102798 0)
(-0.195183 0.126768 0)
(-0.177529 0.146646 0)
(-0.15958 0.16269 0)
(-0.142071 0.175388 0)
(-0.125452 0.185294 0)
(-0.109966 0.192929 0)
(-0.0957094 0.198753 0)
(-0.0826853 0.203153 0)
(-0.0708351 0.206443 0)
(-0.0600615 0.208877 0)
(-0.0502414 0.210653 0)
(-0.0412333 0.21192 0)
(-0.0328912 0.212796 0)
(-0.0250891 0.213371 0)
(-0.0177249 0.213707 0)
(-0.0106141 0.213685 0)
(-0.00374621 0.210885 0)
(-0.199477 0.0658142 0)
(-0.188771 0.0908378 0)
(-0.175761 0.113039 0)
(-0.161368 0.132076 0)
(-0.146405 0.148002 0)
(-0.131497 0.16109 0)
(-0.117069 0.171704 0)
(-0.103385 0.180224 0)
(-0.0905866 0.187006 0)
(-0.0787275 0.192365 0)
(-0.0677986 0.196569 0)
(-0.0577476 0.199841 0)
(-0.0484907 0.202354 0)
(-0.0399211 0.204244 0)
(-0.0319224 0.205614 0)
(-0.0243942 0.206557 0)
(-0.0172576 0.20715 0)
(-0.0103426 0.207307 0)
(-0.00365154 0.204692 0)
(-0.176547 0.0585818 0)
(-0.168045 0.0813077 0)
(-0.157558 0.101912 0)
(-0.145755 0.120037 0)
(-0.133262 0.135629 0)
(-0.120591 0.14882 0)
(-0.108122 0.159841 0)
(-0.0961111 0.168958 0)
(-0.0847172 0.176439 0)
(-0.074022 0.182534 0)
(-0.0640491 0.187466 0)
(-0.0547788 0.191421 0)
(-0.0461584 0.194548 0)
(-0.0381095 0.196963 0)
(-0.030542 0.198755 0)
(-0.0233787 0.200014 0)
(-0.0165579 0.20083 0)
(-0.00993237 0.201144 0)
(-0.00350977 0.198702 0)
(-0.155851 0.0527936 0)
(-0.149009 0.0736244 0)
(-0.140482 0.0928251 0)
(-0.130758 0.110056 0)
(-0.120314 0.125207 0)
(-0.109566 0.138323 0)
(-0.0988363 0.149539 0)
(-0.0883602 0.159037 0)
(-0.0782963 0.167014 0)
(-0.068739 0.173663 0)
(-0.0597312 0.179162 0)
(-0.0512757 0.183664 0)
(-0.043343 0.187295 0)
(-0.0358778 0.190146 0)
(-0.028812 0.192292 0)
(-0.0220877 0.193818 0)
(-0.0156618 0.194824 0)
(-0.00940123 0.195275 0)
(-0.00332247 0.192991 0)
(-0.13695 0.0481037 0)
(-0.131391 0.0673739 0)
(-0.124414 0.0853632 0)
(-0.11638 0.101761 0)
(-0.107652 0.116433 0)
(-0.0985588 0.12937 0)
(-0.0893708 0.140641 0)
(-0.0802947 0.150364 0)
(-0.0714787 0.15868 0)
(-0.0630189 0.165734 0)
(-0.0549683 0.171667 0)
(-0.047344 0.176602 0)
(-0.0401332 0.180637 0)
(-0.0332984 0.183844 0)
(-0.0267899 0.186284 0)
(-0.0205662 0.188033 0)
(-0.0145966 0.189199 0)
(-0.00876895 0.189766 0)
(-0.00310126 0.187625 0)
(-0.119499 0.0442689 0)
(-0.114953 0.0622582 0)
(-0.109228 0.0792172 0)
(-0.102589 0.0948673 0)
(-0.0953106 0.109065 0)
(-0.0876528 0.121768 0)
(-0.0798355 0.133003 0)
(-0.0720354 0.142841 0)
(-0.0643848 0.151378 0)
(-0.0569756 0.158722 0)
(-0.0498638 0.164981 0)
(-0.0430745 0.17025 0)
(-0.0366065 0.174605 0)
(-0.0304359 0.178099 0)
(-0.0245275 0.180777 0)
(-0.0188529 0.182709 0)
(-0.013394 0.184007 0)
(-0.00805112 0.184672 0)
(-0.0028472 0.182658 0)
(-0.103222 0.041115 0)
(-0.0994951 0.058061 0)
(-0.0948017 0.0741565 0)
(-0.0893334 0.0891526 0)
(-0.0832979 0.102906 0)
(-0.0768959 0.115357 0)
(-0.0703043 0.126501 0)
(-0.0636699 0.136378 0)
(-0.0571075 0.14505 0)
(-0.0507003 0.152594 0)
(-0.044503 0.159091 0)
(-0.0385442 0.164614 0)
(-0.0328302 0.169219 0)
(-0.0273473 0.17294 0)
(-0.0220715 0.175809 0)
(-0.016985 0.177889 0)
(-0.0120766 0.179293 0)
(-0.007265 0.180038 0)
(-0.00257102 0.178137 0)
(-0.0878919 0.0385151 0)
(-0.0848461 0.054624 0)
(-0.0810227 0.0700089 0)
(-0.0765577 0.0844473 0)
(-0.0716037 0.0978022 0)
(-0.0663138 0.110003 0)
(-0.0608272 0.121029 0)
(-0.0552635 0.130895 0)
(-0.0497191 0.13964 0)
(-0.0442669 0.147316 0)
(-0.038957 0.153983 0)
(-0.0338189 0.159695 0)
(-0.0288629 0.164489 0)
(-0.0240827 0.168387 0)
(-0.019463 0.171406 0)
(-0.0149937 0.173603 0)
(-0.0106713 0.175092 0)
(-0.00642355 0.175901 0)
(-0.00227299 0.174096 0)
(-0.0733313 0.0363782 0)
(-0.0708701 0.0518336 0)
(-0.0678017 0.0666475 0)
(-0.0642151 0.0806224 0)
(-0.0602188 0.0936308 0)
(-0.0559265 0.1056 0)
(-0.0514455 0.116497 0)
(-0.0468711 0.126323 0)
(-0.0422822 0.135097 0)
(-0.0377405 0.142855 0)
(-0.0332901 0.149639 0)
(-0.0289587 0.155486 0)
(-0.0247588 0.160422 0)
(-0.020689 0.164454 0)
(-0.016741 0.167589 0)
(-0.0129107 0.169877 0)
(-0.00919675 0.171432 0)
(-0.00554204 0.172289 0)
(-0.00196325 0.170564 0)
(-0.0594198 0.0346444 0)
(-0.0574872 0.0496123 0)
(-0.0550961 0.0639817 0)
(-0.0522967 0.0775815 0)
(-0.049162 0.0902979 0)
(-0.0457745 0.10206 0)
(-0.0422156 0.112832 0)
(-0.0385594 0.122601 0)
(-0.0348689 0.131376 0)
(-0.0311945 0.139179 0)
(-0.0275733 0.146039 0)
(-0.02403 0.15198 0)
(-0.0205775 0.157018 0)
(-0.0172179 0.161149 0)
(-0.0139481 0.164371 0)
(-0.010768 0.166729 0)
(-0.00768009 0.168333 0)
(-0.00463317 0.169224 0)
(-0.00164181 0.16756 0)
(-0.0461508 0.0332887 0)
(-0.0447322 0.0479159 0)
(-0.0429712 0.0619505 0)
(-0.0408899 0.0752538 0)
(-0.0385369 0.0877303 0)
(-0.0359727 0.0993157 0)
(-0.0332586 0.109971 0)
(-0.0304516 0.119678 0)
(-0.0276006 0.128436 0)
(-0.0247452 0.136258 0)
(-0.0219155 0.143162 0)
(-0.0191321 0.149165 0)
(-0.0164071 0.154272 0)
(-0.0137449 0.158473 0)
(-0.0111465 0.16176 0)
(-0.00861514 0.164169 0)
(-0.00615211 0.165807 0)
(-0.00371801 0.166717 0)
(-0.0013196 0.165092 0)
(-0.0337678 0.0323371 0)
(-0.0328886 0.0467309 0)
(-0.0317281 0.0605078 0)
(-0.0303003 0.0735735 0)
(-0.0286463 0.0858537 0)
(-0.0268161 0.0972903 0)
(-0.0248584 0.107843 0)
(-0.022817 0.117489 0)
(-0.0207292 0.126222 0)
(-0.0186251 0.134045 0)
(-0.0165277 0.140971 0)
(-0.0144533 0.147009 0)
(-0.0124123 0.15216 0)
(-0.0104107 0.156409 0)
(-0.00845257 0.159741 0)
(-0.00654299 0.162188 0)
(-0.0046836 0.16385 0)
(-0.00283757 0.164764 0)
(-0.0010059 0.163157 0)
(-0.0230376 0.0319552 0)
(-0.0227474 0.046092 0)
(-0.0221462 0.0595955 0)
(-0.0212779 0.0724298 0)
(-0.0202036 0.0845294 0)
(-0.0189777 0.0958322 0)
(-0.0176442 0.106292 0)
(-0.0162387 0.115878 0)
(-0.0147895 0.124578 0)
(-0.0133187 0.13239 0)
(-0.0118433 0.139321 0)
(-0.0103755 0.145376 0)
(-0.00892393 0.150551 0)
(-0.00749511 0.154829 0)
(-0.00609537 0.158193 0)
(-0.00473101 0.16067 0)
(-0.00340082 0.162352 0)
(-0.00207415 0.163271 0)
(-0.000738067 0.161681 0)
(-0.0156981 0.0324991 0)
(-0.0160592 0.0459942 0)
(-0.015888 0.0590794 0)
(-0.0153856 0.0716343 0)
(-0.0146752 0.0835438 0)
(-0.0138278 0.0947167 0)
(-0.0128881 0.105089 0)
(-0.0118873 0.114619 0)
(-0.0108481 0.123286 0)
(-0.00978745 0.131084 0)
(-0.00871798 0.138013 0)
(-0.00764882 0.144076 0)
(-0.00658652 0.149266 0)
(-0.00553606 0.153565 0)
(-0.00450183 0.156955 0)
(-0.00348661 0.159453 0)
(-0.00248704 0.161132 0)
(-0.00148188 0.161997 0)
(-0.000496303 0.160301 0)
)
;

boundaryField
{
    leftWall
    {
        type            noSlip;
    }
    rightWall
    {
        type            noSlip;
    }
    lowerWall
    {
        type            noSlip;
    }
    atmosphere
    {
        type            pressureInletOutletVelocity;
        value           nonuniform List<vector> 
46
(
(0 -0.146235 0)
(0 -0.173033 0)
(0 -0.165724 0)
(0 -0.162976 0)
(0 -0.160292 0)
(0 -0.157131 0)
(0 -0.153308 0)
(0 -0.148781 0)
(0 -0.143549 0)
(0 -0.137622 0)
(0 -0.131006 0)
(0 -0.12371 0)
(0 -0.115742 0)
(0 -0.107117 0)
(0 -0.0978516 0)
(0 -0.0879726 0)
(0 -0.0775118 0)
(0 -0.0665066 0)
(0 -0.0549962 0)
(0 -0.0430212 0)
(0 -0.0306417 0)
(0 -0.0180683 0)
(0 -0.00622095 0)
(-0.0126363 0.0036143 0)
(-0.0135092 0.0103649 0)
(-0.0142722 0.0166361 0)
(-0.0149145 0.0226958 0)
(-0.0156981 0.0324991 0)
(-0.0160592 0.0459942 0)
(-0.015888 0.0590794 0)
(-0.0153856 0.0716343 0)
(-0.0146752 0.0835438 0)
(-0.0138278 0.0947167 0)
(-0.0128881 0.105089 0)
(-0.0118873 0.114619 0)
(-0.0108481 0.123286 0)
(-0.00978745 0.131084 0)
(-0.00871798 0.138013 0)
(-0.00764882 0.144076 0)
(-0.00658652 0.149266 0)
(-0.00553606 0.153565 0)
(-0.00450183 0.156955 0)
(-0.00348661 0.159453 0)
(-0.00248704 0.161132 0)
(-0.00148188 0.161997 0)
(-0.000496303 0.160301 0)
)
;
    }
    defaultFaces
    {
        type            empty;
    }
}


// ************************************************************************* //
