/*--------------------------------*- C++ -*----------------------------------*\
  =========                 |
  \\      /  F ield         | OpenFOAM: The Open Source CFD Toolbox
   \\    /   O peration     | Website:  https://openfoam.org
    \\  /    A nd           | Version:  13
     \\/     M anipulation  |
\*---------------------------------------------------------------------------*/
FoamFile
{
    format      ascii;
    class       surfaceScalarField;
    location    "2.3";
    object      phi;
}
// * * * * * * * * * * * * * * * * * * * * * * * * * * * * * * * * * * * * * //

dimensions      [0 3 -1 0 0 0 0];

internalField   nonuniform List<scalar> 
4432
(
8.6575e-07
-8.65762e-07
1.82764e-06
-9.61903e-07
3.12081e-06
-1.29318e-06
4.58618e-06
-1.46538e-06
6.06524e-06
-1.47908e-06
7.43619e-06
-1.37096e-06
8.61522e-06
-1.17904e-06
9.54905e-06
-9.33838e-07
1.02053e-05
-6.56213e-07
1.05629e-05
-3.57682e-07
1.06074e-05
-4.44463e-08
1.03675e-05
2.39869e-07
9.86814e-06
4.99362e-07
9.1441e-06
7.24044e-07
8.23131e-06
9.12792e-07
7.17409e-06
1.05723e-06
6.02294e-06
1.15116e-06
4.82729e-06
1.19566e-06
3.62903e-06
1.19827e-06
2.4678e-06
1.16124e-06
1.41186e-06
1.05595e-06
6.5417e-07
7.57688e-07
6.54174e-07
9.17077e-07
-1.78289e-06
2.07185e-06
-2.11671e-06
3.40906e-06
-2.63042e-06
4.85019e-06
-2.90654e-06
6.28088e-06
-2.9098e-06
7.60347e-06
-2.69358e-06
8.74564e-06
-2.32123e-06
9.65776e-06
-1.84597e-06
1.03039e-05
-1.30239e-06
1.0659e-05
-7.12714e-07
1.07198e-05
-1.05279e-07
1.04963e-05
4.6335e-07
1.00261e-05
9.69608e-07
9.34056e-06
1.40956e-06
8.47263e-06
1.78072e-06
7.46605e-06
2.06382e-06
6.37073e-06
2.24648e-06
5.23083e-06
2.33556e-06
4.07627e-06
2.35282e-06
2.92513e-06
2.31238e-06
1.80907e-06
2.172e-06
7.83657e-07
1.7831e-06
1.4378e-06
1.03677e-06
-2.81967e-06
2.25319e-06
-3.33314e-06
3.55272e-06
-3.92996e-06
4.91488e-06
-4.26871e-06
6.26015e-06
-4.25507e-06
7.50976e-06
-3.94319e-06
8.6004e-06
-3.41188e-06
9.4852e-06
-2.73079e-06
1.01275e-05
-1.94465e-06
1.04984e-05
-1.08362e-06
1.05862e-05
-1.93157e-07
1.04029e-05
6.46724e-07
9.98207e-06
1.39041e-06
9.35399e-06
2.03764e-06
8.55003e-06
2.58468e-06
7.60936e-06
3.0045e-06
6.58113e-06
3.2747e-06
5.50739e-06
3.40931e-06
4.41408e-06
3.44612e-06
3.30966e-06
3.41681e-06
2.19141e-06
3.29026e-06
1.03678e-06
2.93772e-06
2.47458e-06
1.15812e-06
-3.97782e-06
2.37749e-06
-4.55253e-06
3.60702e-06
-5.1595e-06
4.8784e-06
-5.5401e-06
6.13378e-06
-5.51045e-06
7.30902e-06
-5.11843e-06
8.34818e-06
-4.45104e-06
9.20769e-06
-3.5903e-06
9.8506e-06
-2.58755e-06
1.02449e-05
-1.47789e-06
1.03702e-05
-3.1848e-07
1.0236e-05
7.80934e-07
9.87481e-06
1.75159e-06
9.31508e-06
2.59737e-06
8.58053e-06
3.31923e-06
7.7104e-06
3.87462e-06
6.75263e-06
4.23246e-06
5.74739e-06
4.41455e-06
4.71902e-06
4.47448e-06
3.67005e-06
4.46577e-06
2.57222e-06
4.38807e-06
1.33795e-06
4.17198e-06
3.81252e-06
1.29745e-06
-5.27526e-06
2.46945e-06
-5.72452e-06
3.61002e-06
-6.30007e-06
4.78343e-06
-6.71351e-06
5.94674e-06
-6.67376e-06
7.0462e-06
-6.21789e-06
8.03219e-06
-5.43703e-06
8.86512e-06
-4.42323e-06
9.50898e-06
-3.23141e-06
9.92878e-06
-1.89769e-06
1.00969e-05
-4.86648e-07
1.00175e-05
8.60419e-07
9.71647e-06
2.05257e-06
9.2224e-06
3.09144e-06
8.56231e-06
3.97931e-06
7.76898e-06
4.66794e-06
6.8863e-06
5.11513e-06
5.95272e-06
5.34812e-06
4.99105e-06
5.43613e-06
4.00139e-06
5.45542e-06
2.93568e-06
5.45376e-06
1.63362e-06
5.47403e-06
5.44615e-06
1.44124e-06
-6.71649e-06
2.53026e-06
-6.81349e-06
3.57958e-06
-7.34933e-06
4.65949e-06
-7.79337e-06
5.73196e-06
-7.74619e-06
6.7499e-06
-7.23578e-06
7.6752e-06
-6.36229e-06
8.47109e-06
-5.2191e-06
9.10437e-06
-3.86467e-06
9.54204e-06
-2.33536e-06
9.75042e-06
-6.95023e-07
9.72592e-06
8.84911e-07
9.49592e-06
2.28254e-06
9.07602e-06
3.51131e-06
8.48548e-06
4.56981e-06
7.77602e-06
5.37735e-06
6.98345e-06
5.90766e-06
6.13395e-06
6.19757e-06
5.24838e-06
6.32165e-06
4.32824e-06
6.37552e-06
3.3219e-06
6.46006e-06
2.05847e-06
6.73743e-06
7.50459e-06
1.72085e-06
-8.43731e-06
2.74172e-06
-7.83431e-06
3.69342e-06
-8.30095e-06
4.61455e-06
-8.71442e-06
5.53726e-06
-8.66883e-06
6.43974e-06
-8.13819e-06
7.2748e-06
-7.1973e-06
8.007e-06
-5.95124e-06
8.60149e-06
-4.45913e-06
9.03286e-06
-2.76671e-06
9.27714e-06
-9.39301e-07
9.31805e-06
8.43987e-07
9.15965e-06
2.4409e-06
8.82251e-06
3.8484e-06
8.32672e-06
5.06553e-06
7.74234e-06
5.96165e-06
7.07928e-06
6.57064e-06
6.36e-06
6.91676e-06
5.59838e-06
7.08319e-06
4.79852e-06
7.1753e-06
3.90894e-06
7.34957e-06
2.7279e-06
7.9184e-06
1.02325e-05
2.11756e-06
-1.05549e-05
3.05593e-06
-8.77265e-06
3.8219e-06
-9.06689e-06
4.51917e-06
-9.41164e-06
5.25677e-06
-9.40636e-06
5.99177e-06
-8.87312e-06
6.69807e-06
-7.90354e-06
7.333e-06
-6.58613e-06
7.85578e-06
-4.98189e-06
8.24135e-06
-3.15227e-06
8.47724e-06
-1.17519e-06
8.52574e-06
7.95475e-07
8.39166e-06
2.57495e-06
8.13568e-06
4.10435e-06
7.79912e-06
5.40205e-06
7.42314e-06
6.3376e-06
7.04194e-06
6.9518e-06
6.65933e-06
7.29933e-06
6.27473e-06
7.46775e-06
5.89075e-06
7.55925e-06
5.44239e-06
7.79792e-06
4.65332e-06
8.70746e-06
1.48857e-05
6.80935e-07
-6.80933e-07
1.57205e-06
-8.91116e-07
2.12155e-06
-5.49494e-07
1.94013e-06
1.81413e-07
1.01047e-06
9.29658e-07
1.94731e-08
9.90995e-07
-1.17514e-06
1.19461e-06
-3.45122e-06
2.27607e-06
-5.31239e-06
1.86117e-06
-6.31989e-06
1.0075e-06
-6.41602e-06
9.61273e-08
-6.15794e-06
-2.58076e-07
-7.55135e-06
1.39341e-06
-8.49992e-06
9.48565e-07
-7.1767e-06
-1.32322e-06
-5.38696e-06
-1.78975e-06
-3.12835e-06
-2.25862e-06
-6.47321e-07
-2.48104e-06
-6.47323e-07
1.31557e-06
-1.99648e-06
2.35326e-06
-1.92879e-06
2.7415e-06
-9.37732e-07
2.75392e-06
1.68997e-07
2.44243e-06
1.24114e-06
8.96089e-07
2.53732e-06
-1.15134e-06
3.24203e-06
-2.48807e-06
3.61278e-06
-3.87002e-06
3.24311e-06
-5.17363e-06
2.31108e-06
-6.22043e-06
1.14291e-06
-6.89044e-06
4.11932e-07
-6.96654e-06
1.4695e-06
-6.70797e-06
6.89999e-07
-6.28658e-06
-1.74461e-06
-5.10899e-06
-2.96735e-06
-3.40766e-06
-3.95994e-06
-1.3386e-06
-4.55009e-06
-1.98592e-06
1.24655e-06
-3.24303e-06
2.49342e-06
-3.17566e-06
2.93891e-06
-1.38322e-06
3.53565e-06
-4.27753e-07
3.67183e-06
1.10496e-06
1.90736e-06
4.30179e-06
-1.51452e-07
5.30083e-06
-1.33455e-06
4.79586e-06
-2.57722e-06
4.48576e-06
-4.37035e-06
4.1042e-06
-6.10876e-06
2.8813e-06
-7.09193e-06
1.39509e-06
-6.78888e-06
1.16646e-06
-6.31924e-06
2.20354e-07
-5.73774e-06
-2.3261e-06
-4.66402e-06
-4.04107e-06
-3.36534e-06
-5.25862e-06
-2.27347e-06
-5.64195e-06
-4.25939e-06
1.15925e-06
-4.40225e-06
2.06311e-06
-4.07952e-06
2.70359e-06
-2.02368e-06
3.29377e-06
-1.01793e-06
3.68337e-06
7.15366e-07
2.80504e-06
5.18011e-06
1.48035e-06
6.62553e-06
5.43813e-07
5.7324e-06
-3.42424e-07
5.37198e-06
-3.06954e-06
6.83129e-06
-5.46965e-06
5.28138e-06
-7.03265e-06
2.95805e-06
-6.68505e-06
8.18831e-07
-5.90615e-06
-5.58536e-07
-5.18133e-06
-3.05091e-06
-4.12821e-06
-5.09416e-06
-2.671e-06
-6.7158e-06
-1.97912e-06
-6.3338e-06
-6.23848e-06
1.78455e-06
-6.18679e-06
1.98046e-06
-4.27542e-06
2.47183e-06
-2.51505e-06
2.12757e-06
-6.73673e-07
2.18473e-06
6.58206e-07
2.53681e-06
4.82805e-06
2.56337e-06
6.59898e-06
2.3889e-06
5.90688e-06
2.39902e-06
5.36188e-06
1.74466e-07
9.05584e-06
-2.4582e-06
7.91402e-06
-5.63827e-06
6.1381e-06
-6.07673e-06
1.25727e-06
-5.32837e-06
-1.30691e-06
-4.77983e-06
-3.59943e-06
-3.47542e-06
-6.39854e-06
-1.67463e-06
-8.51655e-06
4.08711e-07
-8.4171e-06
-5.82976e-06
2.84576e-06
-9.03255e-06
2.59829e-06
-4.02793e-06
2.35714e-06
-2.27389e-06
1.5474e-06
1.36074e-07
1.17557e-06
1.03004e-06
1.81919e-06
4.18444e-06
2.55148e-06
5.86671e-06
2.61847e-06
5.8399e-06
2.40779e-06
5.57258e-06
1.7187e-06
9.74496e-06
7.21245e-07
8.91149e-06
-1.25219e-06
8.11152e-06
-4.46727e-06
4.47234e-06
-4.68497e-06
-1.0892e-06
-4.67679e-06
-3.60759e-06
-3.24326e-06
-7.83205e-06
-1.34916e-06
-1.04106e-05
3.11479e-06
-1.28811e-05
-2.71497e-06
4.06557e-06
-1.30981e-05
3.66968e-06
-3.63204e-06
2.64617e-06
-1.25037e-06
1.76552e-06
1.01672e-06
9.25899e-07
1.86967e-06
1.29422e-06
3.81612e-06
1.91889e-06
5.24204e-06
2.04865e-06
5.71016e-06
1.55564e-06
6.06559e-06
1.74998e-06
9.55065e-06
1.53819e-06
9.12332e-06
1.4636e-06
8.18615e-06
-6.30454e-07
6.56641e-06
-3.32309e-06
1.60344e-06
-3.85951e-06
-3.07117e-06
-3.26643e-06
-8.42513e-06
-1.63351e-06
-1.20436e-05
9.12225e-07
-1.54268e-05
-1.80279e-06
5.15421e-06
-1.82523e-05
4.61828e-06
-3.09611e-06
3.37165e-06
-3.73903e-09
2.29746e-06
2.09092e-06
1.19914e-06
2.96799e-06
7.89868e-07
4.22539e-06
9.92322e-07
5.03959e-06
1.18635e-06
5.51613e-06
9.09275e-07
6.34268e-06
1.29141e-06
9.16853e-06
1.40293e-06
9.01182e-06
1.3008e-06
8.28832e-06
5.74219e-07
7.29301e-06
-1.14516e-06
3.32283e-06
-2.16187e-06
-2.05449e-06
-2.37567e-06
-8.21135e-06
-1.67811e-06
-1.27412e-05
-5.08904e-07
-1.65961e-05
-2.31172e-06
3.22283e-06
-1.37777e-05
5.51373e-06
-1.10636e-05
6.67713e-06
-1.02303e-05
7.27546e-06
-1.001e-05
7.70613e-06
-9.83701e-06
8.20122e-06
-9.36818e-06
8.76679e-06
-8.46909e-06
9.34948e-06
-7.1688e-06
9.93407e-06
-5.56647e-06
1.05005e-05
-3.71873e-06
1.1046e-05
-1.72068e-06
1.15547e-05
2.86813e-07
1.20023e-05
2.12734e-06
1.24235e-05
3.68306e-06
1.2918e-05
4.90758e-06
1.34248e-05
5.83087e-06
1.39349e-05
6.44172e-06
1.44189e-05
6.81537e-06
1.48494e-05
7.03735e-06
1.52902e-05
7.11848e-06
1.57074e-05
7.38075e-06
1.63432e-05
8.07175e-06
9.18369e-06
2.20453e-05
-1.20883e-07
-1.36568e-05
1.63574e-07
-1.13481e-05
-9.34397e-08
-9.97338e-06
-5.86132e-07
-9.51735e-06
-9.93818e-07
-9.42943e-06
-1.09167e-06
-9.27043e-06
-8.93562e-07
-8.66729e-06
-4.2682e-07
-7.63562e-06
3.0074e-07
-6.29408e-06
1.26258e-06
-4.68059e-06
2.42387e-06
-2.88198e-06
3.71698e-06
-1.00629e-06
5.05003e-06
7.94313e-07
6.42592e-06
2.30721e-06
7.8478e-06
3.48573e-06
9.23972e-06
4.439e-06
1.05715e-05
5.10998e-06
1.18263e-05
5.56061e-06
1.28662e-05
5.99754e-06
1.3901e-05
6.08365e-06
1.47994e-05
6.48239e-06
1.59962e-05
6.875e-06
6.61421e-06
1.85657e-05
-2.50717e-06
-1.11497e-05
-4.67531e-06
-9.17997e-06
-6.5678e-06
-8.08092e-06
-8.12775e-06
-7.95746e-06
-9.13408e-06
-8.42316e-06
-9.50979e-06
-8.89478e-06
-9.39217e-06
-8.78497e-06
-8.88275e-06
-8.14508e-06
-7.97317e-06
-7.2037e-06
-6.75135e-06
-5.90243e-06
-5.26451e-06
-4.36882e-06
-3.57946e-06
-2.69134e-06
-1.81747e-06
-9.67683e-07
-1.35116e-08
5.03257e-07
1.85774e-06
1.61449e-06
3.63642e-06
2.66032e-06
5.23811e-06
3.50828e-06
6.6861e-06
4.11262e-06
7.94381e-06
4.73982e-06
9.08145e-06
4.946e-06
1.00824e-05
5.4814e-06
1.08833e-05
6.07415e-06
6.15155e-06
1.13459e-05
-4.52369e-06
-6.62594e-06
-8.69182e-06
-5.01182e-06
-1.21765e-05
-4.59627e-06
-1.47922e-05
-5.34169e-06
-1.64726e-05
-6.74283e-06
-1.71658e-05
-8.20163e-06
-1.72496e-05
-8.70118e-06
-1.68042e-05
-8.59046e-06
-1.5836e-05
-8.1719e-06
-1.45667e-05
-7.17177e-06
-1.30357e-05
-5.89975e-06
-1.13303e-05
-4.39676e-06
-9.52987e-06
-2.76813e-06
-7.65271e-06
-1.37392e-06
-5.71629e-06
-3.21948e-07
-3.88574e-06
8.29744e-07
-2.33124e-06
1.95376e-06
-7.95575e-07
2.57692e-06
7.43063e-07
3.20116e-06
1.94046e-06
3.74858e-06
3.04952e-06
4.37232e-06
3.69363e-06
5.43002e-06
5.87536e-06
3.96981e-06
-6.84556e-06
2.19646e-07
-1.33344e-05
1.47704e-06
-1.8212e-05
2.81413e-07
-2.16004e-05
-1.95332e-06
-2.37649e-05
-4.57826e-06
-2.49956e-05
-6.97093e-06
-2.56486e-05
-8.04818e-06
-2.55493e-05
-8.68978e-06
-2.47601e-05
-8.96109e-06
-2.36204e-05
-8.31146e-06
-2.23232e-05
-7.19699e-06
-2.08285e-05
-5.89143e-06
-1.8973e-05
-4.62372e-06
-1.6954e-05
-3.39292e-06
-1.49504e-05
-2.32555e-06
-1.30188e-05
-1.10192e-06
-1.11134e-05
4.83373e-08
-9.19216e-06
6.55713e-07
-7.31081e-06
1.31979e-06
-5.61012e-06
2.04788e-06
-4.08335e-06
2.84554e-06
-2.46552e-06
3.81219e-06
4.03642e-06
-6.26581e-07
-1.16759e-05
1.18956e-05
-2.02181e-05
1.00193e-05
-2.62254e-05
6.28881e-06
-3.01831e-05
2.00441e-06
-3.26605e-05
-2.10086e-06
-3.44803e-05
-5.1511e-06
-3.55938e-05
-6.93471e-06
-3.57123e-05
-8.57128e-06
-3.50129e-05
-9.66045e-06
-3.37965e-05
-9.52788e-06
-3.23245e-05
-8.66905e-06
-3.05206e-05
-7.69539e-06
-2.82812e-05
-6.86314e-06
-2.57904e-05
-5.8837e-06
-2.32799e-05
-4.83606e-06
-2.07002e-05
-3.68168e-06
-1.80351e-05
-2.6168e-06
-1.55866e-05
-1.79279e-06
-1.33099e-05
-9.56894e-07
-1.11389e-05
-1.23106e-07
-9.01863e-06
7.25271e-07
-6.68631e-06
1.47987e-06
1.64975e-06
-4.29963e-06
-1.55629e-05
2.74586e-05
-2.57235e-05
2.01799e-05
-3.3192e-05
1.37572e-05
-3.80788e-05
6.89115e-06
-4.10567e-05
8.77017e-07
-4.3107e-05
-3.10074e-06
-4.40199e-05
-6.0218e-06
-4.37822e-05
-8.80901e-06
-4.26899e-05
-1.07528e-05
-4.10721e-05
-1.11457e-05
-3.91064e-05
-1.06348e-05
-3.68215e-05
-9.98026e-06
-3.43271e-05
-9.35756e-06
-3.15839e-05
-8.627e-06
-2.87051e-05
-7.71484e-06
-2.57374e-05
-6.6493e-06
-2.27931e-05
-5.56116e-06
-2.00408e-05
-4.54505e-06
-1.7419e-05
-3.57873e-06
-1.48524e-05
-2.68973e-06
-1.22756e-05
-1.85144e-06
-9.66827e-06
-1.1275e-06
-8.09904e-07
-7.20862e-06
-1.17327e-05
3.9191e-05
-2.44094e-05
3.28559e-05
-3.46808e-05
2.40282e-05
-4.10937e-05
1.33038e-05
-4.47181e-05
4.50128e-06
-4.7188e-05
-6.30878e-07
-4.85905e-05
-4.61937e-06
-4.84437e-05
-8.95584e-06
-4.70592e-05
-1.21374e-05
-4.51428e-05
-1.3062e-05
-4.30227e-05
-1.27547e-05
-4.06465e-05
-1.23564e-05
-3.79946e-05
-1.20094e-05
-3.50778e-05
-1.15437e-05
-3.2025e-05
-1.07676e-05
-2.8907e-05
-9.76729e-06
-2.58106e-05
-8.65751e-06
-2.28377e-05
-7.51788e-06
-1.99962e-05
-6.42018e-06
-1.71703e-05
-5.51557e-06
-1.43156e-05
-4.70612e-06
-1.15315e-05
-3.91161e-06
-3.42791e-06
-8.91345e-06
-3.49134e-06
4.26813e-05
-1.46692e-05
4.4032e-05
-2.83307e-05
3.76879e-05
-3.67693e-05
2.17414e-05
-4.2699e-05
1.04304e-05
-4.7504e-05
4.17395e-06
-5.01609e-05
-1.96249e-06
-5.03455e-05
-8.77127e-06
-4.89443e-05
-1.35385e-05
-4.69885e-05
-1.50178e-05
-4.47452e-05
-1.4998e-05
-4.23558e-05
-1.47458e-05
-3.97372e-05
-1.46278e-05
-3.68475e-05
-1.44331e-05
-3.38004e-05
-1.38145e-05
-3.06778e-05
-1.28897e-05
-2.75202e-05
-1.18149e-05
-2.44389e-05
-1.05989e-05
-2.15008e-05
-9.35816e-06
-1.85409e-05
-8.47532e-06
-1.55627e-05
-7.68411e-06
-1.28051e-05
-6.66904e-06
-5.94119e-06
-1.02919e-05
-1.82067e-05
6.08767e-05
-1.16029e-05
3.74239e-05
-1.70734e-05
4.31561e-05
-2.55942e-05
3.02607e-05
-3.4517e-05
1.93524e-05
-4.11287e-05
1.07853e-05
-4.50279e-05
1.93648e-06
-4.71788e-05
-6.62056e-06
-4.81624e-05
-1.25548e-05
-4.72881e-05
-1.58918e-05
-4.50285e-05
-1.7257e-05
-4.27578e-05
-1.70154e-05
-4.03055e-05
-1.70794e-05
-3.75827e-05
-1.71553e-05
-3.48114e-05
-1.65853e-05
-3.17864e-05
-1.59141e-05
-2.85924e-05
-1.50084e-05
-2.54178e-05
-1.37731e-05
-2.24247e-05
-1.23508e-05
-1.95683e-05
-1.13312e-05
-1.63432e-05
-1.09088e-05
-1.32811e-05
-9.73067e-06
-8.68074e-06
-1.05406e-05
1.51012e-05
4.57717e-05
1.01509e-05
4.2373e-05
4.42536e-06
4.88814e-05
-2.83074e-06
3.75167e-05
-1.01944e-05
2.67158e-05
-1.60653e-05
1.66558e-05
-2.05725e-05
6.44347e-06
-2.40672e-05
-3.12596e-06
-2.61268e-05
-1.04952e-05
-2.72474e-05
-1.47708e-05
-2.93539e-05
-1.515e-05
-3.27618e-05
-1.3607e-05
-3.60106e-05
-1.38297e-05
-3.69305e-05
-1.62345e-05
-3.49523e-05
-1.85627e-05
-3.20229e-05
-1.88429e-05
-2.89586e-05
-1.80719e-05
-2.5809e-05
-1.6922e-05
-2.25185e-05
-1.56406e-05
-1.99159e-05
-1.39331e-05
-1.99537e-05
-1.08702e-05
-2.12997e-05
-8.38336e-06
-6.71447e-06
-2.32662e-05
2.31614e-05
2.26174e-05
1.14144e-05
5.41224e-05
7.76818e-06
5.25293e-05
4.04789e-06
4.12378e-05
2.87562e-07
3.04764e-05
-3.25747e-06
2.02009e-05
-6.77356e-06
9.95951e-06
-1.04966e-05
5.97032e-07
-1.42136e-05
-6.77843e-06
-1.76969e-05
-1.12878e-05
-2.06905e-05
-1.21568e-05
-2.39257e-05
-1.03728e-05
-2.61638e-05
-1.1592e-05
-2.76513e-05
-1.47473e-05
-2.80656e-05
-1.81485e-05
-2.76655e-05
-1.92429e-05
-2.68351e-05
-1.89023e-05
-2.58863e-05
-1.78709e-05
-2.51136e-05
-1.64133e-05
-2.47774e-05
-1.42692e-05
-2.52728e-05
-1.03747e-05
-2.59335e-05
-7.72322e-06
-5.76982e-06
-2.68793e-05
-7.8947e-06
3.05146e-05
-2.14887e-06
4.83779e-05
3.10698e-06
4.72743e-05
5.03093e-06
3.93144e-05
5.09876e-06
3.04088e-05
3.78113e-06
2.15186e-05
1.05262e-06
1.2688e-05
-2.83903e-06
4.48858e-06
-7.12081e-06
-2.49688e-06
-1.1429e-05
-6.97995e-06
-1.49243e-05
-8.6619e-06
-1.65175e-05
-8.78013e-06
-1.83855e-05
-9.72496e-06
-1.98829e-05
-1.32508e-05
-2.18262e-05
-1.6206e-05
-2.34623e-05
-1.76075e-05
-2.46332e-05
-1.77322e-05
-2.55648e-05
-1.694e-05
-2.63694e-05
-1.56094e-05
-2.70604e-05
-1.35786e-05
-2.69891e-05
-1.04468e-05
-2.73395e-05
-7.37364e-06
-6.34307e-06
-2.67675e-05
-5.12045e-06
3.56365e-05
-2.81521e-07
4.35401e-05
5.05229e-06
4.19412e-05
8.13481e-06
3.62323e-05
9.23591e-06
2.93079e-05
8.68265e-06
2.20719e-05
6.585e-06
1.47856e-05
3.23326e-06
7.84019e-06
-6.55026e-07
1.3912e-06
-4.59826e-06
-3.03702e-06
-7.79561e-06
-5.46494e-06
-9.91577e-06
-6.66043e-06
-1.14159e-05
-8.22533e-06
-1.35693e-05
-1.10979e-05
-1.61343e-05
-1.36415e-05
-1.86259e-05
-1.51164e-05
-2.08208e-05
-1.55379e-05
-2.26611e-05
-1.51002e-05
-2.42625e-05
-1.40084e-05
-2.55848e-05
-1.22566e-05
-2.6178e-05
-9.85387e-06
-2.59346e-05
-7.61778e-06
-6.33001e-06
-2.59489e-05
-9.40046e-07
3.65774e-05
3.24152e-06
3.93592e-05
7.70118e-06
3.7482e-05
1.07022e-05
3.32315e-05
1.20892e-05
2.7921e-05
1.20065e-05
2.21547e-05
1.05782e-05
1.62138e-05
8.06809e-06
1.03502e-05
4.75035e-06
4.70877e-06
1.41196e-06
3.01137e-07
-1.50546e-06
-2.54779e-06
-3.80627e-06
-4.35991e-06
-5.86901e-06
-6.16291e-06
-8.33364e-06
-8.63357e-06
-1.1125e-05
-1.08505e-05
-1.39257e-05
-1.23161e-05
-1.65298e-05
-1.29341e-05
-1.88364e-05
-1.2794e-05
-2.08193e-05
-1.20257e-05
-2.23863e-05
-1.06897e-05
-2.33086e-05
-8.93188e-06
-2.36282e-05
-7.29859e-06
-6.22463e-06
-2.37348e-05
1.43127e-06
3.51463e-05
5.35896e-06
3.54316e-05
9.21446e-06
3.36266e-05
1.19939e-05
3.04521e-05
1.3516e-05
2.6399e-05
1.38414e-05
2.18292e-05
1.30736e-05
1.69816e-05
1.13664e-05
1.20573e-05
8.7928e-06
7.28224e-06
5.93348e-06
3.16031e-06
3.21168e-06
1.7385e-07
7.95219e-07
-1.94362e-06
-1.43973e-06
-3.92813e-06
-3.94998e-06
-6.12351e-06
-6.70408e-06
-8.09662e-06
-9.50736e-06
-9.51306e-06
-1.21781e-05
-1.02636e-05
-1.45932e-05
-1.03791e-05
-1.6678e-05
-9.94109e-06
-1.83375e-05
-9.03025e-06
-1.94491e-05
-7.82044e-06
-2.00374e-05
-6.71064e-06
-5.92715e-06
-2.0336e-05
2.49615e-06
3.26502e-05
6.06363e-06
3.18642e-05
9.42739e-06
3.02628e-05
1.20028e-05
2.78767e-05
1.36262e-05
2.47754e-05
1.42993e-05
2.11561e-05
1.40748e-05
1.72061e-05
1.30234e-05
1.31085e-05
1.12333e-05
9.0723e-06
8.92594e-06
5.46754e-06
6.51423e-06
2.58545e-06
4.25472e-06
3.15783e-07
2.06418e-06
-1.73769e-06
-3.05564e-07
-3.75386e-06
-2.86665e-06
-5.53564e-06
-5.48709e-06
-6.89274e-06
-8.01433e-06
-7.73654e-06
-1.03296e-05
-8.064e-06
-1.23455e-05
-7.92527e-06
-1.39734e-05
-7.40227e-06
-1.51434e-05
-6.65052e-06
-1.58827e-05
-5.97167e-06
-5.49838e-06
-1.63125e-05
2.69351e-06
2.99564e-05
5.81715e-06
2.87404e-05
8.73329e-06
2.73466e-05
1.11029e-05
2.5507e-05
1.27754e-05
2.31029e-05
1.37059e-05
2.02255e-05
1.38972e-05
1.70147e-05
1.33765e-05
1.36291e-05
1.21942e-05
1.02546e-05
1.05197e-05
7.14193e-06
8.62164e-06
4.48343e-06
6.69526e-06
2.2421e-06
4.72705e-06
2.30468e-07
2.61141e-06
-1.63827e-06
3.48973e-07
-3.27327e-06
-1.97122e-06
-4.57262e-06
-4.23189e-06
-5.47596e-06
-6.32558e-06
-5.97041e-06
-8.16656e-06
-6.08433e-06
-9.68307e-06
-5.88561e-06
-1.08269e-05
-5.50669e-06
-1.16143e-05
-5.18452e-06
-4.98243e-06
-1.21312e-05
2.41638e-06
2.754e-05
5.0568e-06
2.60998e-05
7.55948e-06
2.48438e-05
9.70978e-06
2.33566e-05
1.1369e-05
2.14436e-05
1.24637e-05
1.91307e-05
1.2963e-05
1.65153e-05
1.28669e-05
1.3725e-05
1.22104e-05
1.0911e-05
1.11065e-05
8.24582e-06
9.73121e-06
5.85862e-06
8.21805e-06
3.75522e-06
6.5873e-06
1.86117e-06
4.81143e-06
1.37567e-07
2.91252e-06
-1.3744e-06
9.58352e-07
-2.61849e-06
-9.64759e-07
-3.55292e-06
-2.77027e-06
-4.16497e-06
-4.37989e-06
-4.47473e-06
-5.72944e-06
-4.5359e-06
-6.78543e-06
-4.45066e-06
-7.5575e-06
-4.41268e-06
-4.44408e-06
-8.09676e-06
1.96832e-06
2.55713e-05
4.13134e-06
2.39366e-05
6.24915e-06
2.27259e-05
8.16552e-06
2.14402e-05
9.75365e-06
1.98554e-05
1.09274e-05
1.79569e-05
1.16369e-05
1.58058e-05
1.18648e-05
1.34971e-05
1.16306e-05
1.11452e-05
1.10055e-05
8.87082e-06
1.00992e-05
6.76488e-06
9.0028e-06
4.85156e-06
7.75278e-06
3.11116e-06
6.35734e-06
1.53297e-06
4.84669e-06
1.36228e-07
3.27479e-06
-1.04664e-06
1.71016e-06
-1.98834e-06
2.24221e-07
-2.6791e-06
-1.11866e-06
-3.13185e-06
-2.27106e-06
-3.38334e-06
-3.20408e-06
-3.51761e-06
-3.91312e-06
-3.70379e-06
-3.92198e-06
-4.43612e-06
1.52203e-06
2.40492e-05
3.25387e-06
2.22046e-05
5.02016e-06
2.09595e-05
6.69758e-06
1.97627e-05
8.17203e-06
1.83809e-05
9.35551e-06
1.67734e-05
1.01897e-05
1.49716e-05
1.06463e-05
1.30404e-05
1.07302e-05
1.10613e-05
1.04824e-05
9.11855e-06
9.96976e-06
7.27749e-06
9.25362e-06
5.56766e-06
8.37192e-06
3.99283e-06
7.34891e-06
2.55595e-06
6.21506e-06
1.27005e-06
5.01411e-06
1.54267e-07
3.79903e-06
-7.73306e-07
2.6256e-06
-1.50573e-06
1.54512e-06
-2.05138e-06
6.0298e-07
-2.44102e-06
-1.79687e-07
-2.73489e-06
-8.13319e-07
-3.07032e-06
-3.46252e-06
-1.2736e-06
1.1486e-06
2.29003e-05
2.52095e-06
2.08322e-05
3.98222e-06
1.94981e-05
5.43159e-06
1.83132e-05
6.7695e-06
1.70429e-05
7.91319e-06
1.56296e-05
8.80315e-06
1.40816e-05
9.40549e-06
1.2438e-05
9.71352e-06
1.07532e-05
9.74756e-06
9.08447e-06
9.54652e-06
7.4785e-06
9.15148e-06
5.96267e-06
8.59506e-06
4.54922e-06
7.90429e-06
3.2467e-06
7.10808e-06
2.06623e-06
6.24208e-06
1.02023e-06
5.34734e-06
1.21391e-07
4.46595e-06
-6.2439e-07
3.63982e-06
-1.22523e-06
2.90211e-06
-1.70314e-06
2.27837e-06
-2.11109e-06
1.78191e-06
-2.57396e-06
-3.0497e-06
1.36831e-06
8.70997e-07
2.20294e-05
1.96407e-06
1.97391e-05
3.17478e-06
1.82874e-05
4.42082e-06
1.70672e-05
5.61766e-06
1.5846e-05
6.69168e-06
1.45556e-05
7.58692e-06
1.31863e-05
8.26798e-06
1.17569e-05
8.72108e-06
1.03001e-05
8.95284e-06
8.85267e-06
8.98455e-06
7.44675e-06
8.84283e-06
6.10436e-06
8.55312e-06
4.8389e-06
8.13955e-06
3.66024e-06
7.62765e-06
2.5781e-06
7.04594e-06
1.60192e-06
6.42735e-06
7.39939e-07
5.80287e-06
5.08099e-11
5.20355e-06
-6.25902e-07
4.65772e-06
-1.15714e-06
4.18406e-06
-1.63736e-06
3.7898e-06
-2.17981e-06
-2.72487e-06
3.46424e-06
6.85995e-07
2.13432e-05
1.57935e-06
1.88456e-05
2.59767e-06
1.7269e-05
3.67398e-06
1.59908e-05
4.73865e-06
1.47813e-05
5.72918e-06
1.3565e-05
6.59601e-06
1.23194e-05
7.30545e-06
1.10474e-05
7.84049e-06
9.76501e-06
8.19971e-06
8.49343e-06
8.39345e-06
7.25299e-06
8.43829e-06
6.0595e-06
8.35287e-06
4.9243e-06
8.15677e-06
3.85632e-06
7.87106e-06
2.8638e-06
7.51867e-06
1.95428e-06
7.12453e-06
1.13405e-06
6.71304e-06
4.11512e-07
6.30718e-06
-2.20031e-07
5.92658e-06
-7.7637e-07
5.58751e-06
-1.29823e-06
5.29812e-06
-1.89053e-06
-2.46787e-06
5.04042e-06
5.8478e-07
2.07586e-05
1.34955e-06
1.80809e-05
2.23066e-06
1.63879e-05
3.17398e-06
1.50475e-05
4.12357e-06
1.38317e-05
5.0284e-06
1.26602e-05
5.84685e-06
1.15009e-05
6.54918e-06
1.03451e-05
7.11825e-06
9.19593e-06
7.5487e-06
8.06295e-06
7.84458e-06
6.95709e-06
8.01589e-06
5.88818e-06
8.07581e-06
4.86436e-06
8.03945e-06
3.89267e-06
7.92345e-06
2.97978e-06
7.7458e-06
2.13191e-06
7.52544e-06
1.35438e-06
7.28108e-06
6.55844e-07
7.02862e-06
3.24358e-08
6.78476e-06
-5.32355e-07
6.55898e-06
-1.07241e-06
6.35635e-06
-1.68799e-06
-2.28465e-06
6.17246e-06
5.52072e-07
2.02064e-05
1.25041e-06
1.73825e-05
2.04421e-06
1.55941e-05
2.89033e-06
1.42014e-05
3.74541e-06
1.29766e-05
4.56962e-06
1.1836e-05
5.32986e-06
1.07407e-05
6.00173e-06
9.67318e-06
6.57012e-06
8.62752e-06
7.02874e-06
7.60433e-06
7.37852e-06
6.60729e-06
7.62558e-06
5.64111e-06
7.77926e-06
4.71067e-06
7.85099e-06
3.82093e-06
7.85368e-06
2.97709e-06
7.8012e-06
2.18438e-06
7.70774e-06
1.44783e-06
7.58695e-06
7.76601e-07
7.45173e-06
1.67667e-07
7.3119e-06
-3.92386e-07
7.17623e-06
-9.3668e-07
7.04854e-06
-1.56041e-06
-2.15331e-06
6.9166e-06
5.75537e-07
1.96311e-05
1.25769e-06
1.67005e-05
2.00537e-06
1.48465e-05
2.78598e-06
1.34208e-05
3.56726e-06
1.21954e-05
4.31972e-06
1.10835e-05
5.0188e-06
1.00416e-05
5.64612e-06
9.04585e-06
6.19002e-06
8.08361e-06
6.64523e-06
7.14911e-06
7.01187e-06
6.24064e-06
7.29415e-06
5.35883e-06
7.49907e-06
4.50575e-06
7.63546e-06
3.68454e-06
7.71334e-06
2.89921e-06
7.74336e-06
2.15435e-06
7.73626e-06
1.4549e-06
7.70141e-06
8.11432e-07
7.64818e-06
2.20915e-07
7.58547e-06
-3.29548e-07
7.51702e-06
-8.6819e-07
7.4433e-06
-1.48675e-06
-2.07334e-06
7.36277e-06
6.41973e-07
1.89891e-05
1.34608e-06
1.59964e-05
2.08048e-06
1.41121e-05
2.82179e-06
1.26795e-05
3.54782e-06
1.14693e-05
4.23863e-06
1.03927e-05
4.87777e-06
9.40247e-06
5.45312e-06
8.4705e-06
5.95722e-06
7.57951e-06
6.38707e-06
6.71926e-06
6.74348e-06
5.88423e-06
7.03023e-06
5.07208e-06
7.25318e-06
4.2828e-06
7.41957e-06
3.51814e-06
7.53746e-06
2.78132e-06
7.61518e-06
2.07663e-06
7.66068e-06
1.40939e-06
7.68033e-06
7.91759e-07
7.68239e-06
2.18876e-07
7.67097e-06
-3.18004e-07
7.64973e-06
-8.46899e-07
7.61766e-06
-1.45481e-06
-2.01771e-06
7.56153e-06
7.39828e-07
1.82494e-05
1.49244e-06
1.52439e-05
2.23707e-06
1.33675e-05
2.95907e-06
1.19575e-05
3.64517e-06
1.07833e-05
4.28398e-06
9.7539e-06
4.86659e-06
8.81987e-06
5.38703e-06
7.95006e-06
5.84238e-06
7.12416e-06
6.23258e-06
6.32906e-06
6.56007e-06
5.55675e-06
6.82917e-06
4.80299e-06
7.04556e-06
4.06641e-06
7.21576e-06
3.34795e-06
7.34663e-06
2.65045e-06
7.44489e-06
1.97837e-06
7.51669e-06
1.33759e-06
7.56635e-06
7.42084e-07
7.59973e-06
1.85518e-07
7.62136e-06
-3.39517e-07
7.63066e-06
-8.56178e-07
7.62384e-06
-1.44801e-06
-1.9899e-06
7.59554e-06
8.56214e-07
1.73932e-05
1.67477e-06
1.44254e-05
2.44572e-06
1.25966e-05
3.16254e-06
1.12407e-05
3.82019e-06
1.01256e-05
4.41505e-06
9.15905e-06
4.94521e-06
8.28972e-06
5.41051e-06
7.48476e-06
5.81257e-06
6.7221e-06
6.15461e-06
5.98702e-06
6.44115e-06
5.27022e-06
6.67769e-06
4.56645e-06
6.87038e-06
3.87374e-06
7.02561e-06
3.19274e-06
7.14976e-06
2.52631e-06
7.24883e-06
1.87931e-06
7.32632e-06
1.2601e-06
7.3877e-06
6.80703e-07
7.43698e-06
1.36271e-07
7.47481e-06
-3.77232e-07
7.50199e-06
-8.83284e-07
7.51417e-06
-1.46028e-06
-1.97165e-06
7.49556e-06
9.82619e-07
1.64109e-05
1.87627e-06
1.35319e-05
2.6823e-06
1.17907e-05
3.4025e-06
1.05206e-05
4.03924e-06
9.48892e-06
4.596e-06
8.60232e-06
5.07728e-06
7.80846e-06
5.48842e-06
7.07363e-06
5.83544e-06
6.3751e-06
6.12481e-06
5.69766e-06
6.36337e-06
5.03167e-06
6.55806e-06
4.37178e-06
6.71584e-06
3.71598e-06
6.84345e-06
3.06514e-06
6.94721e-06
2.42256e-06
7.03268e-06
1.79385e-06
7.10308e-06
1.18971e-06
7.16309e-06
6.20698e-07
7.2146e-06
8.48016e-08
7.25908e-06
-4.21597e-07
7.29375e-06
-9.17917e-07
7.31213e-06
-1.47862e-06
-1.96705e-06
7.30718e-06
1.11242e-06
1.52985e-05
2.08475e-06
1.25596e-05
2.92983e-06
1.09457e-05
3.6573e-06
9.79316e-06
4.27671e-06
8.86955e-06
4.79834e-06
8.08071e-06
5.23284e-06
7.37397e-06
5.59078e-06
6.71571e-06
5.88231e-06
6.08358e-06
6.11705e-06
5.46293e-06
6.30401e-06
4.84473e-06
6.45163e-06
4.22417e-06
6.5678e-06
3.59984e-06
6.65984e-06
2.97313e-06
6.73438e-06
2.34803e-06
6.79711e-06
1.73114e-06
6.85132e-06
1.13552e-06
6.90118e-06
5.70846e-07
6.94825e-06
3.77755e-08
6.99054e-06
-4.63782e-07
7.02541e-06
-9.52717e-07
7.04509e-06
-1.4984e-06
-1.95659e-06
7.03433e-06
1.24411e-06
1.40546e-05
2.2958e-06
1.15081e-05
3.18003e-06
1.00615e-05
3.91453e-06
9.05873e-06
4.51613e-06
8.26799e-06
5.00224e-06
7.59463e-06
5.3898e-06
6.98644e-06
5.69446e-06
6.41106e-06
5.9303e-06
5.84776e-06
6.10971e-06
5.28354e-06
6.24361e-06
4.71085e-06
6.34168e-06
4.12613e-06
6.41264e-06
3.5289e-06
6.46446e-06
2.92134e-06
6.50433e-06
2.30818e-06
6.53847e-06
1.69703e-06
6.57099e-06
1.10301e-06
6.60559e-06
5.36267e-07
6.64209e-06
1.3089e-09
6.67886e-06
-5.00463e-07
6.70912e-06
-9.82979e-07
6.7222e-06
-1.51147e-06
-1.94723e-06
6.71253e-06
1.3798e-06
1.26749e-05
2.51268e-06
1.03753e-05
3.43455e-06
9.13974e-06
4.17182e-06
8.32153e-06
4.7505e-06
7.68935e-06
5.19659e-06
7.14856e-06
5.53403e-06
6.64903e-06
5.78368e-06
6.16144e-06
5.96313e-06
5.66833e-06
6.08704e-06
5.15965e-06
6.16764e-06
4.63027e-06
6.21539e-06
4.07841e-06
6.2395e-06
3.50481e-06
6.24846e-06
2.9124e-06
6.25022e-06
2.30645e-06
6.25201e-06
1.69527e-06
6.2592e-06
1.09584e-06
6.27537e-06
5.20113e-07
6.30012e-06
-2.34035e-08
6.32803e-06
-5.28307e-07
6.35173e-06
-1.00664e-06
6.35865e-06
-1.51848e-06
-1.92912e-06
6.3403e-06
1.52934e-06
1.11458e-05
2.74945e-06
9.15533e-06
3.70524e-06
8.18405e-06
4.43573e-06
7.5911e-06
4.98057e-06
7.14456e-06
5.37733e-06
6.75184e-06
5.65819e-06
6.3682e-06
5.84923e-06
5.97043e-06
5.971e-06
5.54659e-06
6.0395e-06
5.09117e-06
6.06743e-06
4.60238e-06
6.06516e-06
4.0807e-06
6.04189e-06
3.52812e-06
6.00633e-06
2.94799e-06
5.96732e-06
2.3455e-06
5.93361e-06
1.72901e-06
5.91295e-06
1.11651e-06
5.90928e-06
5.23809e-07
5.92034e-06
-3.44404e-08
5.9396e-06
-5.47518e-07
5.9557e-06
-1.02274e-06
5.95317e-06
-1.51598e-06
-1.90889e-06
5.93272e-06
1.71019e-06
9.43572e-06
3.03061e-06
7.83501e-06
4.01285e-06
7.2019e-06
4.71892e-06
6.8851e-06
5.21143e-06
6.6521e-06
5.54428e-06
6.41904e-06
5.75917e-06
6.15334e-06
5.8869e-06
5.84273e-06
5.94971e-06
5.48381e-06
5.96361e-06
5.07731e-06
5.94038e-06
4.62564e-06
5.88933e-06
4.13178e-06
5.81875e-06
3.59873e-06
5.73716e-06
3.02962e-06
5.6543e-06
2.4284e-06
5.58137e-06
1.80197e-06
5.52975e-06
1.16815e-06
5.50479e-06
5.48784e-07
5.50276e-06
-3.23868e-08
5.51269e-06
-5.57398e-07
5.52014e-06
-1.03021e-06
5.50812e-06
-1.50401e-06
-1.877e-06
5.47601e-06
1.95058e-06
7.48535e-06
3.39063e-06
6.39508e-06
4.38153e-06
6.21108e-06
5.03288e-06
6.2338e-06
5.44588e-06
6.23914e-06
5.6961e-06
6.16886e-06
5.8347e-06
6.01477e-06
5.89526e-06
5.78219e-06
5.89945e-06
5.47965e-06
5.86126e-06
5.11552e-06
5.78996e-06
4.69697e-06
5.69246e-06
4.22931e-06
5.5751e-06
3.71612e-06
5.44553e-06
3.15922e-06
5.31435e-06
2.5596e-06
5.19633e-06
1.92002e-06
5.10904e-06
1.25546e-06
5.06115e-06
5.96694e-07
5.04437e-06
-1.55813e-08
5.0432e-06
-5.56221e-07
5.03973e-06
-1.02675e-06
5.01524e-06
-1.47962e-06
-1.83626e-06
4.97432e-06
2.2861e-06
5.19929e-06
3.86466e-06
4.81661e-06
4.82519e-06
5.25061e-06
5.3746e-06
5.68444e-06
5.67451e-06
5.93926e-06
5.82405e-06
6.01934e-06
5.87984e-06
5.95901e-06
5.87382e-06
5.78823e-06
5.82378e-06
5.52971e-06
5.73928e-06
5.20005e-06
5.62546e-06
4.81081e-06
5.48544e-06
4.36935e-06
5.3225e-06
3.87908e-06
5.14232e-06
3.33943e-06
4.956e-06
2.74594e-06
4.78326e-06
2.09277e-06
4.65252e-06
1.38621e-06
4.57801e-06
6.7121e-07
4.54303e-06
1.94126e-08
4.52539e-06
-5.38573e-07
4.50308e-06
-1.00451e-06
4.45756e-06
-1.43412e-06
-1.78212e-06
4.40322e-06
2.75961e-06
2.43989e-06
4.46745e-06
3.10885e-06
5.31537e-06
4.40273e-06
5.70214e-06
5.29768e-06
5.86231e-06
5.7791e-06
5.9062e-06
5.97546e-06
5.88494e-06
5.98027e-06
5.82252e-06
5.85064e-06
5.72942e-06
5.62282e-06
5.60911e-06
5.32037e-06
5.46157e-06
4.95836e-06
5.28531e-06
4.54562e-06
5.0792e-06
4.08519e-06
4.8452e-06
3.57343e-06
4.59339e-06
2.99774e-06
4.35044e-06
2.3357e-06
4.16581e-06
1.57082e-06
4.05922e-06
7.77773e-07
3.99603e-06
8.25754e-08
3.94691e-06
-4.89515e-07
3.88851e-06
-9.46176e-07
3.80445e-06
-1.3503e-06
-1.70927e-06
3.73148e-06
3.37453e-06
-9.34533e-07
5.08845e-06
1.39502e-06
5.69459e-06
3.79664e-06
5.89483e-06
5.09745e-06
5.93735e-06
5.73658e-06
5.90766e-06
6.00514e-06
5.83898e-06
6.04894e-06
5.74456e-06
5.94506e-06
5.62771e-06
5.73966e-06
5.48688e-06
5.46119e-06
5.3178e-06
5.12743e-06
5.11461e-06
4.74881e-06
4.87072e-06
4.32908e-06
4.58129e-06
3.86284e-06
4.24952e-06
3.32948e-06
3.905e-06
2.6802e-06
3.64571e-06
1.83006e-06
3.50434e-06
9.19103e-07
3.39206e-06
1.94806e-07
3.29059e-06
-3.88108e-07
3.17129e-06
-8.27029e-07
3.02473e-06
-1.2037e-06
-1.61797e-06
2.9333e-06
3.46688e-06
-4.40127e-06
4.90817e-06
-4.61866e-08
5.46769e-06
3.23719e-06
5.71988e-06
4.84531e-06
5.80395e-06
5.65254e-06
5.79709e-06
6.01204e-06
5.73998e-06
6.10608e-06
5.65025e-06
6.03482e-06
5.5336e-06
5.85633e-06
5.38931e-06
5.60551e-06
5.21259e-06
5.30416e-06
4.99533e-06
4.96609e-06
4.72589e-06
4.59854e-06
4.38895e-06
4.1998e-06
3.96944e-06
3.749e-06
3.47559e-06
3.17406e-06
3.21471e-06
2.09097e-06
2.93743e-06
1.1964e-06
2.71001e-06
4.22245e-07
2.52611e-06
-2.04195e-07
2.34264e-06
-6.43494e-07
2.12395e-06
-9.8509e-07
-1.41443e-06
1.9204e-06
9.90088e-07
2.76944e-06
4.38212e-06
5.19441e-06
5.54085e-06
5.65508e-06
5.65372e-06
5.58973e-06
5.48492e-06
5.34567e-06
5.17029e-06
4.95133e-06
4.67551e-06
4.32126e-06
3.85536e-06
3.2439e-06
2.61158e-06
2.0655e-06
1.75375e-06
1.5503e-06
1.37545e-06
1.19988e-06
1.02459e-06
1.88549e-05
3.19044e-06
1.77261e-05
1.12881e-06
1.84896e-05
-7.63539e-07
-2.06859e-06
2.05582e-05
1.91503e-05
2.60582e-06
1.81329e-05
2.14622e-06
1.57496e-05
1.6198e-06
7.28376e-08
1.36081e-05
1.10706e-05
2.88107e-06
1.0603e-05
2.61381e-06
1.03359e-05
1.88685e-06
7.16765e-07
9.69205e-06
4.476e-06
2.37486e-06
5.10153e-06
1.98827e-06
5.47147e-06
1.51693e-06
1.01972e-06
5.16852e-06
1.92417e-07
1.55587e-06
8.63189e-07
1.3175e-06
1.31971e-06
1.06041e-06
8.0125e-07
1.53818e-06
-3.36971e-06
6.2595e-07
-2.56395e-06
5.11726e-07
-1.92151e-06
4.17974e-07
3.49504e-07
-1.46977e-06
-6.15238e-06
-4.30288e-07
-5.21151e-06
-4.29144e-07
-4.42614e-06
-3.67403e-07
-2.6725e-07
-3.80938e-06
-7.91975e-06
-1.42399e-06
-7.06062e-06
-1.28827e-06
-6.3417e-06
-1.08632e-06
-8.91819e-07
-5.71713e-06
-9.16209e-06
-2.55375e-06
-8.17963e-06
-2.27071e-06
-7.41258e-06
-1.85336e-06
-1.52513e-06
-6.77926e-06
-9.84848e-06
-3.2458e-06
-9.2832e-06
-2.83585e-06
-8.48531e-06
-2.65114e-06
-2.38029e-06
-7.63008e-06
-2.34022e-05
-3.10975e-06
-2.32004e-05
-3.03739e-06
-2.27511e-05
-3.10029e-06
-3.01074e-06
-2.21203e-05
-2.71321e-05
-2.85736e-06
-2.75744e-05
-2.59516e-06
-2.79984e-05
-2.67607e-06
-2.74719e-06
-2.82618e-05
-2.7182e-05
-2.44321e-06
-2.76015e-05
-2.17554e-06
-2.80793e-05
-2.19813e-06
-2.27312e-06
-2.85531e-05
-2.61736e-05
-2.2189e-06
-2.63733e-05
-1.97587e-06
-2.66591e-05
-1.91214e-06
-1.94117e-06
-2.69907e-05
-2.38425e-05
-2.11146e-06
-2.39376e-05
-1.88072e-06
-2.40871e-05
-1.76244e-06
-1.75007e-06
-2.42779e-05
-2.04521e-05
-1.99564e-06
-2.05471e-05
-1.78579e-06
-2.06647e-05
-1.64453e-06
-1.62063e-06
-2.07938e-05
-1.64753e-05
-1.83313e-06
-1.66073e-05
-1.6537e-06
-1.67299e-05
-1.52172e-06
-1.50937e-06
-1.68408e-05
-1.23299e-05
-1.63465e-06
-1.24937e-05
-1.48996e-06
-1.26384e-05
-1.37673e-06
-1.39227e-06
-1.27552e-05
-8.31698e-06
-1.41469e-06
-8.50224e-06
-1.30466e-06
-8.65546e-06
-1.22331e-06
-1.27168e-06
-8.77572e-06
-4.65789e-06
-1.19314e-06
-4.84872e-06
-1.11388e-06
-5.0088e-06
-1.06299e-06
-1.14739e-06
-5.13279e-06
-1.4671e-06
-9.99881e-07
-1.64602e-06
-9.34911e-07
-1.81904e-06
-8.898e-07
-9.91931e-07
-1.9742e-06
1.17434e-06
-8.06102e-07
9.99187e-07
-7.59816e-07
8.50232e-07
-7.40608e-07
-8.75598e-07
7.34172e-07
3.30054e-06
-6.42586e-07
3.14728e-06
-6.06477e-07
3.01477e-06
-6.0796e-07
-7.66268e-07
2.90572e-06
4.912e-06
-5.14341e-07
4.78834e-06
-4.82913e-07
4.67184e-06
-4.91244e-07
-6.67238e-07
4.57303e-06
6.07308e-06
-4.15158e-07
5.97576e-06
-3.85523e-07
5.88735e-06
-4.02749e-07
-5.87976e-07
5.80833e-06
6.84651e-06
-3.45218e-07
6.77564e-06
-3.1478e-07
6.70324e-06
-3.30157e-07
-5.21099e-07
6.63654e-06
7.31269e-06
-2.95298e-07
7.26004e-06
-2.62035e-07
7.21029e-06
-2.80359e-07
-4.71241e-07
7.16063e-06
7.53098e-06
-2.649e-07
7.49638e-06
-2.27613e-07
7.45605e-06
-2.39853e-07
-4.29212e-07
7.41414e-06
7.57486e-06
-2.44389e-07
7.54946e-06
-2.02119e-07
7.52371e-06
-2.14116e-07
-3.98598e-07
7.49325e-06
7.4852e-06
-2.34131e-07
7.46833e-06
-1.85423e-07
7.4442e-06
-1.89847e-07
-3.70014e-07
7.4157e-06
7.30144e-06
-2.28475e-07
7.28915e-06
-1.72997e-07
7.27591e-06
-1.76634e-07
-3.49297e-07
7.25531e-06
7.03737e-06
-2.31608e-07
7.03531e-06
-1.71125e-07
7.02629e-06
-1.67513e-07
-3.30848e-07
7.00786e-06
6.72032e-06
-2.39502e-07
6.72653e-06
-1.77257e-07
6.73105e-06
-1.72116e-07
-3.20766e-07
6.72101e-06
6.35547e-06
-2.54761e-07
6.37176e-06
-1.93735e-07
6.38107e-06
-1.81394e-07
-3.12015e-07
6.3723e-06
5.95066e-06
-2.72762e-07
5.97285e-06
-2.15868e-07
5.99243e-06
-2.01058e-07
-3.08519e-07
5.98891e-06
5.49795e-06
-2.94783e-07
5.52635e-06
-2.44403e-07
5.54759e-06
-2.22331e-07
-3.03865e-07
5.54289e-06
4.9957e-06
-3.16227e-07
5.02509e-06
-2.73824e-07
5.0501e-06
-2.47403e-07
-3.0062e-07
5.04678e-06
4.42545e-06
-3.38517e-07
4.45753e-06
-3.05974e-07
4.48232e-06
-2.72278e-07
-2.95364e-07
4.47701e-06
3.75701e-06
-3.64098e-07
3.80227e-06
-3.51318e-07
3.84208e-06
-3.12101e-07
-2.97291e-07
3.84391e-06
2.96722e-06
-3.98042e-07
3.04786e-06
-4.319e-07
3.11998e-06
-3.84363e-07
-3.07073e-07
3.12971e-06
2.031e-06
-5.08635e-07
2.18058e-06
-5.81645e-07
2.31641e-06
-5.20179e-07
-3.71876e-07
2.38118e-06
1.08812e-06
1.14504e-06
1.17794e-06
1.16968e-06
1.20739e-05
-9.76798e-06
1.08592e-05
-1.88144e-06
8.72996e-06
2.12547e-06
6.10033e-06
4.72054e-06
2.77656e-06
6.29176e-06
7.05072e-07
6.29688e-06
5.29831e-07
5.21482e-06
5.68262e-07
5.4777e-06
3.9835e-07
6.5126e-06
1.39467e-06
8.17222e-06
2.00727e-06
8.39923e-06
2.15815e-06
8.13745e-06
2.1463e-06
7.3049e-06
9.66276e-07
4.50285e-06
-8.04455e-07
-2.83794e-07
-2.81406e-06
-6.20179e-06
-3.80345e-06
-1.17518e-05
-4.26765e-06
-1.61319e-05
-6.57938e-06
8.42724e-06
-4.58707e-06
7.79326e-06
-1.24745e-06
7.47292e-06
2.44581e-06
5.71687e-06
6.47659e-06
3.02306e-06
8.98558e-06
2.33851e-06
6.98143e-06
1.34431e-06
6.20902e-06
9.87544e-07
5.83448e-06
8.81562e-07
6.61859e-06
1.54449e-06
7.5093e-06
2.22488e-06
7.71884e-06
2.82773e-06
7.53459e-06
3.26533e-06
6.8673e-06
2.90276e-06
4.8654e-06
1.38973e-06
1.22923e-06
-1.25432e-06
-3.55774e-06
-4.32642e-06
-8.67973e-06
-7.11018e-06
-1.33481e-05
-1.36896e-05
6.12448e-06
-1.01947e-06
4.73235e-06
1.44696e-07
4.26971e-06
2.90845e-06
4.35306e-06
6.39324e-06
4.74651e-06
8.59213e-06
3.99906e-06
7.7289e-06
3.47338e-06
6.7347e-06
3.27656e-06
6.0313e-06
3.45853e-06
6.43662e-06
4.04825e-06
6.91959e-06
4.76639e-06
7.0007e-06
5.51272e-06
6.78824e-06
6.16202e-06
6.218e-06
6.1984e-06
4.82901e-06
5.09592e-06
2.33169e-06
2.5132e-06
-9.75028e-07
-1.30972e-06
-4.85681e-06
-3.85928e-06
-1.07986e-05
-1.75488e-05
3.53167e-06
6.17394e-07
2.51022e-06
1.16615e-06
2.26876e-06
3.14993e-06
2.89566e-06
5.76634e-06
3.91433e-06
7.57348e-06
4.28087e-06
7.36236e-06
4.51621e-06
6.49938e-06
4.62602e-06
5.92151e-06
5.19312e-06
5.86953e-06
6.1454e-06
5.9673e-06
7.24481e-06
5.9013e-06
8.35894e-06
5.6741e-06
9.40355e-06
5.17339e-06
1.01e-05
4.13255e-06
9.9799e-06
2.4518e-06
8.59836e-06
4.06508e-07
5.76044e-06
-2.01888e-06
2.23448e-06
-7.27259e-06
-1.53144e-05
1.06788e-06
1.0877e-06
6.55981e-07
1.57805e-06
7.30241e-07
3.07568e-06
1.50899e-06
4.98761e-06
2.73805e-06
6.34444e-06
3.60989e-06
6.49053e-06
4.08882e-06
6.02046e-06
4.51039e-06
5.49996e-06
5.19141e-06
5.18851e-06
6.21961e-06
4.93912e-06
7.47286e-06
4.64805e-06
8.81983e-06
4.32715e-06
1.01864e-05
3.80678e-06
1.14199e-05
2.89912e-06
1.22298e-05
1.64188e-06
1.22712e-05
3.65059e-07
1.11833e-05
-9.30905e-07
7.38343e-06
-3.47275e-06
-7.93092e-06
-1.09303e-06
7.10966e-07
-9.06617e-07
1.39164e-06
-4.75398e-07
2.64446e-06
4.1241e-07
4.09981e-06
1.5708e-06
5.18605e-06
2.52296e-06
5.53837e-06
3.17854e-06
5.3649e-06
3.72864e-06
4.94986e-06
4.43915e-06
4.47802e-06
5.44778e-06
3.93049e-06
6.72513e-06
3.37071e-06
8.12513e-06
2.92715e-06
9.60599e-06
2.32592e-06
1.11157e-05
1.38942e-06
1.2517e-05
2.406e-07
1.33662e-05
-4.84179e-07
1.28705e-05
-4.35168e-07
9.38369e-06
1.40413e-08
1.45276e-06
-2.89996e-06
-1.98465e-07
-2.23702e-06
7.28701e-07
-1.49254e-06
1.89998e-06
-5.20304e-07
3.12757e-06
5.94778e-07
4.07097e-06
1.55267e-06
4.58048e-06
2.29243e-06
4.62513e-06
2.92061e-06
4.32167e-06
3.63025e-06
3.76837e-06
4.59015e-06
2.97059e-06
5.89638e-06
2.06447e-06
7.3593e-06
1.46422e-06
8.96248e-06
7.22739e-07
1.05822e-05
-2.30255e-07
1.22363e-05
-1.41355e-06
1.36547e-05
-1.90254e-06
1.37177e-05
-4.98196e-07
1.00029e-05
3.72878e-06
1.14557e-05
-4.38261e-06
-1.53296e-06
-3.33757e-06
-3.1633e-07
-2.33027e-06
8.92673e-07
-1.24656e-06
2.04384e-06
-1.50123e-07
2.9745e-06
8.28149e-07
3.60217e-06
1.65945e-06
3.79378e-06
2.40284e-06
3.57822e-06
3.17043e-06
3.00072e-06
4.06601e-06
2.07496e-06
5.25612e-06
8.74339e-07
6.84555e-06
-1.25215e-07
9.36454e-06
-1.79624e-06
1.2282e-05
-3.14768e-06
1.47516e-05
-3.88315e-06
1.67026e-05
-3.85349e-06
1.66877e-05
-4.83293e-07
8.51705e-06
1.18993e-05
1.99725e-05
-5.45952e-06
-2.85269e-06
-4.24871e-06
-1.52713e-06
-3.02617e-06
-3.29866e-07
-1.73791e-06
7.55562e-07
-4.56503e-07
1.69307e-06
7.59733e-07
2.38588e-06
1.98545e-06
2.568e-06
3.16757e-06
2.39601e-06
4.51001e-06
1.65815e-06
5.83274e-06
7.52095e-07
6.15103e-06
5.55954e-07
6.38801e-06
-3.62238e-07
8.89748e-06
-4.30566e-06
1.34117e-05
-7.66176e-06
1.54685e-05
-5.93978e-06
1.12619e-05
3.53187e-07
4.88966e-06
5.88902e-06
4.05798e-07
1.63831e-05
2.03779e-05
-6.20496e-06
-4.27756e-06
-5.23911e-06
-2.49291e-06
-3.77848e-06
-1.79049e-06
-2.54651e-06
-4.7646e-07
-1.25391e-06
4.00367e-07
1.64765e-07
9.67107e-07
1.43834e-06
1.29428e-06
2.09076e-06
1.74343e-06
2.01643e-06
1.73229e-06
1.83419e-06
9.34189e-07
3.14745e-06
-7.57359e-07
5.8912e-06
-3.10595e-06
6.31181e-06
-4.72613e-06
2.29555e-06
-3.64531e-06
-3.83143e-06
1.87352e-07
-8.96038e-06
5.4822e-06
-1.20187e-05
8.94753e-06
-8.45675e-06
1.28213e-05
1.19214e-05
-2.02455e-05
-6.15207e-06
-1.85236e-05
-4.21477e-06
-1.83871e-05
-1.92704e-06
-1.88296e-05
-3.40826e-08
-1.88109e-05
3.81631e-07
-1.60557e-05
-1.7882e-06
-1.25388e-05
-2.22265e-06
-9.60493e-06
-1.19036e-06
-8.64557e-06
7.73005e-07
-8.88424e-06
1.17297e-06
-9.03706e-06
-6.04419e-07
-8.29003e-06
-3.85287e-06
-8.91164e-06
-4.10443e-06
-1.24821e-05
-7.47827e-08
-1.60869e-05
3.7921e-06
-1.70073e-05
6.4027e-06
-1.51878e-05
7.12806e-06
-9.12236e-06
6.75633e-06
2.79934e-06
-2.79957e-05
-6.4179e-06
-2.76071e-05
-4.60331e-06
-2.72859e-05
-2.24837e-06
-2.6859e-05
-4.61046e-07
-2.57783e-05
-6.99089e-07
-2.36953e-05
-3.87105e-06
-2.11928e-05
-4.725e-06
-1.8735e-05
-3.64794e-06
-1.7528e-05
-4.33716e-07
-1.73058e-05
9.51029e-07
-1.70486e-05
-8.61502e-07
-1.73547e-05
-3.54671e-06
-1.87347e-05
-2.72441e-06
-1.98345e-05
1.0251e-06
-1.95272e-05
3.48474e-06
-1.73815e-05
4.25705e-06
-1.35655e-05
3.3122e-06
-7.47127e-06
6.6217e-07
-4.67166e-06
-2.89941e-05
-5.97645e-06
-2.91826e-05
-4.41487e-06
-2.87815e-05
-2.64956e-06
-2.78263e-05
-1.41634e-06
-2.66565e-05
-1.86887e-06
-2.59279e-05
-4.59962e-06
-2.50581e-05
-5.59473e-06
-2.3984e-05
-4.72184e-06
-2.25768e-05
-1.84081e-06
-2.14616e-05
-1.64004e-07
-2.11162e-05
-1.20676e-06
-2.19677e-05
-2.69519e-06
-2.25336e-05
-2.15842e-06
-2.13572e-05
-1.51252e-07
-1.90381e-05
1.16562e-06
-1.57114e-05
9.30384e-07
-1.14499e-05
-9.49285e-07
-6.15871e-06
-4.62875e-06
-1.08305e-05
-2.75134e-05
-5.45332e-06
-2.76433e-05
-4.28497e-06
-2.73089e-05
-2.98405e-06
-2.64539e-05
-2.27146e-06
-2.5497e-05
-2.82569e-06
-2.55697e-05
-4.52692e-06
-2.56865e-05
-5.47786e-06
-2.55088e-05
-4.89941e-06
-2.43693e-05
-2.98017e-06
-2.28162e-05
-1.71697e-06
-2.19663e-05
-2.05656e-06
-2.18299e-05
-2.83156e-06
-2.12584e-05
-2.72982e-06
-1.95114e-05
-1.89822e-06
-1.6715e-05
-1.63074e-06
-1.32469e-05
-2.53775e-06
-9.30426e-06
-4.89184e-06
-4.88437e-06
-9.04877e-06
-1.57146e-05
-2.46038e-05
-5.12699e-06
-2.47111e-05
-4.17756e-06
-2.44368e-05
-3.2585e-06
-2.38224e-05
-2.88592e-06
-2.32962e-05
-3.35184e-06
-2.33514e-05
-4.47173e-06
-2.36386e-05
-5.19058e-06
-2.36297e-05
-4.90825e-06
-2.27171e-05
-3.89273e-06
-2.13425e-05
-3.09151e-06
-2.01874e-05
-3.2116e-06
-1.9335e-05
-3.68392e-06
-1.82127e-05
-3.85207e-06
-1.6281e-05
-3.82982e-06
-1.36618e-05
-4.24996e-06
-1.06031e-05
-5.59641e-06
-7.28629e-06
-8.20875e-06
-3.75023e-06
-1.25846e-05
-1.9465e-05
-2.09565e-05
-4.96387e-06
-2.09853e-05
-4.14871e-06
-2.0767e-05
-3.47683e-06
-2.03579e-05
-3.29518e-06
-2.00244e-05
-3.68534e-06
-2.00282e-05
-4.46789e-06
-2.01868e-05
-5.03193e-06
-2.0046e-05
-5.04907e-06
-1.93484e-05
-4.59026e-06
-1.81895e-05
-4.2504e-06
-1.70238e-05
-4.37725e-06
-1.5923e-05
-4.7847e-06
-1.45954e-05
-5.17961e-06
-1.28051e-05
-5.62001e-06
-1.0588e-05
-6.46708e-06
-8.10532e-06
-8.0791e-06
-5.49743e-06
-1.08166e-05
-2.8073e-06
-1.52749e-05
-2.22721e-05
-1.69308e-05
-4.87339e-06
-1.69101e-05
-4.16943e-06
-1.67307e-05
-3.65627e-06
-1.64375e-05
-3.58846e-06
-1.61945e-05
-3.92844e-06
-1.6138e-05
-4.52438e-06
-1.6134e-05
-5.03583e-06
-1.59397e-05
-5.24342e-06
-1.53379e-05
-5.19202e-06
-1.44104e-05
-5.1779e-06
-1.33699e-05
-5.41768e-06
-1.22864e-05
-5.86821e-06
-1.10452e-05
-6.42079e-06
-9.5357e-06
-7.12943e-06
-7.78584e-06
-8.21693e-06
-5.90092e-06
-9.96403e-06
-3.97768e-06
-1.27399e-05
-2.02982e-06
-1.72225e-05
-2.43022e-05
-1.2817e-05
-4.81109e-06
-1.27833e-05
-4.2031e-06
-1.26376e-05
-3.80205e-06
-1.24184e-05
-3.8078e-06
-1.22219e-05
-4.12496e-06
-1.21152e-05
-4.6311e-06
-1.20266e-05
-5.1244e-06
-1.18011e-05
-5.46895e-06
-1.13174e-05
-5.67563e-06
-1.05981e-05
-5.89718e-06
-9.75362e-06
-6.26215e-06
-8.83692e-06
-6.78489e-06
-7.8141e-06
-7.44358e-06
-6.64785e-06
-8.29566e-06
-5.36473e-06
-9.50005e-06
-4.03452e-06
-1.12943e-05
-2.71822e-06
-1.40562e-05
-1.41361e-06
-1.85274e-05
-2.57155e-05
-8.85262e-06
-4.73372e-06
-8.83228e-06
-4.22338e-06
-8.72225e-06
-3.91216e-06
-8.55702e-06
-3.97312e-06
-8.39764e-06
-4.28438e-06
-8.27958e-06
-4.74917e-06
-8.16233e-06
-5.24166e-06
-7.95788e-06
-5.67339e-06
-7.59302e-06
-6.04048e-06
-7.07148e-06
-6.41871e-06
-6.44859e-06
-6.88503e-06
-5.76306e-06
-7.47041e-06
-5.01498e-06
-8.19165e-06
-4.20176e-06
-9.10887e-06
-3.35092e-06
-1.03509e-05
-2.51044e-06
-1.21348e-05
-1.71501e-06
-1.48517e-05
-9.08035e-07
-1.93341e-05
-2.66238e-05
-5.21971e-06
-4.64635e-06
-5.229e-06
-4.21401e-06
-5.15407e-06
-3.98717e-06
-5.03512e-06
-4.09216e-06
-4.91568e-06
-4.40387e-06
-4.81637e-06
-4.8485e-06
-4.71632e-06
-5.34172e-06
-4.56624e-06
-5.82347e-06
-4.32403e-06
-6.28268e-06
-3.98754e-06
-6.75519e-06
-3.58546e-06
-7.28711e-06
-3.14507e-06
-7.91079e-06
-2.67887e-06
-8.65785e-06
-2.19893e-06
-9.58882e-06
-1.72797e-06
-1.08219e-05
-1.29665e-06
-1.25661e-05
-9.16826e-07
-1.52315e-05
-5.38182e-07
-1.97132e-05
-2.71618e-05
-2.12359e-06
-4.49652e-06
-2.08559e-06
-4.25194e-06
-2.0328e-06
-4.04004e-06
-1.96353e-06
-4.16151e-06
-1.89032e-06
-4.47713e-06
-1.83032e-06
-4.90853e-06
-1.77492e-06
-5.39713e-06
-1.69828e-06
-5.90011e-06
-1.57735e-06
-6.40362e-06
-1.40964e-06
-6.9229e-06
-1.211e-06
-7.48575e-06
-1.00102e-06
-8.12078e-06
-7.95018e-07
-8.86387e-06
-6.06912e-07
-9.77694e-06
-4.55457e-07
-1.09734e-05
-3.5823e-07
-1.26634e-05
-3.08111e-07
-1.52818e-05
-2.38448e-07
-1.97825e-05
-2.74006e-05
6.46637e-07
-4.40857e-06
5.80474e-07
-4.1857e-06
5.79525e-07
-4.03917e-06
6.06894e-07
-4.18897e-06
6.33142e-07
-4.50344e-06
6.4511e-07
-4.92053e-06
6.44244e-07
-5.39628e-06
6.42303e-07
-5.89818e-06
6.50675e-07
-6.41201e-06
6.70349e-07
-6.94259e-06
6.91503e-07
-7.50692e-06
7.0006e-07
-8.12936e-06
6.82455e-07
-8.84629e-06
6.25945e-07
-9.72047e-06
5.17664e-07
-1.08651e-05
3.50099e-07
-1.24959e-05
1.39e-07
-1.50707e-05
-3.2852e-08
-1.96111e-05
-2.74331e-05
2.7877e-06
-4.29018e-06
2.72891e-06
-4.12686e-06
2.69928e-06
-4.00962e-06
2.68362e-06
-4.1734e-06
2.66228e-06
-4.48216e-06
2.62291e-06
-4.88119e-06
2.56225e-06
-5.33565e-06
2.48383e-06
-5.81979e-06
2.39189e-06
-6.3201e-06
2.28569e-06
-6.83641e-06
2.15837e-06
-7.37963e-06
1.9998e-06
-7.97083e-06
1.7996e-06
-8.64613e-06
1.548e-06
-9.46892e-06
1.23743e-06
-1.05546e-05
8.68695e-07
-1.21273e-05
4.67403e-07
-1.46696e-05
1.17015e-07
-1.92605e-05
-2.73165e-05
4.46389e-06
-4.18068e-06
4.39036e-06
-4.05327e-06
4.33521e-06
-3.95455e-06
4.28322e-06
-4.12151e-06
4.21901e-06
-4.41802e-06
4.13162e-06
-4.79385e-06
4.0155e-06
-5.21957e-06
3.86958e-06
-5.6739e-06
3.69393e-06
-6.14449e-06
3.48644e-06
-6.62897e-06
3.24183e-06
-7.13506e-06
2.95285e-06
-7.6819e-06
2.61197e-06
-8.3053e-06
2.21316e-06
-9.07017e-06
1.7542e-06
-1.00958e-05
1.24236e-06
-1.16155e-05
7.06944e-07
-1.41342e-05
2.29432e-07
-1.87835e-05
-2.70868e-05
5.69374e-06
-4.06578e-06
5.6094e-06
-3.9689e-06
5.53249e-06
-3.87773e-06
5.4502e-06
-4.03932e-06
5.34996e-06
-4.31786e-06
5.22162e-06
-4.66557e-06
5.05874e-06
-5.05674e-06
4.8579e-06
-5.47312e-06
4.6169e-06
-5.90354e-06
4.33282e-06
-6.34495e-06
4.00134e-06
-6.80365e-06
3.61724e-06
-7.29787e-06
3.17574e-06
-7.86388e-06
2.67382e-06
-8.56832e-06
2.11291e-06
-9.53496e-06
1.50473e-06
-1.10075e-05
8.84658e-07
-1.35144e-05
3.36769e-07
-1.82353e-05
-2.67505e-05
6.53538e-06
-3.96433e-06
6.44273e-06
-3.87623e-06
6.34924e-06
-3.78432e-06
6.24344e-06
-3.93362e-06
6.11458e-06
-4.18909e-06
5.95385e-06
-4.5049e-06
5.75468e-06
-4.85763e-06
5.51265e-06
-5.23115e-06
5.22449e-06
-5.61544e-06
4.88698e-06
-6.00751e-06
4.4965e-06
-6.41323e-06
4.04935e-06
-6.85081e-06
3.54262e-06
-7.35723e-06
2.97581e-06
-8.00162e-06
2.35341e-06
-8.91268e-06
1.68968e-06
-1.03439e-05
1.01726e-06
-1.2842e-05
4.07138e-07
-1.76258e-05
-2.63431e-05
7.0552e-06
-3.85867e-06
6.95684e-06
-3.77786e-06
6.85056e-06
-3.67813e-06
6.72671e-06
-3.80987e-06
6.57637e-06
-4.03884e-06
6.39172e-06
-4.32033e-06
6.16667e-06
-4.63265e-06
5.89663e-06
-4.96119e-06
5.578e-06
-5.2969e-06
5.2076e-06
-5.63718e-06
4.78238e-06
-5.9881e-06
4.29971e-06
-6.36823e-06
3.75821e-06
-6.81583e-06
3.15879e-06
-7.4023e-06
2.50691e-06
-8.26092e-06
1.81687e-06
-9.65403e-06
1.122e-06
-1.21474e-05
4.89315e-07
-1.69928e-05
-2.58542e-05
7.31973e-06
-3.76404e-06
7.21583e-06
-3.67396e-06
7.09976e-06
-3.56216e-06
6.96256e-06
-3.67278e-06
6.79655e-06
-3.87293e-06
6.59539e-06
-4.11926e-06
6.3537e-06
-4.39105e-06
6.06721e-06
-4.67478e-06
5.73243e-06
-4.96221e-06
5.34641e-06
-5.25125e-06
4.90661e-06
-5.54839e-06
4.41116e-06
-5.87288e-06
3.85934e-06
-6.26413e-06
3.25286e-06
-6.79595e-06
2.59755e-06
-7.60574e-06
1.90658e-06
-8.96319e-06
1.20465e-06
-1.14455e-05
5.39627e-07
-1.63284e-05
-2.53143e-05
7.3895e-06
-3.66012e-06
7.28008e-06
-3.56457e-06
7.15515e-06
-3.43734e-06
7.00703e-06
-3.52477e-06
6.82972e-06
-3.69573e-06
6.61789e-06
-3.90751e-06
6.36706e-06
-4.14031e-06
6.07351e-06
-4.38132e-06
5.73413e-06
-4.62292e-06
5.34629e-06
-4.86351e-06
4.90783e-06
-5.11004e-06
4.41729e-06
-5.38245e-06
3.87443e-06
-5.72139e-06
3.28075e-06
-6.20239e-06
2.64073e-06
-6.96586e-06
1.96394e-06
-8.28658e-06
1.27215e-06
-1.0754e-05
6.06934e-07
-1.56629e-05
-2.47079e-05
7.31611e-06
-3.56038e-06
7.19858e-06
-3.44709e-06
7.0647e-06
-3.30357e-06
6.90722e-06
-3.36743e-06
6.72129e-06
-3.50992e-06
6.50293e-06
-3.68926e-06
6.24855e-06
-3.88604e-06
5.95508e-06
-4.08796e-06
5.61984e-06
-4.28779e-06
5.24054e-06
-4.48432e-06
4.81531e-06
-4.68493e-06
4.34288e-06
-4.91014e-06
3.82274e-06
-5.20137e-06
3.25584e-06
-5.63563e-06
2.64516e-06
-6.35532e-06
1.99702e-06
-7.63856e-06
1.32096e-06
-1.0078e-05
6.37806e-07
-1.49804e-05
-2.40699e-05
7.13933e-06
-3.44435e-06
7.01097e-06
-3.31881e-06
6.8665e-06
-3.15925e-06
6.69952e-06
-3.20058e-06
6.50645e-06
-3.31698e-06
6.28419e-06
-3.46712e-06
6.03008e-06
-3.63204e-06
5.74168e-06
-3.79966e-06
5.41675e-06
-3.96298e-06
5.05331e-06
-4.12099e-06
4.6496e-06
-4.28134e-06
4.20424e-06
-4.46491e-06
3.71647e-06
-4.71374e-06
3.18605e-06
-5.10535e-06
2.61344e-06
-5.78285e-06
1.99964e-06
-7.02496e-06
1.35075e-06
-9.42938e-06
6.83131e-07
-1.43126e-05
-2.33872e-05
6.88748e-06
-3.32393e-06
6.74423e-06
-3.17567e-06
6.58728e-06
-3.00247e-06
6.41035e-06
-3.02381e-06
6.21049e-06
-3.11726e-06
5.98576e-06
-3.24253e-06
5.73428e-06
-3.38069e-06
5.45417e-06
-3.51968e-06
5.1436e-06
-3.65253e-06
4.80074e-06
-3.77826e-06
4.42385e-06
-3.90458e-06
4.01131e-06
-4.05251e-06
3.56151e-06
-4.26408e-06
3.07297e-06
-4.61696e-06
2.54402e-06
-5.25406e-06
1.97262e-06
-6.45368e-06
1.35256e-06
-8.8094e-06
6.81641e-07
-1.36422e-05
-2.27055e-05
6.5781e-06
-3.18106e-06
6.41689e-06
-3.01461e-06
6.24514e-06
-2.8309e-06
6.05681e-06
-2.83566e-06
5.84997e-06
-2.91058e-06
5.62339e-06
-3.0161e-06
5.37589e-06
-3.13331e-06
5.10603e-06
-3.24996e-06
4.81224e-06
-3.35887e-06
4.49276e-06
-3.45892e-06
4.14573e-06
-3.55769e-06
3.76903e-06
-3.67596e-06
3.36036e-06
-3.85555e-06
2.91666e-06
-4.17341e-06
2.43373e-06
-4.77128e-06
1.9046e-06
-5.92474e-06
1.32286e-06
-8.22789e-06
6.87591e-07
-1.30069e-05
-2.20182e-05
6.21931e-06
-3.02815e-06
6.03777e-06
-2.83326e-06
5.84931e-06
-2.64264e-06
5.64857e-06
-2.63511e-06
5.4343e-06
-2.69647e-06
5.20621e-06
-2.78816e-06
4.96358e-06
-2.89083e-06
4.70525e-06
-2.99177e-06
4.4297e-06
-3.08346e-06
4.13512e-06
-3.16448e-06
3.8194e-06
-3.24211e-06
3.47995e-06
-3.33665e-06
3.11331e-06
-3.48906e-06
2.71491e-06
-3.77517e-06
2.27854e-06
-4.33506e-06
1.79595e-06
-5.44225e-06
1.25167e-06
-7.68371e-06
6.33178e-07
-1.23888e-05
-2.1385e-05
5.81288e-06
-2.85223e-06
5.60979e-06
-2.63036e-06
5.40334e-06
-2.4364e-06
5.18922e-06
-2.42117e-06
4.96759e-06
-2.47501e-06
4.7387e-06
-2.55941e-06
4.50205e-06
-2.65431e-06
4.25645e-06
-2.7463e-06
4.00025e-06
-2.82737e-06
3.73145e-06
-2.89581e-06
3.44764e-06
-2.95843e-06
3.14566e-06
-3.0348e-06
2.82117e-06
-3.1647e-06
2.46795e-06
-3.42207e-06
2.07725e-06
-3.94448e-06
1.637e-06
-5.00214e-06
1.13645e-06
-7.18328e-06
5.74683e-07
-1.1827e-05
-2.08105e-05
5.35481e-06
-2.66431e-06
5.13081e-06
-2.40657e-06
4.90565e-06
-2.21145e-06
4.6785e-06
-2.19421e-06
4.45058e-06
-2.24725e-06
4.22265e-06
-2.33161e-06
3.99397e-06
-2.42576e-06
3.76293e-06
-2.51538e-06
3.52748e-06
-2.59204e-06
3.28529e-06
-2.65374e-06
3.03366e-06
-2.70691e-06
2.76902e-06
-2.77028e-06
2.48606e-06
-2.88184e-06
2.17683e-06
-3.11297e-06
1.83028e-06
-3.59803e-06
1.43375e-06
-4.60562e-06
9.70868e-07
-6.72045e-06
4.39403e-07
-1.12958e-05
-2.03712e-05
4.83971e-06
-2.45739e-06
4.5951e-06
-2.16216e-06
4.35209e-06
-1.96865e-06
4.11352e-06
-1.95581e-06
3.88238e-06
-2.01625e-06
3.65904e-06
-2.1084e-06
3.44194e-06
-2.20878e-06
3.22855e-06
-2.3021e-06
3.01611e-06
-2.3797e-06
2.80185e-06
-2.43958e-06
2.58286e-06
-2.48801e-06
2.35529e-06
-2.54281e-06
2.11343e-06
-2.64009e-06
1.84778e-06
-2.8474e-06
1.54399e-06
-3.29429e-06
1.18359e-06
-4.2453e-06
7.59315e-07
-6.29615e-06
3.06747e-07
-1.08432e-05
-2.00645e-05
4.26134e-06
-2.2419e-06
3.99627e-06
-1.89731e-06
3.73626e-06
-1.70884e-06
3.49047e-06
-1.71021e-06
3.26199e-06
-1.78792e-06
3.04966e-06
-1.89621e-06
2.85002e-06
-2.00927e-06
2.65911e-06
-2.11131e-06
2.47324e-06
-2.19395e-06
2.28915e-06
-2.25561e-06
2.10376e-06
-2.30273e-06
1.91338e-06
-2.35255e-06
1.71209e-06
-2.4389e-06
1.48931e-06
-2.62472e-06
1.22672e-06
-3.03178e-06
8.99866e-07
-3.91843e-06
4.91246e-07
-5.88763e-06
6.63626e-08
-1.04185e-05
-1.99984e-05
3.615e-06
-2.01316e-06
3.32297e-06
-1.60553e-06
3.04957e-06
-1.43569e-06
2.80511e-06
-1.46598e-06
2.5898e-06
-1.57282e-06
2.39847e-06
-1.70508e-06
2.22482e-06
-1.83582e-06
2.0632e-06
-1.94987e-06
1.90897e-06
-2.0399e-06
1.75852e-06
-2.10535e-06
1.60876e-06
-2.15314e-06
1.45637e-06
-2.20034e-06
1.29625e-06
-2.27896e-06
1.1179e-06
-2.44654e-06
8.98905e-07
-2.81292e-06
5.98875e-07
-3.61858e-06
1.78086e-07
-5.46696e-06
-2.67966e-07
-9.97283e-06
-2.02666e-05
2.88316e-06
-1.76678e-06
2.55758e-06
-1.28014e-06
2.28069e-06
-1.15899e-06
2.05542e-06
-1.24089e-06
1.87044e-06
-1.38801e-06
1.7144e-06
-1.54919e-06
1.57799e-06
-1.69956e-06
1.45433e-06
-1.82637e-06
1.33852e-06
-1.92424e-06
1.22694e-06
-1.99391e-06
1.1168e-06
-2.04315e-06
1.00545e-06
-2.08915e-06
8.89288e-07
-2.16294e-06
7.59593e-07
-2.31699e-06
5.95252e-07
-2.64872e-06
3.48838e-07
-3.37226e-06
-7.63847e-08
-5.04197e-06
-6.76747e-07
-9.3727e-06
-2.09435e-05
2.01382e-06
-1.39947e-06
1.67274e-06
-9.39114e-07
1.4324e-06
-9.18698e-07
1.26015e-06
-1.06869e-06
1.13032e-06
-1.25822e-06
1.02688e-06
-1.44579e-06
9.39902e-07
-1.61263e-06
8.63182e-07
-1.74969e-06
7.9274e-07
-1.85384e-06
7.2584e-07
-1.92707e-06
6.60386e-07
-1.97775e-06
5.94542e-07
-2.02336e-06
5.26392e-07
-2.09485e-06
4.52421e-07
-2.24308e-06
3.60965e-07
-2.55731e-06
2.15753e-07
-3.2271e-06
-6.15988e-08
-4.76468e-06
-7.14067e-07
-8.72039e-06
-2.16576e-05
8.08003e-07
6.0258e-07
4.90493e-07
4.20762e-07
3.72581e-07
3.35724e-07
3.04983e-07
2.77631e-07
2.52044e-07
2.27097e-07
2.01795e-07
1.75137e-07
1.46081e-07
1.14362e-07
7.98361e-08
2.59213e-08
-8.76596e-08
6.79123e-07
)
;

boundaryField
{
    leftWall
    {
        type            calculated;
        value           uniform 0;
    }
    rightWall
    {
        type            calculated;
        value           uniform 0;
    }
    lowerWall
    {
        type            calculated;
        value           uniform 0;
    }
    atmosphere
    {
        type            calculated;
        value           nonuniform List<scalar> 
46
(
-5.39133e-06
-1.8255e-06
1.62455e-06
4.03304e-06
5.30613e-06
5.89783e-06
6.10746e-06
6.09883e-06
5.96117e-06
5.74477e-06
5.47957e-06
5.18507e-06
4.87439e-06
4.55407e-06
4.21493e-06
3.78555e-06
2.72331e-06
1.74249e-06
7.34024e-07
-7.20845e-10
-4.68633e-07
-8.09472e-07
-1.23909e-06
-5.72126e-07
-6.38448e-07
-5.53029e-07
-3.63605e-07
-1.03779e-06
-7.33692e-07
-8.06612e-07
-9.98966e-07
-1.21004e-06
-1.40894e-06
-1.58189e-06
-1.72234e-06
-1.82826e-06
-1.90213e-06
-1.95246e-06
-1.99671e-06
-2.06581e-06
-2.21137e-06
-2.52279e-06
-3.1732e-06
-4.65112e-06
-9.48721e-06
-2.09785e-05
)
;
    }
    defaultFaces
    {
        type            empty;
    }
}


// ************************************************************************* //
