/*--------------------------------*- C++ -*----------------------------------*\
  =========                 |
  \\      /  F ield         | OpenFOAM: The Open Source CFD Toolbox
   \\    /   O peration     | Website:  https://openfoam.org
    \\  /    A nd           | Version:  13
     \\/     M anipulation  |
\*---------------------------------------------------------------------------*/
FoamFile
{
    format      ascii;
    class       surfaceScalarField;
    location    "2.5";
    object      phi;
}
// * * * * * * * * * * * * * * * * * * * * * * * * * * * * * * * * * * * * * //

dimensions      [0 3 -1 0 0 0 0];

internalField   nonuniform List<scalar> 
4432
(
-3.67611e-07
3.67616e-07
-4.32034e-08
-3.244e-07
6.82145e-07
-7.25344e-07
1.4855e-06
-8.0336e-07
2.24549e-06
-7.59991e-07
2.93834e-06
-6.92848e-07
3.57565e-06
-6.37309e-07
4.17483e-06
-5.99192e-07
4.74513e-06
-5.70306e-07
5.28358e-06
-5.38457e-07
5.77435e-06
-4.90772e-07
6.19093e-06
-4.1659e-07
6.49839e-06
-3.07472e-07
6.65453e-06
-1.56142e-07
6.6071e-06
4.74185e-08
6.30494e-06
3.02151e-07
5.69669e-06
6.08238e-07
4.73629e-06
9.60391e-07
3.39901e-06
1.33727e-06
1.72451e-06
1.67451e-06
-6.52243e-08
1.78972e-06
-1.13892e-06
1.07368e-06
-1.13892e-06
9.1769e-08
2.75868e-07
6.49756e-07
-8.82366e-07
1.32602e-06
-1.40159e-06
1.99533e-06
-1.47264e-06
2.61098e-06
-1.37562e-06
3.17046e-06
-1.25232e-06
3.68767e-06
-1.1545e-06
4.17783e-06
-1.08934e-06
4.64871e-06
-1.04118e-06
5.09859e-06
-9.88331e-07
5.51622e-06
-9.08404e-07
5.88194e-06
-7.82309e-07
6.16881e-06
-5.94347e-07
6.34126e-06
-3.28599e-07
6.35362e-06
3.50477e-08
6.15336e-06
5.02405e-07
5.69147e-06
1.07012e-06
4.9278e-06
1.72406e-06
3.84663e-06
2.41845e-06
2.48677e-06
3.03437e-06
1.02647e-06
3.25003e-06
-8.92922e-08
2.18944e-06
-1.22822e-06
5.02245e-07
-2.26364e-07
1.15635e-06
-1.53645e-06
1.7706e-06
-2.01583e-06
2.33963e-06
-2.04166e-06
2.85665e-06
-1.89264e-06
3.32876e-06
-1.72441e-06
3.76695e-06
-1.59269e-06
4.18347e-06
-1.50586e-06
4.58387e-06
-1.44157e-06
4.96675e-06
-1.37122e-06
5.32369e-06
-1.26535e-06
5.63985e-06
-1.09847e-06
5.89468e-06
-8.49176e-07
6.05999e-06
-4.9392e-07
6.09669e-06
-1.65833e-09
5.95801e-06
6.41083e-07
5.5993e-06
1.42883e-06
4.9862e-06
2.33715e-06
4.10779e-06
3.29685e-06
2.99546e-06
4.1467e-06
1.75421e-06
4.49128e-06
5.63225e-07
3.38042e-06
-6.64997e-07
8.72911e-07
-1.09926e-06
1.55548e-06
-2.21901e-06
2.11726e-06
-2.57759e-06
2.61519e-06
-2.53956e-06
3.06387e-06
-2.3413e-06
3.47406e-06
-2.13459e-06
3.85617e-06
-1.97478e-06
4.21851e-06
-1.86819e-06
4.56435e-06
-1.78739e-06
4.89238e-06
-1.69923e-06
5.19621e-06
-1.56917e-06
5.46461e-06
-1.36686e-06
5.68228e-06
-1.06684e-06
5.82849e-06
-6.40124e-07
5.87264e-06
-4.58111e-08
5.77455e-06
7.39173e-07
5.49473e-06
1.70863e-06
5.00402e-06
2.82784e-06
4.29324e-06
4.0076e-06
3.38019e-06
5.05972e-06
2.29861e-06
5.57281e-06
1.09009e-06
4.5889e-06
4.25029e-07
1.16221e-06
-2.26147e-06
1.84976e-06
-2.90654e-06
2.37874e-06
-3.10656e-06
2.82807e-06
-2.98888e-06
3.23323e-06
-2.74645e-06
3.60857e-06
-2.50992e-06
3.95641e-06
-2.32261e-06
4.28011e-06
-2.19188e-06
4.58351e-06
-2.09079e-06
4.86571e-06
-1.98143e-06
5.1224e-06
-1.82586e-06
5.34546e-06
-1.58992e-06
5.52362e-06
-1.245e-06
5.64296e-06
-7.59458e-07
5.67941e-06
-8.22629e-08
5.60343e-06
8.15144e-07
5.38134e-06
1.93071e-06
4.98924e-06
3.21993e-06
4.41822e-06
4.57861e-06
3.67103e-06
5.80689e-06
2.72256e-06
6.52127e-06
1.49178e-06
5.81964e-06
1.9168e-06
1.48425e-06
-3.74576e-06
2.13829e-06
-3.56059e-06
2.64119e-06
-3.60946e-06
3.05963e-06
-3.40732e-06
3.42822e-06
-3.11503e-06
3.76952e-06
-2.85122e-06
4.09058e-06
-2.64365e-06
4.3868e-06
-2.48809e-06
4.65556e-06
-2.35953e-06
4.89706e-06
-2.22292e-06
5.10856e-06
-2.03734e-06
5.2841e-06
-1.76544e-06
5.41335e-06
-1.37424e-06
5.49209e-06
-8.38187e-07
5.50744e-06
-9.76105e-08
5.43826e-06
8.84319e-07
5.25631e-06
2.11265e-06
4.94454e-06
3.53168e-06
4.49929e-06
5.02382e-06
3.90784e-06
6.3983e-06
3.08546e-06
7.34361e-06
1.8462e-06
7.05887e-06
3.76294e-06
1.84934e-06
-5.59516e-06
2.5361e-06
-4.24739e-06
3.00213e-06
-4.07551e-06
3.36762e-06
-3.77281e-06
3.68257e-06
-3.42998e-06
3.98661e-06
-3.15524e-06
4.27914e-06
-2.93616e-06
4.53241e-06
-2.74134e-06
4.75669e-06
-2.58378e-06
4.95452e-06
-2.42072e-06
5.12645e-06
-2.20924e-06
5.26704e-06
-1.906e-06
5.36352e-06
-1.47071e-06
5.39392e-06
-8.68581e-07
5.36065e-06
-6.43346e-08
5.26769e-06
9.77269e-07
5.09738e-06
2.28293e-06
4.8441e-06
3.78492e-06
4.50304e-06
5.36484e-06
4.05796e-06
6.84333e-06
3.42047e-06
7.98104e-06
2.21872e-06
8.26056e-06
5.98162e-06
1.92467e-06
-7.51992e-06
3.09176e-06
-5.41454e-06
3.76159e-06
-4.74538e-06
4.22773e-06
-4.23897e-06
4.58972e-06
-3.79198e-06
4.84752e-06
-3.41305e-06
5.02977e-06
-3.11841e-06
5.16451e-06
-2.87607e-06
5.26592e-06
-2.68519e-06
5.34855e-06
-2.50334e-06
5.4147e-06
-2.27538e-06
5.45502e-06
-1.94632e-06
5.44667e-06
-1.46235e-06
5.35476e-06
-7.76672e-07
5.22804e-06
6.23724e-08
5.09487e-06
1.11042e-06
4.93302e-06
2.44476e-06
4.74808e-06
3.96982e-06
4.55538e-06
5.5575e-06
4.32165e-06
7.077e-06
3.99895e-06
8.3037e-06
3.19839e-06
9.06108e-06
9.17995e-06
-7.76817e-07
7.76831e-07
-2.04865e-06
1.27184e-06
-3.75426e-06
1.7056e-06
-5.91518e-06
2.16092e-06
-7.59695e-06
1.68176e-06
-7.78802e-06
1.91071e-07
-8.5278e-06
7.39775e-07
-9.94712e-06
1.41932e-06
-9.13584e-06
-8.11274e-07
-7.39425e-06
-1.74158e-06
-5.55097e-06
-1.84328e-06
-5.03849e-06
-5.12477e-07
-5.39015e-06
3.51664e-07
-3.70966e-06
-1.68048e-06
-2.33057e-06
-1.37909e-06
-1.2047e-06
-1.12586e-06
-1.86817e-07
-1.01788e-06
5.05896e-07
-6.92703e-07
5.05902e-07
-1.03234e-06
1.80922e-06
-2.25849e-06
2.49802e-06
-3.7186e-06
3.16572e-06
-5.00874e-06
3.45106e-06
-6.2668e-06
2.93982e-06
-7.48841e-06
1.41267e-06
-8.34988e-06
1.60124e-06
-8.1578e-06
1.22724e-06
-7.62856e-06
-1.3405e-06
-6.93366e-06
-2.43646e-06
-6.19494e-06
-2.58199e-06
-4.89232e-06
-1.81507e-06
-3.6882e-06
-8.52441e-07
-2.89749e-06
-2.47117e-06
-2.22319e-06
-2.05337e-06
-1.60293e-06
-1.74609e-06
-1.08109e-06
-1.5397e-06
-6.54545e-07
-1.11923e-06
-1.48626e-07
-1.69842e-06
3.50766e-06
-2.26204e-06
3.06165e-06
-3.00059e-06
3.90426e-06
-3.23943e-06
3.6899e-06
-4.16157e-06
3.86195e-06
-6.33653e-06
3.58762e-06
-6.94027e-06
2.20498e-06
-6.62058e-06
9.07544e-07
-6.26097e-06
-1.70011e-06
-6.23595e-06
-2.46148e-06
-6.03432e-06
-2.78362e-06
-4.74655e-06
-3.10284e-06
-3.34305e-06
-2.25594e-06
-2.68927e-06
-3.12495e-06
-2.1014e-06
-2.64124e-06
-1.89202e-06
-1.95547e-06
-1.95021e-06
-1.48151e-06
-1.80593e-06
-1.2635e-06
-1.95457e-06
-1.02286e-06
4.53061e-06
-1.43236e-06
3.47121e-06
-1.51714e-06
3.98908e-06
-1.34452e-06
3.51729e-06
-1.43791e-06
3.95536e-06
-4.3579e-06
6.50763e-06
-4.99861e-06
2.8457e-06
-4.76854e-06
6.77487e-07
-4.29228e-06
-2.17634e-06
-4.95221e-06
-1.80151e-06
-5.33889e-06
-2.3969e-06
-4.36267e-06
-4.07902e-06
-2.95829e-06
-3.66027e-06
-2.80397e-06
-3.27921e-06
-2.25489e-06
-3.19027e-06
-1.97161e-06
-2.23869e-06
-1.68213e-06
-1.77096e-06
-8.84581e-07
-2.06102e-06
-2.83908e-06
2.96236e-07
4.23437e-06
-1.90747e-07
3.95819e-06
-2.97696e-07
4.09602e-06
-6.71877e-07
3.89147e-06
-1.55815e-07
3.4393e-06
-7.75867e-07
7.12768e-06
-2.00153e-06
4.07137e-06
-1.95662e-06
6.32577e-07
-1.29414e-06
-2.83882e-06
-2.45441e-06
-6.41243e-07
-3.39386e-06
-1.45744e-06
-3.34406e-06
-4.12881e-06
-3.15082e-06
-3.85351e-06
-3.94224e-06
-2.48779e-06
-3.47705e-06
-3.65546e-06
-1.55392e-06
-4.16183e-06
1.3678e-06
-4.6927e-06
5.03294e-06
-5.72616e-06
2.19379e-06
2.6939e-06
1.54052e-06
2.20264e-06
4.44948e-06
1.27979e-06
5.0189e-06
3.17773e-08
5.13952e-06
-7.15991e-08
3.5427e-06
7.68054e-07
6.28806e-06
7.80938e-07
4.05851e-06
8.14207e-07
5.99332e-07
7.41358e-07
-2.76595e-06
6.79086e-08
3.22265e-08
-2.31836e-07
-1.15767e-06
-1.03623e-06
-3.32438e-06
-4.00089e-06
-8.88789e-07
-5.17606e-06
-1.31256e-06
-3.49801e-06
-5.33347e-06
-9.19664e-07
-6.74014e-06
2.60891e-06
-8.22125e-06
7.60872e-06
-1.0726e-05
9.80266e-06
5.3667e-06
-3.82611e-06
5.80476e-06
4.01145e-06
3.44533e-06
7.37835e-06
1.46281e-06
7.12207e-06
4.50186e-07
4.55535e-06
1.40136e-06
5.33692e-06
2.01189e-06
3.44801e-06
2.14136e-06
4.69872e-07
1.23371e-06
-1.85828e-06
8.80942e-07
3.85018e-07
6.17546e-07
-8.94254e-07
2.06734e-07
-2.91355e-06
-2.02518e-06
1.34317e-06
-2.87651e-06
-4.61212e-07
-1.97127e-06
-6.2387e-06
-3.62766e-07
-8.34862e-06
1.87363e-06
-1.04576e-05
3.83581e-06
-1.26881e-05
1.36385e-05
6.86102e-06
-1.06871e-05
7.66056e-06
3.21192e-06
5.81306e-06
9.22586e-06
3.51949e-06
9.41565e-06
1.75171e-06
6.32315e-06
2.15951e-06
4.92913e-06
2.60633e-06
3.00121e-06
2.4039e-06
6.72315e-07
1.36988e-06
-8.2425e-07
1.20432e-06
5.50595e-07
9.54027e-07
-6.43953e-07
1.52787e-07
-2.1123e-06
-1.72727e-07
1.66869e-06
-4.17745e-07
-2.1619e-07
-4.83424e-07
-6.17301e-06
9.09756e-08
-8.92301e-06
7.04864e-07
-1.10715e-05
7.76315e-07
-1.27595e-05
1.44148e-05
3.82802e-06
-1.1348e-05
6.73446e-06
-8.32105e-06
8.60758e-06
-6.61857e-06
9.85264e-06
-5.48409e-06
1.07396e-05
-4.67896e-06
1.13656e-05
-4.03913e-06
1.17367e-05
-3.48954e-06
1.19325e-05
-3.07191e-06
1.20274e-05
-2.78009e-06
1.20808e-05
-2.55679e-06
1.21172e-05
-2.31186e-06
1.21258e-05
-1.9549e-06
1.20773e-05
-1.41383e-06
1.19774e-05
-6.76819e-07
1.18002e-05
2.39588e-07
1.15427e-05
1.36787e-06
1.13254e-05
2.66201e-06
1.12308e-05
4.06443e-06
1.13207e-05
5.46749e-06
1.17706e-05
6.62709e-06
1.31491e-05
6.9252e-06
1.67066e-05
5.50343e-06
7.74719e-07
2.51117e-05
2.92853e-06
-1.42766e-05
5.43523e-06
-1.08278e-05
7.18261e-06
-8.366e-06
8.35028e-06
-6.6518e-06
9.17971e-06
-5.50843e-06
9.71977e-06
-4.57924e-06
9.97934e-06
-3.74916e-06
1.00193e-05
-3.11186e-06
9.94227e-06
-2.70315e-06
9.83157e-06
-2.44613e-06
9.73372e-06
-2.21405e-06
9.67102e-06
-1.89223e-06
9.65658e-06
-1.39941e-06
9.74537e-06
-7.65618e-07
9.98025e-06
4.69867e-09
1.03972e-05
9.50924e-07
1.1107e-05
1.95228e-06
1.22346e-05
2.93687e-06
1.38495e-05
3.85257e-06
1.60012e-05
4.47551e-06
1.87521e-05
4.17431e-06
2.20688e-05
2.18681e-06
-1.6237e-06
2.44672e-05
2.30221e-06
-1.65788e-05
4.13272e-06
-1.26583e-05
5.2229e-06
-9.45622e-06
5.9384e-06
-7.36733e-06
6.4815e-06
-6.05155e-06
6.83627e-06
-4.93402e-06
6.87675e-06
-3.78966e-06
6.71591e-06
-2.95104e-06
6.45301e-06
-2.44028e-06
6.18214e-06
-2.17528e-06
5.96851e-06
-2.00044e-06
5.86578e-06
-1.78952e-06
5.89963e-06
-1.43328e-06
6.15472e-06
-1.02071e-06
6.64534e-06
-4.85928e-07
7.36838e-06
2.279e-07
8.45884e-06
8.6184e-07
9.97898e-06
1.41676e-06
1.19465e-05
1.8851e-06
1.43167e-05
2.10535e-06
1.68604e-05
1.63076e-06
1.87539e-05
2.93381e-07
-1.98976e-06
1.912e-05
2.53811e-06
-1.9117e-05
2.88222e-06
-1.30024e-05
3.14927e-06
-9.72327e-06
3.36888e-06
-7.58693e-06
3.50917e-06
-6.19184e-06
3.36808e-06
-4.79294e-06
3.1706e-06
-3.59219e-06
2.80171e-06
-2.58217e-06
2.34292e-06
-1.98151e-06
1.89669e-06
-1.72906e-06
1.49969e-06
-1.60346e-06
1.31194e-06
-1.60179e-06
1.38336e-06
-1.50472e-06
1.70227e-06
-1.33964e-06
2.2062e-06
-9.89855e-07
2.92514e-06
-4.91037e-07
4.04486e-06
-2.57857e-07
5.60836e-06
-1.46718e-07
7.44636e-06
4.71442e-08
9.50688e-06
4.48786e-08
1.14421e-05
-3.04442e-07
1.23403e-05
-6.04702e-07
-1.0842e-06
1.14348e-05
3.13773e-07
-1.94307e-05
5.99709e-07
-1.32883e-05
7.37754e-07
-9.86128e-06
7.19094e-07
-7.56824e-06
2.39159e-07
-5.71189e-06
-7.3095e-07
-3.82282e-06
-1.47043e-06
-2.85271e-06
-2.13392e-06
-1.91869e-06
-2.84195e-06
-1.27349e-06
-3.51854e-06
-1.05249e-06
-4.02586e-06
-1.09616e-06
-4.28468e-06
-1.34299e-06
-4.22586e-06
-1.56355e-06
-3.92848e-06
-1.63703e-06
-3.4355e-06
-1.48284e-06
-2.65498e-06
-1.27156e-06
-1.54159e-06
-1.37124e-06
-1.32243e-07
-1.55605e-06
1.44719e-06
-1.53227e-06
3.03183e-06
-1.53973e-06
4.32478e-06
-1.59736e-06
5.11823e-06
-1.3981e-06
-1.28792e-06
5.32195e-06
-2.40375e-06
-1.70268e-05
-1.91464e-06
-1.37774e-05
-1.76957e-06
-1.00063e-05
-2.2682e-06
-7.06958e-06
-3.50212e-06
-4.47795e-06
-4.99391e-06
-2.33102e-06
-6.42748e-06
-1.41914e-06
-7.60204e-06
-7.44129e-07
-8.61481e-06
-2.60735e-07
-9.42741e-06
-2.39902e-07
-9.8921e-06
-6.31496e-07
-1.00944e-05
-1.14071e-06
-1.00311e-05
-1.6269e-06
-9.68796e-06
-1.98015e-06
-9.00742e-06
-2.16338e-06
-7.95596e-06
-2.32304e-06
-6.71371e-06
-2.61348e-06
-5.37743e-06
-2.89234e-06
-3.86618e-06
-3.04351e-06
-2.32061e-06
-3.08529e-06
-9.3001e-07
-2.98794e-06
3.93225e-07
-2.72133e-06
-2.50855e-06
1.61386e-06
-1.4075e-06
-1.56192e-05
-1.65219e-06
-1.35326e-05
-2.22034e-06
-9.43809e-06
-3.57103e-06
-5.71886e-06
-5.34116e-06
-2.7078e-06
-7.15749e-06
-5.14689e-07
-9.01001e-06
4.33381e-07
-1.06596e-05
9.05491e-07
-1.2e-05
1.07959e-06
-1.29853e-05
7.45392e-07
-1.36117e-05
-5.06722e-09
-1.38886e-05
-8.63842e-07
-1.38386e-05
-1.67688e-06
-1.34535e-05
-2.36527e-06
-1.27059e-05
-2.91093e-06
-1.16462e-05
-3.38276e-06
-1.03942e-05
-3.86547e-06
-8.99443e-06
-4.29214e-06
-7.42392e-06
-4.61401e-06
-5.75402e-06
-4.75518e-06
-4.0616e-06
-4.68035e-06
-2.32653e-06
-4.45639e-06
-4.19476e-06
-6.40318e-07
1.07669e-06
-1.66958e-05
1.31765e-06
-1.37735e-05
7.16513e-08
-8.19205e-06
-2.23365e-06
-3.41355e-06
-5.04625e-06
1.04801e-07
-7.64495e-06
2.08399e-06
-9.84451e-06
2.63293e-06
-1.18038e-05
2.86474e-06
-1.34924e-05
2.76824e-06
-1.47731e-05
2.02601e-06
-1.55349e-05
7.56761e-07
-1.59161e-05
-4.82596e-07
-1.59275e-05
-1.66551e-06
-1.55639e-05
-2.72887e-06
-1.48303e-05
-3.64448e-06
-1.37946e-05
-4.41846e-06
-1.25428e-05
-5.11721e-06
-1.10831e-05
-5.75181e-06
-9.41933e-06
-6.27773e-06
-7.5937e-06
-6.58078e-06
-5.65373e-06
-6.62028e-06
-3.61303e-06
-6.49705e-06
-6.33554e-06
-1.47223e-06
3.75895e-06
-2.04545e-05
5.26892e-06
-1.52832e-05
4.37587e-06
-7.2989e-06
1.01534e-06
-5.30359e-08
-3.4755e-06
4.59561e-06
-6.89223e-06
5.50069e-06
-9.17651e-06
4.91717e-06
-1.1318e-05
5.00624e-06
-1.32262e-05
4.67639e-06
-1.46972e-05
3.49694e-06
-1.55985e-05
1.65805e-06
-1.61142e-05
3.31143e-08
-1.62915e-05
-1.48822e-06
-1.60695e-05
-2.95077e-06
-1.54425e-05
-4.2715e-06
-1.44886e-05
-5.37227e-06
-1.32993e-05
-6.30648e-06
-1.18903e-05
-7.16078e-06
-1.0242e-05
-7.92596e-06
-8.38798e-06
-8.43475e-06
-6.381e-06
-8.6272e-06
-4.26357e-06
-8.61441e-06
-8.45768e-06
-2.14142e-06
-2.30175e-06
-1.81512e-05
3.58247e-06
-2.11665e-05
6.56901e-06
-1.02852e-05
2.19293e-06
4.32309e-06
-3.79195e-06
1.05802e-05
-6.93591e-06
8.64443e-06
-9.46226e-06
7.44332e-06
-1.12833e-05
6.82712e-06
-1.25143e-05
5.90728e-06
-1.34777e-05
4.46021e-06
-1.4394e-05
2.57423e-06
-1.50281e-05
6.67206e-07
-1.52747e-05
-1.24152e-06
-1.51578e-05
-3.06766e-06
-1.46832e-05
-4.7459e-06
-1.3854e-05
-6.2014e-06
-1.27315e-05
-7.42877e-06
-1.14103e-05
-8.48181e-06
-9.94991e-06
-9.38619e-06
-8.31353e-06
-1.00709e-05
-6.44173e-06
-1.04986e-05
-4.37205e-06
-1.0684e-05
-1.07107e-05
-2.11878e-06
8.98842e-06
-2.71385e-05
-1.08613e-06
-1.10915e-05
-6.18329e-06
-5.18802e-06
-7.23805e-06
5.37738e-06
-1.03572e-05
1.36989e-05
-1.42795e-05
1.25664e-05
-1.67216e-05
9.88501e-06
-1.76213e-05
7.72648e-06
-1.74617e-05
5.74739e-06
-1.68865e-05
3.88474e-06
-1.64101e-05
2.0977e-06
-1.59814e-05
2.38388e-07
-1.55379e-05
-1.68503e-06
-1.50363e-05
-3.56923e-06
-1.44425e-05
-5.33957e-06
-1.374e-05
-6.90384e-06
-1.29325e-05
-8.23615e-06
-1.20362e-05
-9.37801e-06
-1.10654e-05
-1.03568e-05
-1.00021e-05
-1.11337e-05
-8.82551e-06
-1.16748e-05
-7.53693e-06
-1.19724e-05
-1.16994e-05
-6.54939e-06
-6.76733e-06
-2.03722e-05
-1.06165e-05
-7.24346e-06
-1.59837e-05
1.78518e-07
-1.86341e-05
8.02739e-06
-1.79746e-05
1.30392e-05
-1.87108e-05
1.33023e-05
-1.97069e-05
1.08809e-05
-1.98868e-05
7.90625e-06
-1.90748e-05
4.93519e-06
-1.78415e-05
2.65122e-06
-1.68e-05
1.056e-06
-1.60579e-05
-5.03893e-07
-1.55067e-05
-2.23637e-06
-1.50528e-05
-4.02336e-06
-1.46545e-05
-5.73811e-06
-1.42799e-05
-7.27864e-06
-1.39034e-05
-8.61283e-06
-1.35222e-05
-9.75946e-06
-1.31451e-05
-1.07341e-05
-1.27694e-05
-1.15093e-05
-1.23865e-05
-1.20576e-05
-1.20045e-05
-1.23548e-05
-1.19598e-05
-1.17455e-05
-1.01444e-05
-1.02294e-05
-1.62353e-05
-1.15396e-06
-1.99964e-05
3.93893e-06
-2.07499e-05
8.78055e-06
-2.03082e-05
1.25972e-05
-1.98924e-05
1.28862e-05
-1.97271e-05
1.07154e-05
-1.92223e-05
7.40134e-06
-1.8243e-05
3.95573e-06
-1.70227e-05
1.43073e-06
-1.58359e-05
-1.30975e-07
-1.5104e-05
-1.23606e-06
-1.46195e-05
-2.72102e-06
-1.4302e-05
-4.34111e-06
-1.41207e-05
-5.91962e-06
-1.40377e-05
-7.36189e-06
-1.402e-05
-8.63076e-06
-1.4052e-05
-9.72782e-06
-1.41374e-05
-1.06489e-05
-1.4273e-05
-1.13737e-05
-1.44596e-05
-1.18711e-05
-1.47009e-05
-1.21138e-05
-1.17562e-05
-1.4906e-05
-9.32433e-06
-9.06929e-07
-1.46589e-05
4.17944e-06
-1.80072e-05
7.28656e-06
-1.93512e-05
1.0124e-05
-1.88631e-05
1.21089e-05
-1.80276e-05
1.20505e-05
-1.72882e-05
9.97567e-06
-1.66026e-05
6.71558e-06
-1.58267e-05
3.17973e-06
-1.49786e-05
5.82454e-07
-1.40621e-05
-1.04772e-06
-1.34962e-05
-1.80207e-06
-1.31605e-05
-3.05695e-06
-1.30201e-05
-4.48166e-06
-1.30468e-05
-5.8932e-06
-1.32117e-05
-7.1972e-06
-1.3478e-05
-8.36473e-06
-1.3822e-05
-9.3841e-06
-1.42326e-05
-1.02385e-05
-1.47027e-05
-1.09035e-05
-1.52128e-05
-1.13611e-05
-1.57329e-05
-1.15941e-05
-1.1304e-05
-1.61866e-05
-7.02749e-06
6.11932e-06
-1.16574e-05
8.8084e-06
-1.44996e-05
1.01281e-05
-1.55914e-05
1.12155e-05
-1.53473e-05
1.18645e-05
-1.44908e-05
1.11938e-05
-1.36159e-05
9.1006e-06
-1.30145e-05
6.11393e-06
-1.26465e-05
2.81164e-06
-1.22742e-05
2.10002e-07
-1.1965e-05
-1.3571e-06
-1.16416e-05
-2.1256e-06
-1.14807e-05
-3.21809e-06
-1.15092e-05
-4.45334e-06
-1.17084e-05
-5.69418e-06
-1.20558e-05
-6.84999e-06
-1.25163e-05
-7.90451e-06
-1.30637e-05
-8.8369e-06
-1.3679e-05
-9.6234e-06
-1.4339e-05
-1.02434e-05
-1.50192e-05
-1.0681e-05
-1.56794e-05
-1.09343e-05
-1.07296e-05
-1.62552e-05
-4.93617e-06
1.10542e-05
-8.18732e-06
1.20587e-05
-1.02538e-05
1.2194e-05
-1.11631e-05
1.21244e-05
-1.10281e-05
1.17291e-05
-1.03433e-05
1.05088e-05
-9.63242e-06
8.38955e-06
-9.18599e-06
5.66731e-06
-9.17345e-06
2.79893e-06
-9.32714e-06
3.63534e-07
-9.51611e-06
-1.16829e-06
-9.51304e-06
-2.12882e-06
-9.57932e-06
-3.15195e-06
-9.77917e-06
-4.25364e-06
-1.01335e-05
-5.33996e-06
-1.06157e-05
-6.36804e-06
-1.1202e-05
-7.31839e-06
-1.187e-05
-8.16913e-06
-1.25969e-05
-8.89668e-06
-1.33613e-05
-9.47885e-06
-1.41296e-05
-9.91277e-06
-1.48603e-05
-1.02038e-05
-1.0045e-05
-1.55463e-05
-3.03665e-06
1.40902e-05
-5.05019e-06
1.40717e-05
-6.33564e-06
1.3479e-05
-6.89639e-06
1.26848e-05
-6.79258e-06
1.1625e-05
-6.34408e-06
1.006e-05
-5.90601e-06
7.95129e-06
-5.72819e-06
5.48933e-06
-5.91814e-06
2.98871e-06
-6.39808e-06
8.43324e-07
-6.86531e-06
-7.01197e-07
-7.17882e-06
-1.81546e-06
-7.48562e-06
-2.84527e-06
-7.87096e-06
-3.86843e-06
-8.35973e-06
-4.85133e-06
-8.94379e-06
-5.78414e-06
-9.61018e-06
-6.65219e-06
-1.03439e-05
-7.43565e-06
-1.11269e-05
-8.1138e-06
-1.19325e-05
-8.673e-06
-1.27388e-05
-9.10649e-06
-1.35158e-05
-9.42717e-06
-9.31226e-06
-1.42499e-05
-1.49091e-06
1.55803e-05
-2.4714e-06
1.50517e-05
-3.08555e-06
1.40928e-05
-3.31431e-06
1.29133e-05
-3.19776e-06
1.15083e-05
-2.92665e-06
9.78874e-06
-2.73071e-06
7.75518e-06
-2.77768e-06
5.53613e-06
-3.1345e-06
3.34538e-06
-3.71364e-06
1.42232e-06
-4.31817e-06
-9.67938e-08
-4.84526e-06
-1.28849e-06
-5.34369e-06
-2.34696e-06
-5.87935e-06
-3.3329e-06
-6.47155e-06
-4.25925e-06
-7.12531e-06
-5.13053e-06
-7.83784e-06
-5.93984e-06
-8.59965e-06
-6.67404e-06
-9.39556e-06
-7.31799e-06
-1.02116e-05
-7.85674e-06
-1.10228e-05
-8.29532e-06
-1.18047e-05
-8.64552e-06
-8.54199e-06
-1.25763e-05
-3.53662e-07
1.59338e-05
-5.58788e-07
1.52565e-05
-6.58947e-07
1.41927e-05
-6.13875e-07
1.2868e-05
-4.51311e-07
1.13455e-05
-2.78075e-07
9.61534e-06
-2.2845e-07
7.70541e-06
-4.01283e-07
5.70883e-06
-8.21007e-07
3.76497e-06
-1.41947e-06
2.02066e-06
-2.07096e-06
5.54571e-07
-2.6932e-06
-6.66363e-07
-3.30224e-06
-1.73803e-06
-3.92456e-06
-2.71069e-06
-4.57599e-06
-3.60795e-06
-5.26439e-06
-4.44227e-06
-5.99095e-06
-5.21345e-06
-6.75125e-06
-5.91393e-06
-7.53662e-06
-6.53272e-06
-8.33031e-06
-7.06285e-06
-9.12159e-06
-7.50403e-06
-9.89686e-06
-7.87054e-06
-7.79039e-06
-1.06497e-05
3.56457e-07
1.55769e-05
6.62026e-07
1.49507e-05
9.28971e-07
1.39256e-05
1.18252e-06
1.26143e-05
1.41288e-06
1.1115e-05
1.56376e-06
9.46434e-06
1.56524e-06
7.70381e-06
1.36868e-06
5.90527e-06
9.70511e-07
4.16303e-06
4.22251e-07
2.56882e-06
-1.95851e-07
1.17257e-06
-8.27235e-07
-3.50763e-08
-1.46304e-06
-1.10232e-06
-2.10898e-06
-2.06485e-06
-2.77177e-06
-2.94528e-06
-3.45786e-06
-3.75632e-06
-4.16919e-06
-4.50228e-06
-4.90281e-06
-5.1805e-06
-5.65117e-06
-5.78445e-06
-6.40896e-06
-6.30487e-06
-7.1612e-06
-6.75176e-06
-7.8971e-06
-7.13487e-06
-7.04448e-06
-8.64431e-06
6.92344e-07
1.48845e-05
1.28929e-06
1.43536e-05
1.78967e-06
1.34251e-05
2.20112e-06
1.22028e-05
2.51648e-06
1.07995e-05
2.70695e-06
9.27378e-06
2.73802e-06
7.67264e-06
2.58924e-06
6.05396e-06
2.26802e-06
4.48416e-06
1.8127e-06
3.02405e-06
1.27683e-06
1.70835e-06
7.04619e-07
5.37054e-07
1.09664e-07
-5.07445e-07
-5.02822e-07
-1.45245e-06
-1.13348e-06
-2.31473e-06
-1.78386e-06
-3.10606e-06
-2.45331e-06
-3.83298e-06
-3.13924e-06
-4.49474e-06
-3.83862e-06
-5.08516e-06
-4.53912e-06
-5.60416e-06
-5.23769e-06
-6.05319e-06
-5.92982e-06
-6.44302e-06
-6.3578e-06
-6.61772e-06
7.59617e-07
1.41247e-05
1.48226e-06
1.36309e-05
2.11369e-06
1.27936e-05
2.63657e-06
1.16798e-05
3.03852e-06
1.03975e-05
3.30141e-06
9.01083e-06
3.40759e-06
7.5664e-06
3.35001e-06
6.11147e-06
3.13935e-06
4.69476e-06
2.80444e-06
3.3589e-06
2.38274e-06
2.12999e-06
1.90664e-06
1.01309e-06
1.39304e-06
6.09045e-09
8.51189e-07
-9.10674e-07
2.8657e-07
-1.75019e-06
-2.98459e-07
-2.52114e-06
-9.02804e-07
-3.22877e-06
-1.5244e-06
-3.87331e-06
-2.15664e-06
-4.45298e-06
-2.79797e-06
-4.96265e-06
-3.43258e-06
-5.41854e-06
-4.05268e-06
-5.82312e-06
-5.71088e-06
-4.70082e-06
6.8099e-07
1.34439e-05
1.41733e-06
1.28947e-05
2.10152e-06
1.21094e-05
2.69268e-06
1.10887e-05
3.16835e-06
9.92183e-06
3.51114e-06
8.66802e-06
3.70894e-06
7.36857e-06
3.75906e-06
6.06131e-06
3.67115e-06
4.78263e-06
3.46639e-06
3.56361e-06
3.17152e-06
2.42482e-06
2.81059e-06
1.37397e-06
2.40142e-06
4.15218e-07
1.95268e-06
-4.61992e-07
1.4731e-06
-1.27068e-06
9.67973e-07
-2.01611e-06
4.41147e-07
-2.70207e-06
-1.03132e-07
-3.32917e-06
-6.60612e-07
-3.89556e-06
-1.22249e-06
-4.40056e-06
-1.80028e-06
-4.84072e-06
-2.37655e-06
-5.24708e-06
-5.16823e-06
-2.92033e-06
5.47841e-07
1.28961e-05
1.2374e-06
1.22052e-05
1.92324e-06
1.14237e-05
2.5463e-06
1.04657e-05
3.07447e-06
9.39368e-06
3.48705e-06
8.25544e-06
3.77183e-06
7.08378e-06
3.9257e-06
5.90743e-06
3.95525e-06
4.75306e-06
3.87527e-06
3.64356e-06
3.70488e-06
2.59518e-06
3.46244e-06
1.61639e-06
3.164e-06
7.13622e-07
2.8175e-06
-1.15536e-07
2.43254e-06
-8.85775e-07
2.01621e-06
-1.59985e-06
1.57377e-06
-2.25973e-06
1.11034e-06
-2.86587e-06
6.31301e-07
-3.41657e-06
1.36319e-07
-3.90539e-06
-3.67964e-07
-4.33639e-06
-8.96711e-07
-4.71854e-06
-4.68784e-06
-1.37824e-06
4.20478e-07
1.2476e-05
1.04155e-06
1.15844e-05
1.70073e-06
1.07646e-05
2.32883e-06
9.83766e-06
2.8869e-06
8.83567e-06
3.35056e-06
7.79183e-06
3.70552e-06
6.72884e-06
3.94657e-06
5.66639e-06
4.07671e-06
4.62292e-06
4.1056e-06
3.61467e-06
4.04668e-06
2.65409e-06
3.91392e-06
1.74913e-06
3.72028e-06
9.0725e-07
3.47391e-06
1.30809e-07
3.18331e-06
-5.95219e-07
2.85645e-06
-1.27305e-06
2.49955e-06
-1.90292e-06
2.11772e-06
-2.48416e-06
1.7141e-06
-3.013e-06
1.29831e-06
-3.48939e-06
8.72371e-07
-3.91044e-06
4.48972e-07
-4.29532e-06
-4.23703e-06
-2.90473e-09
3.28455e-07
1.21478e-05
8.85819e-07
1.10272e-05
1.50903e-06
1.01416e-05
2.12591e-06
9.22092e-06
2.69471e-06
8.26697e-06
3.18893e-06
7.29768e-06
3.59259e-06
6.32523e-06
3.89835e-06
5.36065e-06
4.10624e-06
4.41506e-06
4.22195e-06
3.49897e-06
4.25476e-06
2.6213e-06
4.21511e-06
1.78878e-06
4.1128e-06
1.00956e-06
3.95602e-06
2.87572e-07
3.75212e-06
-3.91343e-07
3.50883e-06
-1.02981e-06
3.2321e-06
-1.62628e-06
2.92707e-06
-2.17923e-06
2.59991e-06
-2.68588e-06
2.25029e-06
-3.1396e-06
1.88823e-06
-3.54833e-06
1.51937e-06
-3.92667e-06
-3.83485e-06
1.11619e-06
2.84078e-07
1.18643e-05
7.96896e-07
1.05148e-05
1.38713e-06
9.55164e-06
1.98559e-06
8.62264e-06
2.55131e-06
7.70139e-06
3.05788e-06
6.7912e-06
3.48891e-06
5.89426e-06
3.83596e-06
5.01366e-06
4.09709e-06
4.15395e-06
4.27538e-06
3.32071e-06
4.37711e-06
2.51958e-06
4.41007e-06
1.75584e-06
4.3813e-06
1.03834e-06
4.29886e-06
3.70014e-07
4.16913e-06
-2.61631e-07
3.9988e-06
-8.59518e-07
3.79343e-06
-1.42097e-06
3.55744e-06
-1.94333e-06
3.29377e-06
-2.42224e-06
3.01023e-06
-2.85587e-06
2.70591e-06
-3.244e-06
2.38175e-06
-3.60261e-06
-3.50783e-06
2.05376e-06
2.8731e-07
1.15775e-05
7.81192e-07
1.00213e-05
1.349e-06
8.98412e-06
1.92863e-06
8.04323e-06
2.48285e-06
7.14732e-06
2.98748e-06
6.28668e-06
3.42729e-06
5.45454e-06
3.79407e-06
4.64694e-06
4.08522e-06
3.86285e-06
4.3024e-06
3.10357e-06
4.45011e-06
2.3719e-06
4.53426e-06
1.67172e-06
4.55975e-06
1.01288e-06
4.53447e-06
3.95297e-07
4.46393e-06
-1.9109e-07
4.35353e-06
-7.4915e-07
4.20767e-06
-1.27517e-06
4.03048e-06
-1.76621e-06
3.82658e-06
-2.21837e-06
3.59471e-06
-2.62382e-06
3.34148e-06
-2.99069e-06
3.07058e-06
-3.33194e-06
-3.204e-06
2.76585e-06
3.33121e-07
1.12449e-05
8.34287e-07
9.52056e-06
1.39338e-06
8.42533e-06
1.95792e-06
7.47892e-06
2.49648e-06
6.60892e-06
2.98884e-06
5.79445e-06
3.42242e-06
5.02106e-06
3.79057e-06
4.27887e-06
4.09129e-06
3.5622e-06
4.32603e-06
2.86887e-06
4.49851e-06
2.19947e-06
4.61344e-06
1.55683e-06
4.67453e-06
9.5182e-07
4.68935e-06
3.80501e-07
4.66249e-06
-1.64234e-07
4.59797e-06
-6.84648e-07
4.4993e-06
-1.17655e-06
4.36938e-06
-1.63637e-06
4.2092e-06
-2.0582e-06
4.02603e-06
-2.44046e-06
3.81602e-06
-2.7807e-06
3.57816e-06
-3.09412e-06
-2.95967e-06
3.33294e-06
4.13854e-07
1.08316e-05
9.46197e-07
8.98864e-06
1.51065e-06
7.86119e-06
2.06579e-06
6.924e-06
2.58734e-06
6.08753e-06
3.06029e-06
5.32162e-06
3.47601e-06
4.60544e-06
3.83058e-06
3.92437e-06
4.12374e-06
3.2691e-06
4.35781e-06
2.63486e-06
4.53666e-06
2.02066e-06
4.66412e-06
1.42941e-06
4.74412e-06
8.71856e-07
4.7834e-06
3.41236e-07
4.78571e-06
-1.66539e-07
4.75364e-06
-6.52582e-07
4.68931e-06
-1.11226e-06
4.59459e-06
-1.5417e-06
4.4728e-06
-1.93642e-06
4.32105e-06
-2.28856e-06
4.14521e-06
-2.60475e-06
3.94909e-06
-2.89822e-06
-2.73502e-06
3.72374e-06
5.2198e-07
1.03101e-05
1.10561e-06
8.4054e-06
1.68822e-06
7.27886e-06
2.23989e-06
6.37254e-06
2.7443e-06
5.58329e-06
3.19271e-06
4.87333e-06
3.58145e-06
4.21679e-06
3.9104e-06
3.59549e-06
4.18197e-06
2.99758e-06
4.40023e-06
2.41664e-06
4.57007e-06
1.85086e-06
4.69466e-06
1.30486e-06
4.77962e-06
7.86935e-07
4.83014e-06
2.90732e-07
4.84901e-06
-1.854e-07
4.83744e-06
-6.4102e-07
4.7964e-06
-1.07127e-06
4.72654e-06
-1.47189e-06
4.6275e-06
-1.83739e-06
4.50408e-06
-2.16497e-06
4.35343e-06
-2.45411e-06
4.17545e-06
-2.72019e-06
-2.55911e-06
3.99877e-06
6.51676e-07
9.65892e-06
1.30296e-06
7.75449e-06
1.91425e-06
6.66782e-06
2.46727e-06
5.81971e-06
2.95422e-06
5.09647e-06
3.37358e-06
4.45406e-06
3.72765e-06
3.8628e-06
4.02095e-06
3.30224e-06
4.25936e-06
2.75921e-06
4.44938e-06
2.22666e-06
4.5975e-06
1.70278e-06
4.7074e-06
1.19498e-06
4.78607e-06
7.08289e-07
4.83726e-06
2.39562e-07
4.86258e-06
-2.10726e-07
4.86182e-06
-6.40272e-07
4.83428e-06
-1.04377e-06
4.77975e-06
-1.41743e-06
4.69941e-06
-1.75707e-06
4.58997e-06
-2.0554e-06
4.45532e-06
-2.31938e-06
4.29847e-06
-2.56366e-06
-2.37805e-06
4.11675e-06
7.99288e-07
8.85992e-06
1.5321e-06
7.02194e-06
2.18045e-06
6.01965e-06
2.73747e-06
5.26281e-06
3.20496e-06
4.62908e-06
3.58996e-06
4.06912e-06
3.90179e-06
3.55101e-06
4.15042e-06
3.05364e-06
4.34576e-06
2.5639e-06
4.49727e-06
2.07517e-06
4.61349e-06
1.58657e-06
4.69977e-06
1.10872e-06
4.76357e-06
6.44498e-07
4.80761e-06
1.95518e-07
4.83192e-06
-2.35048e-07
4.83436e-06
-6.42743e-07
4.81269e-06
-1.02215e-06
4.76524e-06
-1.37005e-06
4.68993e-06
-1.68181e-06
4.59099e-06
-1.95638e-06
4.46403e-06
-2.19255e-06
4.30688e-06
-2.4065e-06
-2.2231e-06
4.15115e-06
9.64985e-07
7.89526e-06
1.79239e-06
6.19472e-06
2.48357e-06
5.3286e-06
3.04379e-06
4.70267e-06
3.4866e-06
4.18631e-06
3.82971e-06
3.72602e-06
4.09081e-06
3.28992e-06
4.28592e-06
2.85853e-06
4.42924e-06
2.42057e-06
4.53343e-06
1.97098e-06
4.60956e-06
1.51044e-06
4.66531e-06
1.05297e-06
4.70833e-06
6.01473e-07
4.74018e-06
1.63649e-07
4.7586e-06
-2.53487e-07
4.75887e-06
-6.43061e-07
4.73632e-06
-9.99668e-07
4.688e-06
-1.32183e-06
4.61439e-06
-1.60828e-06
4.51219e-06
-1.85414e-06
4.3849e-06
-2.06525e-06
4.23465e-06
-2.25663e-06
-2.05901e-06
4.06999e-06
1.15251e-06
6.74274e-06
2.0889e-06
5.25837e-06
2.82597e-06
4.59155e-06
3.38328e-06
4.14537e-06
3.79111e-06
3.77847e-06
4.0814e-06
3.43572e-06
4.28168e-06
3.08962e-06
4.41416e-06
2.72603e-06
4.49708e-06
2.33762e-06
4.54616e-06
1.92187e-06
4.57523e-06
1.48134e-06
4.59515e-06
1.03303e-06
4.61379e-06
5.82811e-07
4.63097e-06
1.46438e-07
4.641e-06
-2.6355e-07
4.63544e-06
-6.37567e-07
4.6068e-06
-9.71101e-07
4.55106e-06
-1.2662e-06
4.46704e-06
-1.52434e-06
4.35904e-06
-1.74615e-06
4.22556e-06
-1.93193e-06
4.06513e-06
-2.09621e-06
-1.91413e-06
3.91956e-06
1.37138e-06
5.37143e-06
2.43298e-06
4.19674e-06
3.21365e-06
3.81084e-06
3.75353e-06
3.60544e-06
4.10923e-06
3.42273e-06
4.33207e-06
3.21283e-06
4.46031e-06
2.96133e-06
4.52141e-06
2.66488e-06
4.5364e-06
2.32259e-06
4.5233e-06
1.93492e-06
4.49906e-06
1.50554e-06
4.47878e-06
1.05328e-06
4.4713e-06
5.90257e-07
4.47349e-06
1.44208e-07
4.47446e-06
-2.6458e-07
4.46068e-06
-6.23855e-07
4.42047e-06
-9.30982e-07
4.3498e-06
-1.19565e-06
4.25174e-06
-1.4264e-06
4.12771e-06
-1.62215e-06
3.9826e-06
-1.78689e-06
3.81932e-06
-1.9334e-06
-1.74993e-06
3.65455e-06
1.63628e-06
3.73491e-06
2.83853e-06
2.99433e-06
3.64992e-06
2.99932e-06
4.1449e-06
3.11036e-06
4.42391e-06
3.14364e-06
4.56307e-06
3.07359e-06
4.60972e-06
2.91462e-06
4.59326e-06
2.68128e-06
4.53482e-06
2.38097e-06
4.45345e-06
2.01624e-06
4.36959e-06
1.58934e-06
4.30468e-06
1.11814e-06
4.27064e-06
6.24237e-07
4.25867e-06
1.56124e-07
4.25058e-06
-2.56565e-07
4.22576e-06
-5.99122e-07
4.16774e-06
-8.73077e-07
4.07338e-06
-1.10141e-06
3.94896e-06
-1.3021e-06
3.80576e-06
-1.47904e-06
3.64652e-06
-1.62792e-06
3.47187e-06
-1.75884e-06
-1.59927e-06
3.32051e-06
1.96913e-06
1.76557e-06
3.3127e-06
1.65054e-06
4.11676e-06
2.19508e-06
4.52291e-06
2.70406e-06
4.69873e-06
2.9677e-06
4.74458e-06
3.02764e-06
4.70854e-06
2.95057e-06
4.61532e-06
2.77442e-06
4.48229e-06
2.51393e-06
4.32777e-06
2.17069e-06
4.17657e-06
1.74047e-06
4.06148e-06
1.23316e-06
4.00054e-06
6.85106e-07
3.9743e-06
1.82278e-07
3.95545e-06
-2.37802e-07
3.91534e-06
-5.59123e-07
3.83019e-06
-7.88048e-07
3.70103e-06
-9.72407e-07
3.54549e-06
-1.1467e-06
3.37557e-06
-1.30923e-06
3.20079e-06
-1.45328e-06
3.0262e-06
-1.58471e-06
-1.44901e-06
2.87548e-06
2.4027e-06
-6.37544e-07
3.82004e-06
2.3287e-07
4.52878e-06
1.4861e-06
4.79501e-06
2.43765e-06
4.86223e-06
2.90035e-06
4.83148e-06
3.05828e-06
4.73238e-06
3.04957e-06
4.57663e-06
2.93009e-06
4.37462e-06
2.71586e-06
4.14281e-06
2.40242e-06
3.9128e-06
1.97039e-06
3.74125e-06
1.40462e-06
3.6507e-06
7.75555e-07
3.60474e-06
2.28127e-07
3.56747e-06
-2.00662e-07
3.50226e-06
-4.94046e-07
3.37987e-06
-6.6582e-07
3.20639e-06
-7.99096e-07
3.01249e-06
-9.52972e-07
2.81852e-06
-1.11542e-06
2.62988e-06
-1.26494e-06
2.44571e-06
-1.40068e-06
-1.32914e-06
2.32536e-06
2.72193e-06
-3.35994e-06
4.04699e-06
-1.09254e-06
4.60408e-06
9.28772e-07
4.75751e-06
2.28405e-06
4.79995e-06
2.85777e-06
4.7705e-06
3.08762e-06
4.66326e-06
3.15672e-06
4.47883e-06
3.11443e-06
4.22323e-06
2.97138e-06
3.90918e-06
2.71638e-06
3.57264e-06
2.30684e-06
3.32472e-06
1.65243e-06
3.2078e-06
8.92354e-07
3.12614e-06
3.09656e-07
3.05372e-06
-1.28384e-07
2.94847e-06
-3.88952e-07
2.77689e-06
-4.94407e-07
2.55324e-06
-5.75634e-07
2.33099e-06
-7.30921e-07
2.12523e-06
-9.09849e-07
1.92946e-06
-1.06939e-06
1.73118e-06
-1.20282e-06
-1.21744e-06
1.61905e-06
2.03968e-06
-5.39992e-06
3.29022e-06
-2.34328e-06
3.76727e-06
4.51589e-07
4.17266e-06
1.87854e-06
4.43024e-06
2.6001e-06
4.54656e-06
2.97122e-06
4.51395e-06
3.18926e-06
4.35056e-06
3.27776e-06
4.06909e-06
3.25279e-06
3.67532e-06
3.11009e-06
3.19273e-06
2.78936e-06
2.96218e-06
1.88291e-06
2.70093e-06
1.15353e-06
2.50852e-06
5.01978e-07
2.3629e-06
1.71485e-08
2.15435e-06
-1.80488e-07
1.9523e-06
-2.92471e-07
1.70572e-06
-3.29172e-07
1.49246e-06
-5.17778e-07
1.3141e-06
-7.31615e-07
1.14468e-06
-9.00199e-07
9.45949e-07
-1.00425e-06
-1.03823e-06
7.66455e-07
4.23636e-08
1.29901e-06
2.13359e-06
3.30665e-06
3.99345e-06
4.32666e-06
4.40377e-06
4.28876e-06
4.01568e-06
3.58619e-06
2.99395e-06
2.42258e-06
1.90098e-06
1.61368e-06
1.39336e-06
1.0913e-06
8.51347e-07
6.74557e-07
5.56034e-07
4.75957e-07
4.10826e-07
3.31631e-07
2.13657e-07
2.58758e-05
-7.64241e-07
2.76212e-05
-1.74544e-06
2.87573e-05
-1.13612e-06
-4.50659e-07
2.9208e-05
2.55641e-05
-1.86107e-06
2.57805e-05
-1.96191e-06
2.57334e-05
-1.08896e-06
1.99633e-07
2.50831e-05
1.8774e-05
-1.51509e-06
1.81994e-05
-1.38727e-06
1.74947e-05
-3.84324e-07
1.062e-06
1.66324e-05
1.05593e-05
-6.39611e-07
9.60131e-06
-4.29286e-07
9.04482e-06
1.72179e-07
9.00439e-07
9.20638e-06
5.23535e-06
-5.53004e-07
5.19524e-06
-3.89139e-07
5.41334e-06
-4.59251e-08
4.07916e-07
5.90588e-06
2.14534e-06
-1.08447e-06
2.69328e-06
-9.37097e-07
3.35028e-06
-7.02898e-07
-3.88401e-07
4.1466e-06
1.77887e-07
-1.90267e-06
1.03132e-06
-1.7905e-06
1.93016e-06
-1.60174e-06
-1.33911e-06
2.88087e-06
-6.64424e-07
-2.71047e-06
9.92821e-08
-2.55421e-06
8.90949e-07
-2.3934e-06
-2.22509e-06
1.77694e-06
-1.12951e-06
-3.72236e-06
-1.97894e-07
-3.48582e-06
7.107e-07
-3.30196e-06
-3.17917e-06
1.6648e-06
-1.13253e-06
-4.7088e-06
-2.13971e-07
-4.4042e-06
5.64348e-07
-4.08014e-06
-3.92774e-06
1.31306e-06
-6.01764e-06
-5.24059e-06
-5.69007e-06
-4.73137e-06
-5.33019e-06
-4.4395e-06
-4.34212e-06
-4.91511e-06
-1.19345e-05
-5.05187e-06
-1.20342e-05
-4.63151e-06
-1.20412e-05
-4.43203e-06
-4.38134e-06
-1.20014e-05
-1.50745e-05
-4.88351e-06
-1.51374e-05
-4.56848e-06
-1.51486e-05
-4.42031e-06
-4.38892e-06
-1.51405e-05
-1.63906e-05
-4.67983e-06
-1.65435e-05
-4.4154e-06
-1.66669e-05
-4.29641e-06
-4.31954e-06
-1.67357e-05
-1.65465e-05
-4.38869e-06
-1.68183e-05
-4.14349e-06
-1.70599e-05
-4.05433e-06
-4.1341e-06
-1.72447e-05
-1.59025e-05
-4.03278e-06
-1.62543e-05
-3.79148e-06
-1.65934e-05
-3.71475e-06
-3.84764e-06
-1.68792e-05
-1.46486e-05
-3.63436e-06
-1.50516e-05
-3.38832e-06
-1.54394e-05
-3.32639e-06
-3.50097e-06
-1.57854e-05
-1.29892e-05
-3.2217e-06
-1.34087e-05
-2.96867e-06
-1.38286e-05
-2.90599e-06
-3.11751e-06
-1.42114e-05
-1.10632e-05
-2.80845e-06
-1.1485e-05
-2.54675e-06
-1.18976e-05
-2.49286e-06
-2.73144e-06
-1.2283e-05
-9.03863e-06
-2.41434e-06
-9.4396e-06
-2.14566e-06
-9.84549e-06
-2.08645e-06
-2.35047e-06
-1.02259e-05
-6.99235e-06
-2.03994e-06
-7.37232e-06
-1.76548e-06
-7.74424e-06
-1.71407e-06
-1.99694e-06
-8.09718e-06
-5.04411e-06
-1.69683e-06
-5.39087e-06
-1.41862e-06
-5.74268e-06
-1.36175e-06
-1.6656e-06
-6.07345e-06
-3.23463e-06
-1.38273e-06
-3.55231e-06
-1.10072e-06
-3.85916e-06
-1.05448e-06
-1.37544e-06
-4.14875e-06
-1.62911e-06
-1.13204e-06
-1.90068e-06
-8.29106e-07
-2.19237e-06
-7.62303e-07
-1.08809e-06
-2.47921e-06
-2.52449e-07
-8.82714e-07
-5.00235e-07
-5.81102e-07
-7.39402e-07
-5.22793e-07
-8.55302e-07
-9.71662e-07
9.07774e-07
-6.74456e-07
6.9841e-07
-3.71737e-07
4.82472e-07
-3.06389e-07
-6.50702e-07
2.78331e-07
1.87331e-06
-4.94172e-07
1.69111e-06
-1.89287e-07
1.51664e-06
-1.31645e-07
-4.80608e-07
1.34705e-06
2.61804e-06
-3.46519e-07
2.46911e-06
-4.04574e-08
2.30991e-06
2.80053e-08
-3.26474e-07
2.15616e-06
3.2049e-06
-2.18682e-07
3.07662e-06
8.80918e-08
2.95328e-06
1.51527e-07
-2.00766e-07
2.82802e-06
3.61865e-06
-1.13711e-07
3.51459e-06
1.92009e-07
3.39957e-06
2.66976e-07
-8.53651e-08
3.28448e-06
3.90814e-06
-2.31883e-08
3.81941e-06
2.81075e-07
3.73652e-06
3.49964e-07
5.72889e-09
3.64581e-06
4.04776e-06
4.56494e-08
3.98372e-06
3.44842e-07
3.91027e-06
4.23792e-07
8.76728e-08
3.82851e-06
4.0951e-06
1.01488e-07
4.0482e-06
3.92017e-07
4.00646e-06
4.65476e-07
1.46535e-07
3.94786e-06
4.03033e-06
1.40978e-07
4.00415e-06
4.17831e-07
3.96954e-06
5.00356e-07
1.99005e-07
3.91714e-06
3.88835e-06
1.72034e-07
3.87364e-06
4.32811e-07
3.86501e-06
5.08829e-07
2.33004e-07
3.83116e-06
3.6356e-06
1.9075e-07
3.63607e-06
4.31852e-07
3.63059e-06
5.14476e-07
2.63107e-07
3.60043e-06
3.30659e-06
2.04399e-07
3.31366e-06
4.24964e-07
3.32657e-06
5.01282e-07
2.77841e-07
3.31186e-06
2.87051e-06
2.09152e-07
2.88802e-06
4.06961e-07
2.90251e-06
4.86864e-07
2.88806e-07
2.89143e-06
2.33472e-06
1.99644e-07
2.37594e-06
3.65948e-07
2.42428e-06
4.38275e-07
2.74463e-07
2.43858e-06
1.66e-06
1.58524e-07
1.77008e-06
2.5544e-07
1.88399e-06
3.24355e-07
2.20956e-07
1.93735e-06
9.05836e-07
1.89859e-08
1.12296e-06
3.83959e-08
1.35939e-06
8.77175e-08
6.44746e-08
1.5157e-06
2.9957e-07
4.04595e-07
5.14017e-07
5.9409e-07
2.00451e-05
-1.52412e-06
1.77542e-05
5.50281e-06
1.59124e-05
1.10676e-05
1.32197e-05
1.21083e-05
9.59718e-06
9.94571e-06
7.43823e-06
7.08809e-06
6.6062e-06
3.83324e-06
5.55778e-06
1.72075e-06
4.16244e-06
5.7111e-07
3.91516e-06
7.97885e-07
3.38182e-06
-1.10607e-07
2.11346e-06
-8.43941e-07
3.32725e-06
4.54908e-07
4.10733e-06
-9.96273e-07
2.84161e-06
-4.90728e-06
1.29024e-06
-7.37162e-06
-1.15536e-06
-8.62588e-06
-6.25577e-06
-7.65906e-06
8.15904e-06
1.91061e-05
4.45285e-06
1.58499e-05
8.75903e-06
1.61973e-05
1.07201e-05
1.66377e-05
1.1668e-05
1.41869e-05
1.23965e-05
1.16459e-05
9.62919e-06
1.02224e-05
5.25671e-06
9.00586e-06
2.9373e-06
7.91487e-06
1.6621e-06
7.41735e-06
1.29541e-06
6.90442e-06
4.02336e-07
6.38804e-06
-3.27551e-07
7.18023e-06
-3.37283e-07
7.53688e-06
-1.35291e-06
5.95695e-06
-3.32733e-06
2.78999e-06
-4.20465e-06
-1.99881e-06
-3.83705e-06
-7.29736e-06
-2.36055e-06
8.61742e-07
1.46162e-05
6.46897e-06
1.44897e-05
8.88558e-06
1.56478e-05
9.56197e-06
1.67449e-05
1.05709e-05
1.70619e-05
1.20796e-05
1.64369e-05
1.02542e-05
1.51355e-05
6.55805e-06
1.40226e-05
4.05025e-06
1.3192e-05
2.4927e-06
1.26356e-05
1.85189e-06
1.20583e-05
9.7961e-07
1.14902e-05
2.40587e-07
1.12899e-05
-1.37022e-07
1.04652e-05
-5.28128e-07
8.01938e-06
-8.81519e-07
4.05865e-06
-2.43894e-07
-9.48289e-07
1.16989e-06
-4.76455e-06
1.45582e-06
-3.90284e-06
1.06536e-05
5.02174e-06
1.25202e-05
7.01904e-06
1.42325e-05
7.84964e-06
1.60033e-05
8.80012e-06
1.84271e-05
9.65568e-06
1.95658e-05
9.11551e-06
1.94353e-05
6.68859e-06
1.92668e-05
4.21881e-06
1.89992e-05
2.76028e-06
1.88011e-05
2.04995e-06
1.83042e-05
1.47659e-06
1.74293e-05
1.1155e-06
1.61388e-05
1.15341e-06
1.40534e-05
1.5573e-06
1.08439e-05
2.32805e-06
6.91697e-06
3.683e-06
2.97017e-06
5.11674e-06
1.21305e-07
4.30464e-06
-3.78147e-06
8.11428e-06
2.81336e-06
1.0579e-05
4.55435e-06
1.29054e-05
5.5232e-06
1.53273e-05
6.37829e-06
1.79834e-05
6.99958e-06
2.0433e-05
6.66585e-06
2.19378e-05
5.18384e-06
2.26503e-05
3.50629e-06
2.30287e-05
2.38189e-06
2.32159e-05
1.86276e-06
2.30133e-05
1.67925e-06
2.22645e-05
1.86429e-06
2.08305e-05
2.58744e-06
1.84872e-05
3.90062e-06
1.52641e-05
5.55114e-06
1.1631e-05
7.3161e-06
8.2569e-06
8.49077e-06
5.14639e-06
7.41523e-06
1.36489e-06
6.49295e-06
4.6702e-07
9.13244e-06
1.91487e-06
1.18112e-05
2.84448e-06
1.4625e-05
3.56449e-06
1.76153e-05
4.00925e-06
2.04678e-05
3.81334e-06
2.26981e-05
2.95356e-06
2.4231e-05
1.97336e-06
2.52411e-05
1.37186e-06
2.5829e-05
1.27482e-06
2.59193e-05
1.58904e-06
2.54015e-05
2.38203e-06
2.41065e-05
3.8824e-06
2.18099e-05
6.19728e-06
1.86245e-05
8.73646e-06
1.49217e-05
1.10189e-05
1.10643e-05
1.23482e-05
6.7061e-06
1.17734e-05
8.07099e-06
5.35613e-06
-2.00824e-06
8.09896e-06
-8.27964e-07
1.09898e-05
-4.63525e-08
1.40105e-05
5.43812e-07
1.71644e-05
8.55316e-07
2.02104e-05
7.67304e-07
2.28158e-05
3.4821e-07
2.48549e-05
-6.57491e-08
2.63345e-05
-1.07763e-07
2.72476e-05
3.61759e-07
2.75317e-05
1.30488e-06
2.7121e-05
2.79273e-06
2.59173e-05
5.08612e-06
2.35415e-05
8.57303e-06
2.0265e-05
1.20129e-05
1.60979e-05
1.51861e-05
1.12163e-05
1.72297e-05
5.99974e-06
1.69899e-05
1.40707e-05
4.50549e-06
-4.73676e-06
7.39535e-06
-3.7178e-06
1.04141e-05
-3.06509e-06
1.3588e-05
-2.63003e-06
1.68419e-05
-2.3986e-06
1.99634e-05
-2.35423e-06
2.27209e-05
-2.40921e-06
2.49808e-05
-2.32566e-06
2.6691e-05
-1.81801e-06
2.77606e-05
-7.07848e-07
2.80334e-05
1.03206e-06
2.72315e-05
3.59458e-06
2.57196e-05
6.59797e-06
2.3194e-05
1.10985e-05
1.98271e-05
1.53796e-05
1.52754e-05
1.97376e-05
9.66741e-06
2.28375e-05
4.23364e-06
2.24235e-05
1.83043e-05
4.11841e-06
-7.19032e-06
6.99753e-06
-6.5969e-06
1.00988e-05
-6.16632e-06
1.33722e-05
-5.90345e-06
1.6747e-05
-5.77337e-06
1.99993e-05
-5.60655e-06
2.28412e-05
-5.25105e-06
2.51003e-05
-4.58477e-06
2.67122e-05
-3.42992e-06
2.76945e-05
-1.69019e-06
2.78415e-05
8.84894e-07
2.53027e-05
6.13308e-06
2.2233e-05
9.66726e-06
2.00594e-05
1.32716e-05
1.6731e-05
1.87073e-05
1.26779e-05
2.379e-05
7.76775e-06
2.77468e-05
2.15212e-06
2.80385e-05
2.04561e-05
3.70189e-06
-9.57871e-06
6.59103e-06
-9.48583e-06
9.7532e-06
-9.32836e-06
1.30993e-05
-9.24939e-06
1.65955e-05
-9.26952e-06
1.99136e-05
-8.92452e-06
2.25869e-05
-7.92425e-06
2.40806e-05
-6.0785e-06
2.41731e-05
-3.52242e-06
2.30375e-05
-5.54775e-07
2.21022e-05
1.81983e-06
2.22116e-05
6.02307e-06
2.07924e-05
1.10857e-05
1.85026e-05
1.55604e-05
1.41583e-05
2.30503e-05
1.07639e-05
2.71829e-05
9.50472e-06
2.90045e-05
5.60407e-06
3.19373e-05
2.60584e-05
-4.65557e-06
-9.83733e-06
-4.11905e-06
-1.0022e-05
-3.53943e-06
-9.90775e-06
-1.87361e-06
-1.0915e-05
1.94822e-06
-1.30912e-05
5.96559e-06
-1.29417e-05
9.07217e-06
-1.10307e-05
9.28511e-06
-6.29139e-06
8.5952e-06
-2.83255e-06
7.97268e-06
6.76338e-08
8.94969e-06
8.42656e-07
1.09073e-05
4.06525e-06
1.15709e-05
1.04218e-05
9.73601e-06
1.73947e-05
8.28095e-06
2.45046e-05
8.02131e-06
2.74418e-05
8.46089e-06
2.85638e-05
9.23073e-06
3.11653e-05
3.52885e-05
-1.12362e-05
-1.06018e-05
-1.08199e-05
-1.04379e-05
-1.02399e-05
-1.04877e-05
-9.12956e-06
-1.20253e-05
-7.36714e-06
-1.48535e-05
-5.22703e-06
-1.50817e-05
-4.04706e-06
-1.22106e-05
-3.90854e-06
-6.42981e-06
-4.14033e-06
-2.60067e-06
-3.87121e-06
-2.0136e-07
-3.28748e-06
2.59109e-07
-2.657e-06
3.43502e-06
-2.98012e-06
1.07452e-05
-3.3034e-06
1.77183e-05
-2.45848e-06
2.36601e-05
-1.86488e-06
2.68487e-05
-1.86486e-06
2.85641e-05
-7.31962e-07
3.00331e-05
3.45569e-05
-1.46998e-05
-1.10416e-05
-1.4222e-05
-1.09155e-05
-1.35069e-05
-1.12027e-05
-1.29638e-05
-1.25683e-05
-1.31299e-05
-1.46873e-05
-1.33668e-05
-1.48448e-05
-1.40541e-05
-1.15231e-05
-1.38874e-05
-6.5964e-06
-1.34886e-05
-2.99927e-06
-1.30526e-05
-6.37211e-07
-1.3776e-05
9.82842e-07
-1.48954e-05
4.55474e-06
-1.46766e-05
1.05268e-05
-1.33874e-05
1.64295e-05
-1.12048e-05
2.14782e-05
-8.85179e-06
2.44963e-05
-6.62276e-06
2.63359e-05
-4.62404e-06
2.80348e-05
2.99334e-05
-1.65837e-05
-1.11927e-05
-1.63491e-05
-1.11497e-05
-1.6121e-05
-1.14308e-05
-1.62684e-05
-1.24207e-05
-1.74103e-05
-1.35452e-05
-1.91827e-05
-1.30722e-05
-2.04046e-05
-1.03011e-05
-2.05833e-05
-6.41753e-06
-2.04755e-05
-3.10683e-06
-2.05864e-05
-5.26217e-07
-2.1393e-05
1.78972e-06
-2.20841e-05
5.24607e-06
-2.1609e-05
1.0052e-05
-1.99783e-05
1.47992e-05
-1.72531e-05
1.87535e-05
-1.40575e-05
2.13013e-05
-1.05084e-05
2.27872e-05
-6.13115e-06
2.36582e-05
2.38027e-05
-1.73822e-05
-1.10543e-05
-1.74828e-05
-1.10488e-05
-1.77573e-05
-1.11561e-05
-1.85419e-05
-1.1636e-05
-2.01013e-05
-1.19857e-05
-2.19765e-05
-1.11969e-05
-2.3358e-05
-8.9194e-06
-2.39805e-05
-5.79482e-06
-2.42409e-05
-2.84629e-06
-2.45439e-05
-2.23109e-07
-2.5095e-05
2.34104e-06
-2.53638e-05
5.51501e-06
-2.46348e-05
9.32308e-06
-2.2836e-05
1.30007e-05
-2.00538e-05
1.59715e-05
-1.65698e-05
1.78176e-05
-1.23766e-05
1.85943e-05
-7.121e-06
1.84031e-05
1.66819e-05
-1.72487e-05
-1.06838e-05
-1.76453e-05
-1.06519e-05
-1.82659e-05
-1.05353e-05
-1.93191e-05
-1.05826e-05
-2.08886e-05
-1.0416e-05
-2.26232e-05
-9.46206e-06
-2.40184e-05
-7.52405e-06
-2.48225e-05
-4.99055e-06
-2.5278e-05
-2.39065e-06
-2.55974e-05
9.64277e-08
-2.58542e-05
2.5979e-06
-2.57138e-05
5.37467e-06
-2.47642e-05
8.37357e-06
-2.2897e-05
1.11335e-05
-2.01524e-05
1.32269e-05
-1.66591e-05
1.43243e-05
-1.23769e-05
1.43122e-05
-7.02732e-06
1.30536e-05
9.65475e-06
-1.63434e-05
-1.01249e-05
-1.69359e-05
-1.0059e-05
-1.77402e-05
-9.73085e-06
-1.88646e-05
-9.4581e-06
-2.03067e-05
-8.97364e-06
-2.18203e-05
-7.94832e-06
-2.30698e-05
-6.27436e-06
-2.3902e-05
-4.15811e-06
-2.43862e-05
-1.90636e-06
-2.46233e-05
3.33632e-07
-2.46232e-05
2.59785e-06
-2.41898e-05
4.94139e-06
-2.3083e-05
7.26677e-06
-2.12166e-05
9.26708e-06
-1.8604e-05
1.06142e-05
-1.53026e-05
1.10228e-05
-1.1278e-05
1.02875e-05
-6.32036e-06
8.09616e-06
3.33426e-06
-1.48565e-05
-9.47891e-06
-1.55539e-05
-9.36115e-06
-1.64189e-05
-8.86563e-06
-1.75019e-05
-8.37491e-06
-1.87679e-05
-7.70747e-06
-2.00458e-05
-6.67014e-06
-2.1119e-05
-5.20101e-06
-2.1864e-05
-3.41291e-06
-2.22842e-05
-1.48598e-06
-2.24107e-05
4.60244e-07
-2.22279e-05
2.41508e-06
-2.16194e-05
4.33295e-06
-2.04515e-05
6.09886e-06
-1.86666e-05
7.48222e-06
-1.62712e-05
8.2188e-06
-1.32994e-05
8.05082e-06
-9.72534e-06
6.7133e-06
-5.40679e-06
3.77737e-06
-2.07245e-06
-1.29853e-05
-8.77571e-06
-1.37126e-05
-8.63346e-06
-1.45646e-05
-8.01338e-06
-1.55539e-05
-7.38542e-06
-1.66377e-05
-6.62351e-06
-1.76962e-05
-5.6114e-06
-1.85841e-05
-4.31289e-06
-1.92057e-05
-2.79107e-06
-1.95338e-05
-1.1578e-06
-1.95651e-05
4.91679e-07
-1.9275e-05
2.12505e-06
-1.8596e-05
3.65407e-06
-1.7456e-05
4.95884e-06
-1.58244e-05
5.85061e-06
-1.37114e-05
6.1057e-06
-1.11376e-05
5.47687e-06
-8.09121e-06
3.66673e-06
-4.44061e-06
1.26816e-07
-6.51328e-06
-1.0905e-05
-8.09562e-06
-1.16171e-05
-7.92097e-06
-1.24121e-05
-7.21815e-06
-1.32879e-05
-6.50945e-06
-1.42029e-05
-5.70828e-06
-1.50713e-05
-4.74277e-06
-1.57928e-05
-3.59125e-06
-1.62926e-05
-2.29104e-06
-1.65351e-05
-9.15085e-07
-1.65019e-05
4.58565e-07
-1.61697e-05
1.79297e-06
-1.54995e-05
2.98395e-06
-1.4456e-05
3.91535e-06
-1.30286e-05
4.42316e-06
-1.12301e-05
4.30723e-06
-9.08302e-06
3.32966e-06
-6.55878e-06
1.1424e-06
-3.53159e-06
-2.90068e-06
-1.00448e-05
-8.76101e-06
-7.4309e-06
-9.42832e-06
-7.25326e-06
-1.01499e-05
-6.49632e-06
-1.09128e-05
-5.74639e-06
-1.16809e-05
-4.93995e-06
-1.23923e-05
-4.03119e-06
-1.29756e-05
-3.00769e-06
-1.33734e-05
-1.89306e-06
-1.35505e-05
-7.37854e-07
-1.34882e-05
3.96461e-07
-1.31622e-05
1.46704e-06
-1.25548e-05
2.37658e-06
-1.16516e-05
3.01219e-06
-1.0455e-05
3.22658e-06
-8.98258e-06
2.8348e-06
-7.24208e-06
1.58908e-06
-5.19882e-06
-9.01029e-07
-2.76171e-06
-5.3377e-06
-1.28067e-05
-6.66584e-06
-6.83764e-06
-7.28001e-06
-6.6387e-06
-7.92254e-06
-5.85358e-06
-8.58115e-06
-5.0876e-06
-9.22639e-06
-4.2945e-06
-9.81242e-06
-3.44494e-06
-1.02878e-05
-2.53206e-06
-1.06088e-05
-1.57193e-06
-1.07454e-05
-6.01037e-07
-1.06799e-05
3.31055e-07
-1.03946e-05
1.18189e-06
-9.88238e-06
1.86442e-06
-9.14177e-06
2.27163e-06
-8.18242e-06
2.26727e-06
-7.01947e-06
1.67184e-06
-5.65901e-06
2.28572e-07
-4.06191e-06
-2.49815e-06
-2.17447e-06
-7.22542e-06
-1.4981e-05
-4.70466e-06
-6.2809e-06
-5.263e-06
-6.07997e-06
-5.83063e-06
-5.28575e-06
-6.39795e-06
-4.5201e-06
-6.94286e-06
-3.74939e-06
-7.43136e-06
-2.95623e-06
-7.82597e-06
-2.13725e-06
-8.0937e-06
-1.30401e-06
-8.21084e-06
-4.83734e-07
-8.16274e-06
2.83089e-07
-7.93814e-06
9.57402e-07
-7.53634e-06
1.4627e-06
-6.96279e-06
1.69814e-06
-6.23059e-06
1.5351e-06
-5.35437e-06
7.95627e-07
-4.32374e-06
-8.02097e-07
-3.12316e-06
-3.69885e-06
-1.71247e-06
-8.63593e-06
-1.66937e-05
-2.97613e-06
-5.78318e-06
-3.45038e-06
-5.60533e-06
-3.94052e-06
-4.79541e-06
-4.42864e-06
-4.0318e-06
-4.89309e-06
-3.28475e-06
-5.30721e-06
-2.54191e-06
-5.64344e-06
-1.80083e-06
-5.8773e-06
-1.06997e-06
-5.99074e-06
-3.70128e-07
-5.97301e-06
2.65499e-07
-5.81808e-06
8.02587e-07
-5.52903e-06
1.17375e-06
-5.11508e-06
1.28425e-06
-4.58988e-06
1.00995e-06
-3.96075e-06
1.66518e-07
-3.22809e-06
-1.53477e-06
-2.37199e-06
-4.55491e-06
-1.35263e-06
-9.65557e-06
-1.80461e-05
-1.46885e-06
-5.28523e-06
-1.85976e-06
-5.21406e-06
-2.28092e-06
-4.37406e-06
-2.70614e-06
-3.60642e-06
-3.10812e-06
-2.88258e-06
-3.46692e-06
-2.18291e-06
-3.76241e-06
-1.50514e-06
-3.97684e-06
-8.55365e-07
-4.09701e-06
-2.49809e-07
-4.1156e-06
2.84226e-07
-4.031e-06
7.18099e-07
-3.84824e-06
9.91079e-07
-3.57769e-06
1.01377e-06
-3.23257e-06
6.64886e-07
-2.82041e-06
-2.45631e-07
-2.33469e-06
-2.02049e-06
-1.76041e-06
-5.12929e-06
-1.04637e-06
-1.03693e-05
-1.90927e-05
-7.70382e-08
-4.92911e-06
-4.80052e-07
-4.81068e-06
-8.68113e-07
-3.9858e-06
-1.24244e-06
-3.23193e-06
-1.59566e-06
-2.52918e-06
-1.91406e-06
-1.86433e-06
-2.18253e-06
-1.23649e-06
-2.38769e-06
-6.50032e-07
-2.52025e-06
-1.1709e-07
-2.57591e-06
3.40018e-07
-2.55672e-06
6.99031e-07
-2.46802e-06
9.02481e-07
-2.32061e-06
8.66448e-07
-2.12688e-06
4.71211e-07
-1.8909e-06
-4.81562e-07
-1.61857e-06
-2.29282e-06
-1.27974e-06
-5.46804e-06
-8.01548e-07
-1.08478e-05
-1.9894e-05
9.93976e-07
-4.57537e-06
6.48492e-07
-4.46487e-06
3.01142e-07
-3.63828e-06
-3.57795e-08
-2.89486e-06
-3.54455e-07
-2.21034e-06
-6.44109e-07
-1.5745e-06
-8.93735e-07
-9.86698e-07
-1.09436e-06
-4.49246e-07
-1.24015e-06
2.88332e-08
-1.32981e-06
4.29805e-07
-1.36731e-06
7.36642e-07
-1.35764e-06
8.92908e-07
-1.31074e-06
8.19631e-07
-1.23835e-06
3.98891e-07
-1.14972e-06
-5.70151e-07
-1.03743e-06
-2.4051e-06
-8.81376e-07
-5.62418e-06
-5.88161e-07
-1.11406e-05
-2.04824e-05
1.86015e-06
-4.2787e-06
1.54791e-06
-4.1523e-06
1.23527e-06
-3.32547e-06
9.29252e-07
-2.5887e-06
6.37762e-07
-1.9187e-06
3.69312e-07
-1.3059e-06
1.31631e-07
-7.4886e-07
-6.88955e-08
-2.4857e-07
-2.281e-07
1.88177e-07
-3.48026e-07
5.49858e-07
-4.31963e-07
8.20693e-07
-4.84908e-07
9.45956e-07
-5.16216e-07
8.51028e-07
-5.36582e-07
4.1933e-07
-5.53722e-07
-5.5295e-07
-5.70815e-07
-2.38797e-06
-5.54448e-07
-5.64041e-06
-4.09046e-07
-1.12863e-05
-2.0891e-05
2.53385e-06
-3.98396e-06
2.247e-06
-3.86519e-06
1.95736e-06
-3.0357e-06
1.67347e-06
-2.30472e-06
1.402e-06
-1.64712e-06
1.14901e-06
-1.05278e-06
9.20022e-07
-5.19741e-07
7.19477e-07
-4.79011e-08
5.4987e-07
3.579e-07
4.06069e-07
6.93766e-07
2.86663e-07
9.40198e-07
1.86466e-07
1.04624e-06
9.73878e-08
9.40187e-07
9.49765e-09
5.07293e-07
-9.03171e-08
-4.53086e-07
-1.90288e-07
-2.28798e-06
-2.73246e-07
-5.55755e-06
-2.44167e-07
-1.1315e-05
-2.11355e-05
3.0343e-06
-3.73322e-06
2.76218e-06
-3.59283e-06
2.48959e-06
-2.76301e-06
2.22189e-06
-2.03695e-06
1.96484e-06
-1.38999e-06
1.72325e-06
-8.11105e-07
1.50102e-06
-2.97402e-07
1.30119e-06
1.5203e-07
1.12351e-06
5.35678e-07
9.62118e-07
8.55247e-07
8.17099e-07
1.0853e-06
6.83494e-07
1.17993e-06
5.54091e-07
1.06966e-06
4.19838e-07
6.41611e-07
2.70494e-07
-3.03691e-07
1.02351e-07
-2.11981e-06
-5.31331e-08
-5.40191e-06
-1.19226e-07
-1.12492e-05
-2.12543e-05
3.38342e-06
-3.47042e-06
3.11985e-06
-3.32913e-06
2.85588e-06
-2.49901e-06
2.59883e-06
-1.77989e-06
2.35248e-06
-1.1436e-06
2.11991e-06
-5.78498e-07
1.90375e-06
-8.11875e-08
1.70585e-06
3.49982e-07
1.52176e-06
7.19819e-07
1.34901e-06
1.02806e-06
1.18707e-06
1.2473e-06
1.03177e-06
1.33527e-06
8.7728e-07
1.22421e-06
7.15413e-07
8.03519e-07
5.31508e-07
-1.19762e-07
3.31523e-07
-1.91983e-06
1.28159e-07
-5.1987e-06
-7.78012e-09
-1.11128e-05
-2.12625e-05
3.5955e-06
-3.23706e-06
3.33337e-06
-3.0669e-06
3.0764e-06
-2.24208e-06
2.82751e-06
-1.53104e-06
2.58961e-06
-9.05737e-07
2.36494e-06
-3.5384e-07
2.15504e-06
1.28725e-07
1.95928e-06
5.45751e-07
1.77141e-06
9.07707e-07
1.59215e-06
1.20734e-06
1.42027e-06
1.4192e-06
1.25262e-06
1.50294e-06
1.08444e-06
1.39241e-06
9.09074e-07
9.78896e-07
7.17636e-07
7.16727e-08
4.94225e-07
-1.69644e-06
2.5759e-07
-4.96195e-06
5.65257e-08
-1.09123e-05
-2.12056e-05
3.69127e-06
-2.98027e-06
3.42719e-06
-2.80285e-06
3.172e-06
-1.98701e-06
2.92867e-06
-1.28783e-06
2.69841e-06
-6.75571e-07
2.48168e-06
-1.37191e-07
2.27873e-06
3.31624e-07
2.08476e-06
7.39666e-07
1.89593e-06
1.0965e-06
1.71359e-06
1.38966e-06
1.53668e-06
1.59608e-06
1.36325e-06
1.67634e-06
1.19048e-06
1.56516e-06
1.01349e-06
1.15585e-06
8.20847e-07
2.64271e-07
6.0605e-07
-1.48173e-06
3.66593e-07
-4.72274e-06
1.27557e-07
-1.06728e-05
-2.10785e-05
3.6798e-06
-2.74277e-06
3.41045e-06
-2.53358e-06
3.15744e-06
-1.73417e-06
2.92024e-06
-1.05081e-06
2.69851e-06
-4.53987e-07
2.49097e-06
7.02165e-08
2.29527e-06
5.2722e-07
2.10357e-06
9.31267e-07
1.91581e-06
1.28419e-06
1.73248e-06
1.57292e-06
1.55338e-06
1.77511e-06
1.37815e-06
1.85152e-06
1.20588e-06
1.73737e-06
1.03437e-06
1.32729e-06
8.59684e-07
4.3887e-07
6.55946e-07
-1.27809e-06
4.23601e-07
-4.49035e-06
1.6943e-07
-1.04193e-05
-2.09087e-05
3.56951e-06
-2.48114e-06
3.29706e-06
-2.26133e-06
3.04621e-06
-1.48355e-06
2.81723e-06
-8.22066e-07
2.60685e-06
-2.43806e-07
2.41101e-06
2.65878e-07
2.22281e-06
7.15273e-07
2.03526e-06
1.11868e-06
1.84951e-06
1.46981e-06
1.66602e-06
1.7563e-06
1.48562e-06
1.95541e-06
1.30988e-06
2.02715e-06
1.14084e-06
1.90631e-06
9.79758e-07
1.48828e-06
8.21123e-07
5.9739e-07
6.58626e-07
-1.11575e-06
4.6464e-07
-4.29669e-06
2.17718e-07
-1.01719e-05
-2.06915e-05
3.3598e-06
-2.24057e-06
3.08961e-06
-1.99136e-06
2.84787e-06
-1.2421e-06
2.63279e-06
-6.07267e-07
2.43915e-06
-5.04108e-08
2.25837e-06
4.46448e-07
2.0791e-06
8.94347e-07
1.89764e-06
1.29997e-06
1.71446e-06
1.65284e-06
1.53064e-06
1.93998e-06
1.34834e-06
2.13759e-06
1.17122e-06
2.20415e-06
1.0042e-06
2.07322e-06
8.53163e-07
1.63919e-06
7.24857e-07
7.25565e-07
6.0248e-07
-9.93494e-07
4.56587e-07
-4.15076e-06
2.40795e-07
-9.95685e-06
-2.04502e-05
3.06093e-06
-1.98981e-06
2.80122e-06
-1.73197e-06
2.57412e-06
-1.01534e-06
2.38053e-06
-4.13997e-07
2.2103e-06
1.1955e-07
2.04834e-06
6.08156e-07
1.88199e-06
1.06047e-06
1.70831e-06
1.47345e-06
1.52814e-06
1.83282e-06
1.34346e-06
2.1245e-06
1.15776e-06
2.32314e-06
9.76545e-07
2.38522e-06
8.08428e-07
2.2412e-06
6.64326e-07
1.78317e-06
5.54262e-07
8.3552e-07
5.03146e-07
-9.42549e-07
4.42804e-07
-4.09077e-06
2.85743e-07
-9.7992e-06
-2.0165e-05
2.6806e-06
-1.77918e-06
2.43969e-06
-1.49139e-06
2.23615e-06
-8.12177e-07
2.07322e-06
-2.5142e-07
1.93531e-06
2.57135e-07
1.797e-06
7.46191e-07
1.64834e-06
1.2089e-06
1.48471e-06
1.63686e-06
1.3085e-06
2.00883e-06
1.12289e-06
2.30991e-06
9.3218e-07
2.51367e-06
7.43377e-07
2.57386e-06
5.66578e-07
2.41786e-06
4.18803e-07
1.93082e-06
3.32699e-07
9.21487e-07
3.45741e-07
-9.55682e-07
3.78415e-07
-4.1233e-06
3.20593e-07
-9.74223e-06
-1.98439e-05
2.24591e-06
-1.58679e-06
2.02226e-06
-1.26813e-06
1.84965e-06
-6.39964e-07
1.73215e-06
-1.34306e-07
1.62458e-06
3.64412e-07
1.51988e-06
8.50631e-07
1.39318e-06
1.33539e-06
1.24301e-06
1.78684e-06
1.07336e-06
2.17831e-06
8.88074e-07
2.49505e-06
6.91339e-07
2.71027e-06
4.8971e-07
2.77537e-06
2.91129e-07
2.61634e-06
1.17376e-07
2.10451e-06
1.23898e-08
1.02645e-06
1.45304e-07
-1.08862e-06
3.23169e-07
-4.30158e-06
3.99223e-07
-9.81745e-06
-1.94451e-05
1.78407e-06
-1.43387e-06
1.56443e-06
-1.04897e-06
1.43389e-06
-5.099e-07
1.38421e-06
-8.50504e-08
1.27122e-06
4.77026e-07
1.21789e-06
9.03675e-07
1.11969e-06
1.43335e-06
9.91535e-07
1.91478e-06
8.35168e-07
2.33447e-06
6.54135e-07
2.6759e-06
4.50447e-07
2.91379e-06
2.25631e-07
3.00004e-06
-1.46118e-08
2.85646e-06
-2.62354e-07
2.35215e-06
-4.36321e-07
1.20035e-06
-8.81947e-08
-1.43693e-06
3.86801e-07
-4.7763e-06
4.87103e-07
-9.91856e-06
-1.89582e-05
1.26477e-06
-1.18326e-06
1.05626e-06
-8.40824e-07
9.93535e-07
-4.4754e-07
1.05777e-06
-1.49629e-07
7.44648e-07
7.89869e-07
8.33462e-07
8.14618e-07
8.18843e-07
1.44776e-06
7.3594e-07
1.99749e-06
6.05681e-07
2.46455e-06
4.36236e-07
2.84516e-06
2.27385e-07
3.12247e-06
-2.569e-08
3.25296e-06
-3.3626e-07
3.16688e-06
-7.24953e-07
2.74071e-06
-1.07731e-06
1.55255e-06
-4.43837e-07
-2.0705e-06
5.341e-07
-5.7547e-06
2.88375e-07
-9.67299e-06
-1.86699e-05
4.36066e-07
3.60641e-07
3.79125e-07
4.88406e-07
3.79018e-07
5.71425e-07
6.1076e-07
5.58825e-07
4.50845e-07
2.92289e-07
8.22455e-08
-1.86641e-07
-5.19473e-07
-9.28008e-07
-1.23898e-06
-6.69894e-07
1.80783e-07
1.94234e-07
)
;

boundaryField
{
    leftWall
    {
        type            calculated;
        value           uniform 0;
    }
    rightWall
    {
        type            calculated;
        value           uniform 0;
    }
    lowerWall
    {
        type            calculated;
        value           uniform 0;
    }
    atmosphere
    {
        type            calculated;
        value           nonuniform List<scalar> 
46
(
-5.44233e-06
-3.59996e-06
-3.83026e-07
7.05446e-07
1.91327e-06
2.63798e-06
3.11213e-06
3.39274e-06
3.52585e-06
3.53957e-06
3.38157e-06
2.45427e-06
1.67511e-06
7.89265e-07
2.37454e-07
1.2155e-07
-5.25371e-08
-1.52405e-07
-3.99282e-07
-6.51572e-07
-8.35115e-07
-9.25115e-07
-9.20359e-07
-6.69754e-08
-6.68084e-08
-2.18058e-08
-1.56686e-08
-1.02532e-06
-7.65492e-07
-4.66116e-07
-2.5899e-07
8.99175e-07
6.22125e-07
1.40835e-06
2.04935e-06
2.57246e-06
3.00365e-06
3.33245e-06
3.52178e-06
3.49965e-06
3.14918e-06
1.86346e-06
-2.63969e-06
-6.60542e-06
-9.68647e-06
-1.84756e-05
)
;
    }
    defaultFaces
    {
        type            empty;
    }
}


// ************************************************************************* //
