/*--------------------------------*- C++ -*----------------------------------*\
  =========                 |
  \\      /  F ield         | OpenFOAM: The Open Source CFD Toolbox
   \\    /   O peration     | Website:  https://openfoam.org
    \\  /    A nd           | Version:  13
     \\/     M anipulation  |
\*---------------------------------------------------------------------------*/
FoamFile
{
    format      ascii;
    class       volVectorField;
    location    "0.8";
    object      U;
}
// * * * * * * * * * * * * * * * * * * * * * * * * * * * * * * * * * * * * * //

dimensions      [0 1 -1 0 0 0 0];

internalField   nonuniform List<vector> 
2268
(
(-0.0357244 0.0127137 0)
(-0.0542175 0.00465896 0)
(-0.0784261 0.00516917 0)
(-0.105494 0.00654757 0)
(-0.133742 0.00732057 0)
(-0.161776 0.00751942 0)
(-0.187656 0.00711232 0)
(-0.209849 0.00625174 0)
(-0.22746 0.00513839 0)
(-0.240122 0.00390084 0)
(-0.24764 0.00250846 0)
(-0.249607 0.000831684 0)
(-0.24565 -0.000970105 0)
(-0.236043 -0.00282345 0)
(-0.221265 -0.00476894 0)
(-0.201405 -0.00685956 0)
(-0.176566 -0.0089915 0)
(-0.147268 -0.0109529 0)
(-0.114544 -0.012548 0)
(-0.0800383 -0.0135477 0)
(-0.0461587 -0.0132814 0)
(-0.0129765 -0.00918716 0)
(-0.000778517 -0.00158169 0)
(-0.0221065 0.0296844 0)
(-0.0479943 0.0190411 0)
(-0.0810164 0.0203188 0)
(-0.114552 0.0212722 0)
(-0.147292 0.0212262 0)
(-0.177797 0.0199081 0)
(-0.204221 0.0174129 0)
(-0.225312 0.0141498 0)
(-0.240371 0.0104726 0)
(-0.249163 0.00664247 0)
(-0.251779 0.00264659 0)
(-0.248206 -0.00166959 0)
(-0.238776 -0.00589713 0)
(-0.224625 -0.00968013 0)
(-0.206722 -0.0131711 0)
(-0.185513 -0.0165296 0)
(-0.16131 -0.0196525 0)
(-0.134627 -0.0222332 0)
(-0.106334 -0.0239374 0)
(-0.0777479 -0.0243435 0)
(-0.0507804 -0.0225802 0)
(-0.0256786 -0.0164695 0)
(-0.0118015 -0.0045764 0)
(-0.0110834 0.0459545 0)
(-0.0489497 0.0357478 0)
(-0.0867542 0.0372943 0)
(-0.123462 0.03784 0)
(-0.157874 0.0365193 0)
(-0.188335 0.0330988 0)
(-0.21328 0.0279377 0)
(-0.231869 0.0217361 0)
(-0.24371 0.0150323 0)
(-0.248839 0.00823845 0)
(-0.247737 0.00140567 0)
(-0.240751 -0.00559388 0)
(-0.228656 -0.0120502 0)
(-0.212857 -0.0174491 0)
(-0.19438 -0.0222077 0)
(-0.173623 -0.026643 0)
(-0.150842 -0.0306618 0)
(-0.126445 -0.0338551 0)
(-0.101141 -0.035746 0)
(-0.0760015 -0.0357519 0)
(-0.0525896 -0.0329323 0)
(-0.0309454 -0.0260494 0)
(-0.0162331 -0.0155914 0)
(-0.00806537 0.0477464 0)
(-0.0533801 0.0492286 0)
(-0.0930922 0.0524211 0)
(-0.131591 0.0538258 0)
(-0.166402 0.0519195 0)
(-0.195721 0.0461761 0)
(-0.218456 0.0377623 0)
(-0.234106 0.0282011 0)
(-0.242712 0.0181846 0)
(-0.244654 0.00836369 0)
(-0.240803 -0.00115792 0)
(-0.231703 -0.0105748 0)
(-0.218299 -0.0188523 0)
(-0.202079 -0.0254863 0)
(-0.183956 -0.0311885 0)
(-0.164167 -0.0364406 0)
(-0.14286 -0.0411623 0)
(-0.120333 -0.0448487 0)
(-0.0971673 -0.0468962 0)
(-0.0742308 -0.0465844 0)
(-0.0527783 -0.0429963 0)
(-0.0324941 -0.0359802 0)
(-0.0147099 -0.0263683 0)
(-0.0182782 0.0728097 0)
(-0.0583953 0.0687136 0)
(-0.0987519 0.0683364 0)
(-0.137322 0.0669735 0)
(-0.171351 0.0639634 0)
(-0.199177 0.0570999 0)
(-0.21962 0.0462632 0)
(-0.232447 0.0334465 0)
(-0.238243 0.0200112 0)
(-0.237664 0.00724538 0)
(-0.231991 -0.00471346 0)
(-0.22181 -0.0162623 0)
(-0.208056 -0.0260476 0)
(-0.192211 -0.0336156 0)
(-0.174969 -0.0400509 0)
(-0.156375 -0.0459826 0)
(-0.136495 -0.0513194 0)
(-0.115584 -0.0554481 0)
(-0.0941572 -0.057645 0)
(-0.0729454 -0.0570857 0)
(-0.0530076 -0.0529826 0)
(-0.0335577 -0.0465196 0)
(-0.0132285 -0.0369481 0)
(-0.00206134 0.101173 0)
(-0.0388603 0.0968134 0)
(-0.083924 0.0932514 0)
(-0.132846 0.0851375 0)
(-0.170699 0.076909 0)
(-0.197255 0.0656807 0)
(-0.215557 0.0521372 0)
(-0.226525 0.0370256 0)
(-0.230392 0.0207562 0)
(-0.228238 0.0053927 0)
(-0.221775 -0.0087457 0)
(-0.21145 -0.0221808 0)
(-0.198187 -0.0331992 0)
(-0.183372 -0.0414917 0)
(-0.167397 -0.04854 0)
(-0.150126 -0.0550735 0)
(-0.131656 -0.0609453 0)
(-0.112313 -0.0654171 0)
(-0.0926473 -0.0676666 0)
(-0.0733341 -0.0668341 0)
(-0.0552401 -0.0622708 0)
(-0.0367348 -0.0566236 0)
(-0.0182018 -0.0495134 0)
(0.00520564 0.0954712 0)
(-0.0164562 0.112886 0)
(-0.0482502 0.12085 0)
(-0.0881697 0.118076 0)
(-0.134599 0.0992271 0)
(-0.178666 0.0765566 0)
(-0.203926 0.0580092 0)
(-0.215212 0.0397712 0)
(-0.218538 0.0211591 0)
(-0.216534 0.00402203 0)
(-0.210492 -0.0118426 0)
(-0.200851 -0.0269277 0)
(-0.188944 -0.0389517 0)
(-0.175831 -0.0478656 0)
(-0.161439 -0.0554998 0)
(-0.145565 -0.0625549 0)
(-0.128547 -0.0688113 0)
(-0.110967 -0.0734097 0)
(-0.0935056 -0.0754919 0)
(-0.0768339 -0.0742656 0)
(-0.0614075 -0.069178 0)
(-0.0442576 -0.064018 0)
(-0.0352369 -0.0624298 0)
(0.000754014 0.0954158 0)
(-0.0108236 0.119017 0)
(-0.0326306 0.129241 0)
(-0.0587659 0.131448 0)
(-0.0904323 0.122789 0)
(-0.125447 0.103965 0)
(-0.161311 0.07194 0)
(-0.188491 0.0428263 0)
(-0.200429 0.0206697 0)
(-0.201473 0.00222488 0)
(-0.196811 -0.0147066 0)
(-0.189108 -0.0307974 0)
(-0.179915 -0.0434454 0)
(-0.169416 -0.0528964 0)
(-0.157069 -0.0613642 0)
(-0.14285 -0.0690645 0)
(-0.12767 -0.0756829 0)
(-0.112551 -0.0802813 0)
(-0.0984153 -0.0820009 0)
(-0.0862138 -0.0801447 0)
(-0.0754849 -0.0741331 0)
(-0.0616849 -0.0688127 0)
(-0.0790165 -0.0860033 0)
(-0.304123 0.0568554 0)
(-0.251389 -0.0230796 0)
(-0.0876141 -0.0966416 0)
(0.194135 -0.112898 0)
(0.332977 -0.0574064 0)
(0.409379 -0.0123695 0)
(0.423224 0.00368812 0)
(0.43194 -0.00429094 0)
(0.44803 -0.00574301 0)
(0.458754 -0.00227746 0)
(0.458242 0.00223084 0)
(0.440101 0.00917457 0)
(0.410906 0.00949997 0)
(0.385159 0.00771691 0)
(0.378536 0.0458398 0)
(0.141743 0.11042 0)
(-0.296204 0.0561227 0)
(-0.454536 -0.00636434 0)
(-0.146814 -0.158438 0)
(-0.211023 0.124331 0)
(0.0670091 -0.0524156 0)
(0.200294 -0.123391 0)
(0.278381 -0.120189 0)
(0.336387 -0.0726994 0)
(0.387719 -0.0308039 0)
(0.421193 -0.0108427 0)
(0.440307 -0.011718 0)
(0.452544 -0.00997691 0)
(0.459289 -0.00308674 0)
(0.457633 0.00547711 0)
(0.445046 0.0154848 0)
(0.421926 0.0191895 0)
(0.392277 0.0208081 0)
(0.376538 0.0621008 0)
(0.301914 0.172924 0)
(-0.0386992 0.180981 0)
(-0.272547 0.0205383 0)
(0.0271082 -0.211671 0)
(-0.0352447 0.169275 0)
(0.229991 -0.143459 0)
(0.276436 -0.153114 0)
(0.297991 -0.13301 0)
(0.327673 -0.0845001 0)
(0.366355 -0.0419418 0)
(0.401365 -0.0181396 0)
(0.425385 -0.015413 0)
(0.437908 -0.0124583 0)
(0.44318 -0.00371597 0)
(0.440334 0.00738796 0)
(0.426693 0.0202611 0)
(0.398863 0.0277938 0)
(0.355801 0.0339709 0)
(0.335076 0.0807742 0)
(0.311868 0.205244 0)
(0.146281 0.283504 0)
(-0.178757 0.038457 0)
(0.103219 -0.255386 0)
(0.25017 0.0197716 0)
(0.26864 -0.162778 0)
(0.28715 -0.164227 0)
(0.291693 -0.138808 0)
(0.30607 -0.0917845 0)
(0.336946 -0.051091 0)
(0.369613 -0.0268555 0)
(0.392981 -0.0225022 0)
(0.404773 -0.0161143 0)
(0.409707 -0.00353687 0)
(0.40602 0.0117652 0)
(0.389567 0.0296995 0)
(0.349678 0.0399715 0)
(0.293251 0.0455186 0)
(0.269239 0.0924803 0)
(0.249954 0.233279 0)
(0.177631 0.385157 0)
(-0.123706 0.109074 0)
(0.140396 -0.271126 0)
(0.232434 -0.110393 0)
(0.253041 -0.170481 0)
(0.266575 -0.165669 0)
(0.259377 -0.139252 0)
(0.263135 -0.103081 0)
(0.284334 -0.0681535 0)
(0.307543 -0.0440032 0)
(0.328631 -0.0325827 0)
(0.340384 -0.0208631 0)
(0.343735 -0.00382458 0)
(0.33605 0.0189709 0)
(0.315108 0.0486256 0)
(0.270855 0.0730947 0)
(0.215387 0.0633068 0)
(0.189602 0.105425 0)
(0.150289 0.262126 0)
(0.0389166 0.470984 0)
(-0.0208606 0.0723649 0)
(0.14513 -0.24791 0)
(0.175003 -0.183731 0)
(0.205536 -0.178755 0)
(0.214708 -0.16248 0)
(0.19782 -0.138745 0)
(0.205344 -0.108341 0)
(0.224098 -0.0771101 0)
(0.247813 -0.0526639 0)
(0.269423 -0.0385694 0)
(0.282326 -0.0236154 0)
(0.285964 -0.00279603 0)
(0.277232 0.0248016 0)
(0.254519 0.0603467 0)
(0.215987 0.0930834 0)
(0.133861 0.0905737 0)
(0.105714 0.125577 0)
(0.0260031 0.299903 0)
(-0.064634 0.449949 0)
(0.0517785 0.0511611 0)
(0.130009 -0.213574 0)
(0.106901 -0.245658 0)
(0.126433 -0.189483 0)
(0.130575 -0.162486 0)
(0.131162 -0.139566 0)
(0.144654 -0.113445 0)
(0.16518 -0.0853593 0)
(0.190601 -0.0619609 0)
(0.213796 -0.0455915 0)
(0.228752 -0.0271495 0)
(0.233936 -0.00192946 0)
(0.225931 0.0311685 0)
(0.203817 0.0727531 0)
(0.171191 0.112695 0)
(0.0822245 0.126578 0)
(0.0306784 0.156509 0)
(-0.0890007 0.348784 0)
(-0.0236611 0.344075 0)
(0.0840472 0.0422707 0)
(0.101516 -0.175602 0)
(0.0288087 -0.2792 0)
(0.0358441 -0.197691 0)
(0.0535272 -0.163726 0)
(0.0617482 -0.143605 0)
(0.0795628 -0.120052 0)
(0.10254 -0.0945576 0)
(0.130003 -0.0719511 0)
(0.15534 -0.0534726 0)
(0.17306 -0.0314824 0)
(0.181204 -0.00173197 0)
(0.176555 0.0366605 0)
(0.158638 0.0836881 0)
(0.132193 0.131551 0)
(0.0663821 0.159055 0)
(-0.0264209 0.193731 0)
(-0.0523594 0.340094 0)
(0.0220064 0.298342 0)
(0.0839 0.0482545 0)
(0.0615283 -0.142089 0)
(-0.00870109 0.101868 0)
(-0.0151457 0.12853 0)
(-0.0278259 0.140756 0)
(-0.0407197 0.144298 0)
(-0.0558426 0.138071 0)
(-0.0737587 0.122744 0)
(-0.0949581 0.0989545 0)
(-0.117192 0.0684033 0)
(-0.138051 0.0323678 0)
(-0.154352 0.0017846 0)
(-0.163265 -0.0201889 0)
(-0.166032 -0.0377907 0)
(-0.164688 -0.0507552 0)
(-0.159919 -0.060498 0)
(-0.151317 -0.0710612 0)
(-0.141152 -0.0802752 0)
(-0.130965 -0.0876244 0)
(-0.122582 -0.0920985 0)
(-0.117864 -0.0927205 0)
(-0.119187 -0.0888333 0)
(-0.128279 -0.0800745 0)
(-0.143174 -0.070493 0)
(-0.192044 -0.0939486 0)
(-0.0156325 0.116375 0)
(-0.023832 0.139671 0)
(-0.0346584 0.150337 0)
(-0.0427403 0.152835 0)
(-0.0498076 0.14666 0)
(-0.0570252 0.131772 0)
(-0.065362 0.108851 0)
(-0.0746774 0.0807566 0)
(-0.084144 0.050355 0)
(-0.0930409 0.0204437 0)
(-0.100624 -0.00722205 0)
(-0.10679 -0.0318932 0)
(-0.111951 -0.0515725 0)
(-0.116655 -0.0664692 0)
(-0.123054 -0.0795785 0)
(-0.131988 -0.0883454 0)
(-0.144396 -0.0932343 0)
(-0.160818 -0.0931792 0)
(-0.180656 -0.0864406 0)
(-0.202597 -0.072621 0)
(-0.224238 -0.056527 0)
(-0.241583 -0.0497161 0)
(-0.255162 -0.0698247 0)
(-0.0182767 0.137276 0)
(-0.0286778 0.153272 0)
(-0.0402591 0.159751 0)
(-0.0475371 0.159315 0)
(-0.051785 0.15128 0)
(-0.053831 0.135416 0)
(-0.0546919 0.112404 0)
(-0.0551053 0.0843844 0)
(-0.0555462 0.0541213 0)
(-0.0564981 0.0245142 0)
(-0.0583447 -0.00195829 0)
(-0.0617959 -0.0239974 0)
(-0.067688 -0.0404721 0)
(-0.0775076 -0.0513576 0)
(-0.0941389 -0.057623 0)
(-0.120633 -0.0587832 0)
(-0.158159 -0.0564296 0)
(-0.203928 -0.0525078 0)
(-0.252018 -0.0469358 0)
(-0.297211 -0.0398548 0)
(-0.336574 -0.0357627 0)
(-0.367391 -0.0405427 0)
(-0.397 -0.043215 0)
(-0.0159093 0.157645 0)
(-0.0270811 0.16837 0)
(-0.0400387 0.169976 0)
(-0.0477491 0.165135 0)
(-0.05114 0.153302 0)
(-0.0505949 0.134502 0)
(-0.0470877 0.109557 0)
(-0.0418028 0.0805342 0)
(-0.0360514 0.0503477 0)
(-0.0311263 0.0218788 0)
(-0.028135 -0.00218945 0)
(-0.0284452 -0.0205045 0)
(-0.0338608 -0.031707 0)
(-0.0477093 -0.0345507 0)
(-0.075189 -0.0280123 0)
(-0.122516 -0.013243 0)
(-0.192312 0.00194966 0)
(-0.278106 0.0107288 0)
(-0.364534 0.0131957 0)
(-0.441821 0.0145737 0)
(-0.502994 0.0268272 0)
(-0.555634 0.0467195 0)
(-0.639052 0.011474 0)
(-0.0107668 0.171664 0)
(-0.0188499 0.180177 0)
(-0.0334378 0.177476 0)
(-0.0418859 0.167959 0)
(-0.0446522 0.1519 0)
(-0.0419254 0.129942 0)
(-0.035035 0.103115 0)
(-0.0258527 0.0735668 0)
(-0.0165596 0.04415 0)
(-0.00914924 0.0172061 0)
(-0.00458512 -0.00488718 0)
(-0.00393826 -0.0204613 0)
(-0.0106533 -0.0272378 0)
(-0.0302122 -0.0210212 0)
(-0.0713545 0.00194861 0)
(-0.148968 0.0381945 0)
(-0.272588 0.0690539 0)
(-0.432014 0.0907872 0)
(-0.57947 0.108744 0)
(-0.700472 0.120162 0)
(-0.803647 0.100656 0)
(-0.872631 0.079362 0)
(-0.8786 0.0416518 0)
(-0.00745447 0.178318 0)
(-0.00611744 0.188473 0)
(-0.0205541 0.184564 0)
(-0.0284373 0.171787 0)
(-0.0292316 0.152228 0)
(-0.0234435 0.127257 0)
(-0.013151 0.0983079 0)
(-0.00103873 0.0679579 0)
(0.0100169 0.0394755 0)
(0.0166845 0.0147233 0)
(0.0169174 -0.00491672 0)
(0.0121684 -0.0176018 0)
(-0.00704446 -0.0233918 0)
(-0.0490124 -0.00952148 0)
(-0.110769 0.0252803 0)
(-0.204292 0.0729788 0)
(-0.39545 0.100884 0)
(-0.730118 0.158114 0)
(-1.03714 0.217445 0)
(-1.06789 0.177767 0)
(-1.07319 0.14441 0)
(-1.05225 0.0952444 0)
(-1.01527 0.0208929 0)
(-0.0244936 0.176144 0)
(0.00538034 0.192748 0)
(-0.00693623 0.186309 0)
(-0.0108899 0.173015 0)
(-0.00662464 0.151928 0)
(0.00353316 0.125274 0)
(0.0159689 0.0940794 0)
(0.0266305 0.061432 0)
(0.0316501 0.0317224 0)
(0.0281033 0.0101577 0)
(0.0126429 -0.00451406 0)
(-0.0241244 0.00272067 0)
(-0.101109 0.0792398 0)
(-0.195433 0.161848 0)
(-0.349119 0.291605 0)
(-0.577078 0.504379 0)
(-0.890108 0.887659 0)
(-1.27718 0.83785 0)
(-1.20125 0.31284 0)
(-1.15905 0.188376 0)
(-1.14672 0.120099 0)
(-1.12044 0.0550119 0)
(-1.08217 -0.024674 0)
(-0.0668075 0.218636 0)
(-0.020997 0.205575 0)
(-0.0374693 0.233835 0)
(-0.0361826 0.189077 0)
(-0.0381785 0.13791 0)
(-0.0385854 0.0903955 0)
(-0.0387063 0.0523518 0)
(-0.0417444 0.0275599 0)
(-0.0508452 0.0188409 0)
(-0.0684203 0.0268831 0)
(-0.0975678 0.0483598 0)
(-0.143184 0.0865327 0)
(-0.207013 0.144383 0)
(-0.294693 0.237755 0)
(-0.420777 0.398107 0)
(-0.57511 0.639283 0)
(-0.684019 0.934611 0)
(-0.839217 0.985398 0)
(-1.06864 0.349229 0)
(-1.08436 0.174128 0)
(-1.10981 0.0901604 0)
(-1.10346 0.0196259 0)
(-1.08136 -0.0607621 0)
(-0.016364 0.243274 0)
(-0.0162059 0.193169 0)
(-0.0277671 0.206073 0)
(-0.0260282 0.182621 0)
(-0.0301076 0.146808 0)
(-0.0368132 0.111809 0)
(-0.0474951 0.0827997 0)
(-0.0632102 0.0627303 0)
(-0.0843405 0.0538607 0)
(-0.111337 0.0588549 0)
(-0.146163 0.0818968 0)
(-0.191826 0.130713 0)
(-0.249417 0.211966 0)
(-0.321735 0.332993 0)
(-0.407349 0.504897 0)
(-0.486385 0.721257 0)
(-0.523521 0.929639 0)
(-0.538192 0.935635 0)
(-0.680562 0.605191 0)
(-0.834501 0.138879 0)
(-1.05202 0.0672787 0)
(-1.04241 0.0096775 0)
(-1.02904 -0.0849932 0)
(0.00399486 0.243628 0)
(-0.00324609 0.205327 0)
(-0.0103112 0.204789 0)
(-0.00798511 0.183091 0)
(-0.0127428 0.153857 0)
(-0.0232403 0.124809 0)
(-0.0397701 0.100862 0)
(-0.0618592 0.0855968 0)
(-0.0888725 0.0817473 0)
(-0.120587 0.0923167 0)
(-0.157593 0.122245 0)
(-0.200544 0.179279 0)
(-0.249225 0.270826 0)
(-0.302046 0.400725 0)
(-0.352233 0.570252 0)
(-0.384794 0.763373 0)
(-0.38021 0.92708 0)
(-0.355364 0.948349 0)
(-0.404769 0.743475 0)
(-0.542534 0.528232 0)
(-0.740245 0.318383 0)
(-0.874946 -0.0141156 0)
(-0.924419 -0.104362 0)
(0.0108024 0.239302 0)
(0.00771477 0.212494 0)
(0.00664807 0.204184 0)
(0.0083486 0.184743 0)
(0.00312113 0.161394 0)
(-0.00878459 0.138668 0)
(-0.0271664 0.120686 0)
(-0.0510271 0.110858 0)
(-0.0794413 0.111967 0)
(-0.111862 0.127334 0)
(-0.147939 0.162021 0)
(-0.186711 0.222739 0)
(-0.225941 0.315209 0)
(-0.261701 0.441412 0)
(-0.28691 0.597121 0)
(-0.291594 0.764341 0)
(-0.267534 0.900844 0)
(-0.226566 0.932318 0)
(-0.231386 0.810462 0)
(-0.314201 0.613948 0)
(-0.424883 0.440529 0)
(-0.556403 0.244659 0)
(-0.697618 0.0514528 0)
(0.0127216 0.225969 0)
(0.015387 0.211909 0)
(0.0181026 0.202689 0)
(0.0191872 0.187478 0)
(0.0141744 0.170234 0)
(0.0027561 0.15401 0)
(-0.0148756 0.141945 0)
(-0.0377024 0.137144 0)
(-0.0646874 0.142416 0)
(-0.0950154 0.161111 0)
(-0.127664 0.197937 0)
(-0.160694 0.258515 0)
(-0.190835 0.347079 0)
(-0.213501 0.463786 0)
(-0.222708 0.602319 0)
(-0.212279 0.745777 0)
(-0.179815 0.861794 0)
(-0.136276 0.901479 0)
(-0.120061 0.828282 0)
(-0.156382 0.684193 0)
(-0.231375 0.514767 0)
(-0.333715 0.321188 0)
(-0.447238 0.16199 0)
(0.0115677 0.212219 0)
(0.0178023 0.206688 0)
(0.0228281 0.19954 0)
(0.0243415 0.189269 0)
(0.0204123 0.178012 0)
(0.0107017 0.167893 0)
(-0.00457818 0.161382 0)
(-0.0246454 0.161168 0)
(-0.0483697 0.169998 0)
(-0.0747284 0.191031 0)
(-0.10229 0.228373 0)
(-0.128677 0.286578 0)
(-0.150348 0.368711 0)
(-0.162928 0.473974 0)
(-0.161716 0.595759 0)
(-0.14297 0.719517 0)
(-0.106901 0.820739 0)
(-0.0625305 0.866235 0)
(-0.0360704 0.828264 0)
(-0.0465566 0.72148 0)
(-0.0893058 0.579265 0)
(-0.16002 0.418414 0)
(-0.249659 0.259986 0)
(0.00942887 0.198856 0)
(0.0170044 0.199186 0)
(0.0230052 0.195466 0)
(0.0252873 0.189908 0)
(0.022916 0.183956 0)
(0.0155835 0.179181 0)
(0.00347986 0.177557 0)
(-0.0128002 0.181377 0)
(-0.0321691 0.193143 0)
(-0.0534605 0.215686 0)
(-0.0750634 0.252448 0)
(-0.0945115 0.307041 0)
(-0.108409 0.381706 0)
(-0.112874 0.475322 0)
(-0.104277 0.58187 0)
(-0.080382 0.689324 0)
(-0.0422098 0.778999 0)
(0.00305969 0.827202 0)
(0.0388185 0.813238 0)
(0.0469505 0.738574 0)
(0.0277929 0.624216 0)
(-0.0163245 0.485574 0)
(-0.0799832 0.34314 0)
(0.00727805 0.187486 0)
(0.0147659 0.191426 0)
(0.0208626 0.190943 0)
(0.0238327 0.189359 0)
(0.0230873 0.187793 0)
(0.0183301 0.187459 0)
(0.00967588 0.189926 0)
(-0.00237487 0.197095 0)
(-0.0169131 0.21114 0)
(-0.0326902 0.234465 0)
(-0.0480846 0.26989 0)
(-0.0607435 0.320253 0)
(-0.0675937 0.387237 0)
(-0.0653073 0.469752 0)
(-0.0510533 0.562666 0)
(-0.0234375 0.656216 0)
(0.0164585 0.736032 0)
(0.0633313 0.784013 0)
(0.105356 0.784554 0)
(0.129588 0.734688 0)
(0.130095 0.64511 0)
(0.107728 0.530366 0)
(0.0661755 0.404448 0)
(0.00541301 0.178328 0)
(0.0121452 0.184243 0)
(0.017903 0.186255 0)
(0.0213719 0.187723 0)
(0.0220938 0.189555 0)
(0.0197879 0.192701 0)
(0.0145006 0.198397 0)
(0.00663274 0.208164 0)
(-0.00304748 0.223803 0)
(-0.0133652 0.247296 0)
(-0.0227586 0.280874 0)
(-0.0290961 0.326767 0)
(-0.0296958 0.38627 0)
(-0.0217482 0.458492 0)
(-0.00299201 0.539283 0)
(0.0277392 0.620963 0)
(0.0692767 0.691506 0)
(0.117425 0.737364 0)
(0.163997 0.746489 0)
(0.198907 0.714659 0)
(0.215565 0.646677 0)
(0.212152 0.552863 0)
(0.190318 0.443376 0)
(0.00390449 0.171153 0)
(0.00968995 0.177925 0)
(0.0149506 0.181597 0)
(0.0187454 0.185196 0)
(0.0206912 0.189461 0)
(0.0205417 0.195137 0)
(0.0183087 0.203184 0)
(0.0142955 0.214792 0)
(0.00915574 0.231356 0)
(0.00390726 0.25446 0)
(-1.89987e-05 0.28589 0)
(-0.000738261 0.327301 0)
(0.0040309 0.379781 0)
(0.0167121 0.442733 0)
(0.0391987 0.512731 0)
(0.0723645 0.583374 0)
(0.115309 0.645434 0)
(0.164644 0.688243 0)
(0.214219 0.702331 0)
(0.256421 0.683028 0)
(0.285028 0.63235 0)
(0.296964 0.556655 0)
(0.29215 0.46395 0)
(0.00273753 0.165638 0)
(0.00761955 0.172489 0)
(0.0123748 0.177074 0)
(0.0163667 0.181985 0)
(0.0192819 0.187815 0)
(0.0209249 0.195141 0)
(0.0213054 0.204703 0)
(0.0206607 0.217413 0)
(0.0195212 0.234326 0)
(0.0187525 0.25664 0)
(0.0195961 0.2857 0)
(0.0236695 0.322782 0)
(0.0329199 0.368725 0)
(0.0494172 0.423076 0)
(0.0748247 0.483234 0)
(0.109863 0.544099 0)
(0.153773 0.598328 0)
(0.203848 0.637486 0)
(0.255353 0.653984 0)
(0.302325 0.643471 0)
(0.339366 0.606123 0)
(0.362996 0.545955 0)
(0.371945 0.468907 0)
(0.00186609 0.161434 0)
(0.00598498 0.167833 0)
(0.0102858 0.172724 0)
(0.0143819 0.178272 0)
(0.0180297 0.184931 0)
(0.0210918 0.193143 0)
(0.0235964 0.203474 0)
(0.0257465 0.216609 0)
(0.0279723 0.233327 0)
(0.0309849 0.254495 0)
(0.0358185 0.281074 0)
(0.0438366 0.314002 0)
(0.0566896 0.353907 0)
(0.0761375 0.400477 0)
(0.103635 0.451753 0)
(0.139827 0.503757 0)
(0.184103 0.550691 0)
(0.234292 0.585859 0)
(0.286665 0.603119 0)
(0.336484 0.598542 0)
(0.379138 0.571443 0)
(0.411158 0.524149 0)
(0.430772 0.461016 0)
(0.00123756 0.158211 0)
(0.00474497 0.163815 0)
(0.00866069 0.168555 0)
(0.0127909 0.17421 0)
(0.0169604 0.181108 0)
(0.0210896 0.189578 0)
(0.0252337 0.200046 0)
(0.0295841 0.213025 0)
(0.0345007 0.229076 0)
(0.0405587 0.248801 0)
(0.0485951 0.272844 0)
(0.0597293 0.301847 0)
(0.0753333 0.336241 0)
(0.096887 0.375798 0)
(0.125651 0.419075 0)
(0.162229 0.463039 0)
(0.206172 0.50318 0)
(0.255749 0.534197 0)
(0.307981 0.551104 0)
(0.359044 0.550442 0)
(0.405032 0.531084 0)
(0.442725 0.494277 0)
(0.470225 0.443113 0)
(0.000802546 0.155698 0)
(0.0038287 0.160308 0)
(0.0074203 0.164566 0)
(0.0115264 0.16993 0)
(0.016033 0.176616 0)
(0.0209118 0.184852 0)
(0.0262459 0.194953 0)
(0.0322267 0.207301 0)
(0.0391699 0.222296 0)
(0.047545 0.240338 0)
(0.0580173 0.261828 0)
(0.0714791 0.28715 0)
(0.0890393 0.316556 0)
(0.111916 0.349852 0)
(0.141185 0.385981 0)
(0.177414 0.422689 0)
(0.220313 0.456535 0)
(0.26853 0.483368 0)
(0.319682 0.499158 0)
(0.370654 0.500909 0)
(0.418155 0.487311 0)
(0.459306 0.458892 0)
(0.492295 0.417753 0)
(0.000507258 0.153695 0)
(0.00315602 0.157205 0)
(0.00646906 0.160756 0)
(0.0104997 0.165548 0)
(0.0151837 0.171692 0)
(0.0205347 0.179329 0)
(0.0266591 0.188686 0)
(0.0337521 0.20004 0)
(0.0421023 0.213676 0)
(0.0521043 0.229852 0)
(0.0642865 0.248789 0)
(0.0793432 0.270675 0)
(0.0981414 0.295598 0)
(0.121653 0.323361 0)
(0.150769 0.35318 0)
(0.186013 0.383408 0)
(0.227232 0.411477 0)
(0.273406 0.434195 0)
(0.322646 0.448343 0)
(0.372425 0.451374 0)
(0.419981 0.44194 0)
(0.462804 0.420094 0)
(0.499255 0.387176 0)
(0.000309316 0.152064 0)
(0.00266252 0.154423 0)
(0.00571979 0.157131 0)
(0.00962741 0.161164 0)
(0.0143514 0.16654 0)
(0.0199378 0.173328 0)
(0.0265091 0.181677 0)
(0.0342623 0.191783 0)
(0.0434673 0.203846 0)
(0.0544678 0.21803 0)
(0.0676915 0.234438 0)
(0.0836737 0.253116 0)
(0.103072 0.274025 0)
(0.126632 0.296941 0)
(0.155062 0.321256 0)
(0.188821 0.345773 0)
(0.227858 0.368614 0)
(0.271433 0.387377 0)
(0.318086 0.399543 0)
(0.365787 0.402991 0)
(0.412246 0.396429 0)
(0.455307 0.379608 0)
(0.493535 0.353293 0)
(0.00017753 0.150709 0)
(0.00228966 0.151908 0)
(0.00510311 0.153702 0)
(0.00884299 0.156866 0)
(0.0134906 0.161334 0)
(0.0191145 0.167115 0)
(0.0258464 0.174293 0)
(0.0338798 0.182997 0)
(0.043468 0.193363 0)
(0.0549182 0.205492 0)
(0.0685883 0.219418 0)
(0.0848957 0.235098 0)
(0.104331 0.252408 0)
(0.127443 0.271092 0)
(0.15477 0.290652 0)
(0.186682 0.310206 0)
(0.223191 0.328393 0)
(0.263782 0.343448 0)
(0.307353 0.353445 0)
(0.352309 0.356663 0)
(0.396779 0.351932 0)
(0.438944 0.338829 0)
(0.477567 0.317704 0)
(9.11943e-05 0.149561 0)
(0.00199746 0.149627 0)
(0.00456989 0.150487 0)
(0.00810049 0.152729 0)
(0.0125746 0.156219 0)
(0.0180753 0.160912 0)
(0.024736 0.166838 0)
(0.0327416 0.174071 0)
(0.042327 0.182697 0)
(0.0537692 0.192772 0)
(0.0673769 0.204292 0)
(0.0834863 0.217172 0)
(0.102465 0.231241 0)
(0.124708 0.246226 0)
(0.150599 0.261698 0)
(0.180418 0.276982 0)
(0.214195 0.291094 0)
(0.251577 0.302755 0)
(0.291758 0.310527 0)
(0.333509 0.313059 0)
(0.375335 0.309338 0)
(0.415729 0.298869 0)
(0.453642 0.281724 0)
(3.26927e-05 0.148576 0)
(0.00175465 0.147564 0)
(0.00408813 0.147504 0)
(0.00737312 0.148818 0)
(0.0115956 0.15131 0)
(0.0168461 0.154893 0)
(0.0232541 0.159552 0)
(0.0309915 0.165315 0)
(0.0402718 0.172224 0)
(0.0513433 0.180307 0)
(0.0644764 0.189536 0)
(0.0799517 0.199812 0)
(0.0980537 0.210955 0)
(0.119066 0.22269 0)
(0.143254 0.234639 0)
(0.170805 0.246269 0)
(0.201744 0.256856 0)
(0.235826 0.265474 0)
(0.272466 0.271075 0)
(0.310739 0.272627 0)
(0.349474 0.269296 0)
(0.387449 0.260587 0)
(0.423792 0.246406 0)
(-9.8027e-07 0.147721 0)
(0.00154779 0.14571 0)
(0.00364018 0.144772 0)
(0.00664983 0.145183 0)
(0.0105604 0.146698 0)
(0.0154643 0.149194 0)
(0.0214833 0.152619 0)
(0.0287732 0.156964 0)
(0.0375234 0.162237 0)
(0.0479527 0.168437 0)
(0.060298 0.175527 0)
(0.0747992 0.183408 0)
(0.0916863 0.191908 0)
(0.11117 0.200774 0)
(0.13343 0.209674 0)
(0.158585 0.218175 0)
(0.186638 0.225728 0)
(0.217407 0.231663 0)
(0.250469 0.235221 0)
(0.285135 0.235635 0)
(0.320506 0.232249 0)
(0.35561 0.224619 0)
(0.389739 0.212566 0)
(-1.60252e-05 0.146973 0)
(0.00136603 0.14406 0)
(0.00321866 0.142305 0)
(0.00593102 0.141864 0)
(0.00948617 0.142451 0)
(0.0139744 0.143913 0)
(0.0195075 0.146173 0)
(0.0262233 0.149189 0)
(0.0342861 0.152943 0)
(0.0438847 0.15741 0)
(0.0552234 0.162544 0)
(0.0685081 0.168252 0)
(0.0839315 0.174382 0)
(0.101659 0.180714 0)
(0.121817 0.186962 0)
(0.144476 0.192771 0)
(0.169621 0.197718 0)
(0.197107 0.201307 0)
(0.226619 0.202991 0)
(0.257648 0.202213 0)
(0.28951 0.198475 0)
(0.32145 0.191412 0)
(0.352902 0.180822 0)
(-1.15409e-05 0.146315 0)
(0.00120745 0.142609 0)
(0.00282227 0.140111 0)
(0.00522388 0.138887 0)
(0.0083953 0.138614 0)
(0.0124226 0.13912 0)
(0.0174064 0.140305 0)
(0.0234662 0.142106 0)
(0.0307416 0.144481 0)
(0.0393914 0.147387 0)
(0.049588 0.150771 0)
(0.0615059 0.154544 0)
(0.0753082 0.158576 0)
(0.091131 0.16268 0)
(0.109071 0.16662 0)
(0.129171 0.170108 0)
(0.151406 0.172812 0)
(0.175656 0.174361 0)
(0.201681 0.174358 0)
(0.2291 0.172403 0)
(0.2574 0.168133 0)
(0.285999 0.161266 0)
(0.314458 0.15162 0)
(7.22995e-06 0.145729 0)
(0.00106734 0.141348 0)
(0.00245287 0.138195 0)
(0.00453846 0.136266 0)
(0.00731133 0.135215 0)
(0.0108527 0.134855 0)
(0.0152516 0.13507 0)
(0.0206101 0.135783 0)
(0.0270442 0.136932 0)
(0.0346847 0.138462 0)
(0.0436727 0.14031 0)
(0.054153 0.142394 0)
(0.0662615 0.144597 0)
(0.0801125 0.146769 0)
(0.0957848 0.148714 0)
(0.11331 0.150204 0)
(0.132661 0.15098 0)
(0.15374 0.150762 0)
(0.176361 0.149259 0)
(0.200235 0.146189 0)
(0.224978 0.141294 0)
(0.250148 0.134371 0)
(0.275411 0.125275 0)
(4.17853e-05 0.145196 0)
(0.000947554 0.14027 0)
(0.00211292 0.136556 0)
(0.00388373 0.134009 0)
(0.00625474 0.132268 0)
(0.00930199 0.131138 0)
(0.0131034 0.130495 0)
(0.0177445 0.13025 0)
(0.02332 0.13033 0)
(0.0299347 0.130669 0)
(0.0377015 0.131198 0)
(0.0467362 0.131834 0)
(0.0571496 0.132477 0)
(0.0690358 0.132998 0)
(0.0824609 0.133244 0)
(0.0974518 0.133032 0)
(0.113987 0.132163 0)
(0.131988 0.130426 0)
(0.15131 0.127611 0)
(0.171736 0.123517 0)
(0.192975 0.117969 0)
(0.214696 0.110831 0)
(0.236651 0.101999 0)
(8.65874e-05 0.1447 0)
(0.000844164 0.139366 0)
(0.00180166 0.135188 0)
(0.00326395 0.13211 0)
(0.00523961 0.12977 0)
(0.00779852 0.127971 0)
(0.0110079 0.126583 0)
(0.0149383 0.125511 0)
(0.0196653 0.124675 0)
(0.0252711 0.124002 0)
(0.031843 0.123418 0)
(0.0394708 0.122841 0)
(0.0482411 0.122178 0)
(0.058229 0.121322 0)
(0.0694885 0.120146 0)
(0.0820434 0.11851 0)
(0.0958784 0.116259 0)
(0.110934 0.113239 0)
(0.127099 0.109296 0)
(0.144209 0.104293 0)
(0.162046 0.0981149 0)
(0.180362 0.090677 0)
(0.198977 0.0819167 0)
(0.000141711 0.144229 0)
(0.000751074 0.138629 0)
(0.00151082 0.134081 0)
(0.00267623 0.13056 0)
(0.00427099 0.127711 0)
(0.00635855 0.12534 0)
(0.00899582 0.123317 0)
(0.0122394 0.121546 0)
(0.0161484 0.119941 0)
(0.0207851 0.118425 0)
(0.0262153 0.116921 0)
(0.032506 0.115348 0)
(0.039722 0.113618 0)
(0.0479201 0.111638 0)
(0.0571422 0.109303 0)
(0.0674078 0.106502 0)
(0.0787068 0.103119 0)
(0.0909944 0.0990402 0)
(0.104187 0.0941573 0)
(0.11816 0.0883779 0)
(0.13275 0.0816311 0)
(0.147773 0.0738714 0)
(0.163097 0.0650682 0)
(0.000198351 0.143779 0)
(0.000651585 0.13805 0)
(0.00122349 0.133224 0)
(0.00210756 0.129343 0)
(0.00334261 0.12607 0)
(0.00498502 0.123221 0)
(0.00708107 0.12067 0)
(0.00967462 0.11832 0)
(0.01281 0.116083 0)
(0.0165332 0.113881 0)
(0.0208919 0.111634 0)
(0.025934 0.109261 0)
(0.0317058 0.106682 0)
(0.0382481 0.103809 0)
(0.045591 0.100555 0)
(0.0537486 0.0968313 0)
(0.0627134 0.0925487 0)
(0.0724519 0.0876248 0)
(0.082901 0.0819865 0)
(0.0939663 0.0755751 0)
(0.105525 0.0683514 0)
(0.117438 0.0602971 0)
(0.129609 0.0514045 0)
(0.000242592 0.143361 0)
(0.000524805 0.137629 0)
(0.000913655 0.132606 0)
(0.00153385 0.128437 0)
(0.00243618 0.12482 0)
(0.00366702 0.121582 0)
(0.0052611 0.118603 0)
(0.00725019 0.115786 0)
(0.00966594 0.113045 0)
(0.0125407 0.110299 0)
(0.0159076 0.107469 0)
(0.0197996 0.104475 0)
(0.0242483 0.101238 0)
(0.0292811 0.0976788 0)
(0.0349183 0.0937205 0)
(0.0411689 0.0892896 0)
(0.0480265 0.0843183 0)
(0.0554656 0.0787475 0)
(0.0634384 0.07253 0)
(0.071873 0.065633 0)
(0.080676 0.0580407 0)
(0.0897397 0.0497534 0)
(0.098991 0.0407769 0)
(0.000251277 0.143006 0)
(0.000335292 0.137377 0)
(0.000543808 0.132215 0)
(0.000920611 0.127819 0)
(0.00152266 0.123926 0)
(0.00238132 0.120381 0)
(0.00351854 0.117068 0)
(0.00495467 0.113891 0)
(0.00671051 0.110764 0)
(0.00880752 0.107605 0)
(0.0112676 0.104335 0)
(0.0141125 0.100876 0)
(0.017363 0.0971492 0)
(0.021037 0.0930821 0)
(0.0251479 0.0886046 0)
(0.0297013 0.0836541 0)
(0.0346923 0.0781774 0)
(0.0401022 0.0721331 0)
(0.0458957 0.0654936 0)
(0.0520184 0.0582465 0)
(0.0583982 0.0503947 0)
(0.064949 0.0419518 0)
(0.0716098 0.0329302 0)
(0.000184235 0.142784 0)
(4.14272e-05 0.137313 0)
(7.00783e-05 0.132038 0)
(0.00022853 0.127457 0)
(0.000567184 0.123351 0)
(0.00109694 0.119575 0)
(0.001826 0.116015 0)
(0.00276428 0.112576 0)
(0.00392366 0.109171 0)
(0.0053172 0.105718 0)
(0.00695869 0.102135 0)
(0.00886221 0.0983469 0)
(0.0110415 0.0942764 0)
(0.0135091 0.0898525 0)
(0.016275 0.0850105 0)
(0.0193447 0.0796952 0)
(0.0227167 0.0738633 0)
(0.0263806 0.0674863 0)
(0.0303133 0.0605519 0)
(0.0344766 0.0530649 0)
(0.038816 0.0450446 0)
(0.0432606 0.0365173 0)
(0.047755 0.0274988 0)
(-2.39685e-05 0.142796 0)
(-0.000405116 0.13746 0)
(-0.000548848 0.132059 0)
(-0.000575689 0.127319 0)
(-0.000461302 0.123052 0)
(-0.000215507 0.119115 0)
(0.00015595 0.115391 0)
(0.000654064 0.111781 0)
(0.00128375 0.108197 0)
(0.00205206 0.104553 0)
(0.00296747 0.100771 0)
(0.00403958 0.0967705 0)
(0.00527884 0.0924771 0)
(0.00669617 0.0878204 0)
(0.00830213 0.0827379 0)
(0.0101057 0.0771782 0)
(0.0121127 0.0711045 0)
(0.0143234 0.0644968 0)
(0.0167301 0.057355 0)
(0.0193125 0.0496988 0)
(0.0220353 0.0415649 0)
(0.024843 0.0329954 0)
(0.0276809 0.0240129 0)
(-0.000446367 0.14319 0)
(-0.0010218 0.137834 0)
(-0.00133209 0.132252 0)
(-0.00150873 0.127364 0)
(-0.00157628 0.122983 0)
(-0.00156834 0.11895 0)
(-0.00150218 0.115136 0)
(-0.00138318 0.111437 0)
(-0.00121118 0.107759 0)
(-0.000982909 0.104018 0)
(-0.000692753 0.10013 0)
(-0.000332745 0.0960153 0)
(0.000107483 0.0915975 0)
(0.00064065 0.0868049 0)
(0.00128148 0.0815749 0)
(0.00204606 0.0758571 0)
(0.00295084 0.0696169 0)
(0.004011 0.0628396 0)
(0.00523786 0.0555333 0)
(0.00663484 0.0477309 0)
(0.00819162 0.0394878 0)
(0.00987426 0.0308691 0)
(0.0116339 0.0219148 0)
(-0.00113667 0.144147 0)
(-0.00180594 0.138412 0)
(-0.00226101 0.132567 0)
(-0.00254457 0.127544 0)
(-0.00274999 0.123097 0)
(-0.0029321 0.119028 0)
(-0.00311487 0.115192 0)
(-0.00330686 0.111475 0)
(-0.00351043 0.107779 0)
(-0.00372416 0.104016 0)
(-0.00394313 0.100099 0)
(-0.00415869 0.0959473 0)
(-0.00435808 0.0914794 0)
(-0.00452427 0.086621 0)
(-0.00463586 0.0813064 0)
(-0.00466717 0.0754829 0)
(-0.0045886 0.0691146 0)
(-0.00436732 0.062187 0)
(-0.00396894 0.0547118 0)
(-0.00336105 0.0467311 0)
(-0.00252065 0.038319 0)
(-0.00144895 0.0295733 0)
(-0.00017636 0.0205791 0)
(-0.00215448 0.145919 0)
(-0.00272775 0.13915 0)
(-0.00324287 0.132948 0)
(-0.00357463 0.127825 0)
(-0.00386975 0.123371 0)
(-0.00418859 0.119331 0)
(-0.00455457 0.115538 0)
(-0.00497622 0.111869 0)
(-0.00545649 0.108223 0)
(-0.00599401 0.104506 0)
(-0.00658294 0.100628 0)
(-0.00721238 0.0964995 0)
(-0.00786593 0.0920362 0)
(-0.00852117 0.087157 0)
(-0.00914934 0.0817898 0)
(-0.0097149 0.0758752 0)
(-0.0101751 0.0693705 0)
(-0.0104795 0.062255 0)
(-0.0105701 0.0545355 0)
(-0.0103831 0.0462543 0)
(-0.00985492 0.0374987 0)
(-0.00893903 0.0284118 0)
(-0.00762694 0.0192015 0)
(-0.00317753 0.150222 0)
(-0.0034122 0.140304 0)
(-0.00395413 0.133524 0)
(-0.00430158 0.128309 0)
(-0.00464691 0.123883 0)
(-0.00504386 0.119913 0)
(-0.00551395 0.116209 0)
(-0.00606543 0.112638 0)
(-0.00670101 0.10909 0)
(-0.00741861 0.105466 0)
(-0.00821094 0.101668 0)
(-0.00906488 0.0976004 0)
(-0.00996098 0.0931695 0)
(-0.0108728 0.0882853 0)
(-0.0117664 0.082866 0)
(-0.0125994 0.0768413 0)
(-0.0133201 0.0701564 0)
(-0.0138659 0.0627762 0)
(-0.0141609 0.0546917 0)
(-0.0141147 0.0459291 0)
(-0.0136161 0.0365638 0)
(-0.0125252 0.0267398 0)
(-0.0106963 0.0166941 0)
(-0.175528 -0.09259 0)
(-0.130369 -0.10883 0)
(-0.0793609 -0.130259 0)
(-0.00650369 -0.169194 0)
(-0.251309 -0.0933849 0)
(-0.248418 -0.106439 0)
(-0.243276 -0.110277 0)
(-0.236086 -0.121775 0)
(-0.414061 -0.0369665 0)
(-0.43658 -0.0602366 0)
(-0.458174 -0.102795 0)
(-0.479614 -0.144843 0)
(-0.698714 -0.0708997 0)
(-0.69242 -0.0869356 0)
(-0.686963 -0.094372 0)
(-0.682413 -0.11893 0)
(-0.86673 -0.0186455 0)
(-0.857896 -0.0613747 0)
(-0.848639 -0.100783 0)
(-0.835321 -0.138176 0)
(-0.987837 -0.0555504 0)
(-0.971979 -0.0996894 0)
(-0.956541 -0.138539 0)
(-0.940232 -0.173435 0)
(-1.0521 -0.0945173 0)
(-1.03593 -0.135669 0)
(-1.02068 -0.173386 0)
(-1.00488 -0.207223 0)
(-1.06086 -0.125373 0)
(-1.05007 -0.163985 0)
(-1.04005 -0.201633 0)
(-1.02852 -0.236007 0)
(-1.02613 -0.147076 0)
(-1.02565 -0.18201 0)
(-1.02322 -0.220873 0)
(-1.01812 -0.255805 0)
(-0.967966 -0.152344 0)
(-0.985571 -0.170145 0)
(-0.979656 -0.223833 0)
(-0.979801 -0.263569 0)
(-0.789557 -0.0494309 0)
(-0.826491 -0.105543 0)
(-0.837988 -0.245845 0)
(-0.902622 -0.286932 0)
(-0.527592 0.0548533 0)
(-0.574073 -0.0132751 0)
(-0.622378 -0.0635396 0)
(-0.676312 -0.120211 0)
(-0.319947 0.145704 0)
(-0.365021 0.0746445 0)
(-0.410301 0.00698903 0)
(-0.455645 -0.0538229 0)
(-0.137056 0.235899 0)
(-0.175046 0.167826 0)
(-0.214322 0.101792 0)
(-0.254887 0.0375839 0)
(0.0242449 0.306067 0)
(-0.005228 0.242149 0)
(-0.0367334 0.178842 0)
(-0.0700829 0.117188 0)
(0.162685 0.356269 0)
(0.141791 0.297752 0)
(0.11844 0.239231 0)
(0.0927883 0.181555 0)
(0.27708 0.388362 0)
(0.264075 0.335866 0)
(0.248384 0.282644 0)
(0.230156 0.229445 0)
(0.367633 0.404528 0)
(0.361724 0.358416 0)
(0.352932 0.310948 0)
(0.341457 0.262734 0)
(0.435245 0.406908 0)
(0.435391 0.367118 0)
(0.432601 0.325531 0)
(0.427117 0.282636 0)
(0.481569 0.398076 0)
(0.486643 0.364212 0)
(0.488843 0.328304 0)
(0.488459 0.290721 0)
(0.508771 0.380522 0)
(0.517657 0.352012 0)
(0.523825 0.321377 0)
(0.527598 0.288887 0)
(0.519339 0.356529 0)
(0.531007 0.332717 0)
(0.540173 0.30683 0)
(0.547183 0.279055 0)
(0.515924 0.328107 0)
(0.529464 0.308327 0)
(0.540752 0.28661 0)
(0.550144 0.263082 0)
(0.501174 0.296981 0)
(0.515803 0.280594 0)
(0.528452 0.262461 0)
(0.53947 0.242667 0)
(0.477571 0.26459 0)
(0.492642 0.251004 0)
(0.506005 0.235894 0)
(0.517991 0.219312 0)
(0.447325 0.232106 0)
(0.46231 0.220789 0)
(0.475855 0.208178 0)
(0.488262 0.194304 0)
(0.41231 0.200459 0)
(0.426798 0.190943 0)
(0.440093 0.180357 0)
(0.452468 0.168718 0)
(0.374082 0.170367 0)
(0.387753 0.16225 0)
(0.400462 0.153268 0)
(0.412441 0.143434 0)
(0.333924 0.142373 0)
(0.346543 0.135313 0)
(0.358401 0.127573 0)
(0.369695 0.119163 0)
(0.292931 0.116875 0)
(0.304322 0.11059 0)
(0.315128 0.103786 0)
(0.325511 0.0964697 0)
(0.252062 0.0941611 0)
(0.262101 0.0884259 0)
(0.271706 0.0823024 0)
(0.281001 0.0757994 0)
(0.212181 0.0744256 0)
(0.220791 0.0690639 0)
(0.229088 0.0634179 0)
(0.237169 0.057498 0)
(0.174059 0.0577736 0)
(0.181208 0.052657 0)
(0.188139 0.0473335 0)
(0.194922 0.0418151 0)
(0.138368 0.0442135 0)
(0.144073 0.0392569 0)
(0.14963 0.0341467 0)
(0.155086 0.028896 0)
(0.105665 0.033646 0)
(0.11 0.0288003 0)
(0.114235 0.0238338 0)
(0.118399 0.0187596 0)
(0.0764041 0.0258506 0)
(0.0795044 0.021093 0)
(0.0825345 0.01623 0)
(0.0855143 0.011273 0)
(0.0509616 0.0204811 0)
(0.053022 0.0158027 0)
(0.0550309 0.0110193 0)
(0.0570035 0.00613772 0)
(0.029677 0.0170689 0)
(0.030946 0.0124643 0)
(0.0321758 0.00774176 0)
(0.0333841 0.00289866 0)
(0.0128675 0.0150416 0)
(0.0136382 0.0105026 0)
(0.0143738 0.00582332 0)
(0.0151015 0.000978551 0)
(0.000794204 0.0137571 0)
(0.00139441 0.00928232 0)
(0.00194367 0.00464889 0)
(0.00248484 -0.000242249 0)
(-0.00643025 0.0124682 0)
(-0.00564743 0.00811257 0)
(-0.00497453 0.00359766 0)
(-0.00433636 -0.00136836 0)
(-0.0089538 0.00943364 0)
(-0.00782494 0.00499427 0)
(-0.00675748 0.000944389 0)
(-0.00524143 -0.0038478 0)
(0.0111355 -0.252194 0)
(-0.0678821 -0.191241 0)
(-0.0640546 -0.164472 0)
(-0.0541409 -0.150823 0)
(-0.0346697 -0.132123 0)
(-0.00904065 -0.111338 0)
(0.0211727 -0.0902292 0)
(0.0501588 -0.0686763 0)
(0.0735062 -0.0411903 0)
(0.089272 -0.00392817 0)
(0.0955531 0.0435339 0)
(0.0899173 0.0985473 0)
(0.0754709 0.154638 0)
(0.0419967 0.198306 0)
(-0.0376537 0.25734 0)
(-0.0186242 0.31844 0)
(0.0277894 0.276213 0)
(0.0412285 0.0602746 0)
(0.00526063 -0.116378 0)
(-0.24384 -0.19011 0)
(-0.301096 -0.174079 0)
(-0.280479 -0.180036 0)
(-0.255089 -0.173201 0)
(-0.226435 -0.158597 0)
(-0.190818 -0.142197 0)
(-0.151922 -0.122396 0)
(-0.113554 -0.0980289 0)
(-0.0781693 -0.065796 0)
(-0.0468664 -0.0225873 0)
(-0.0200063 0.0332518 0)
(-0.000600603 0.099771 0)
(0.00958608 0.168145 0)
(0.00529163 0.221794 0)
(-0.0216554 0.269879 0)
(-0.0225844 0.294495 0)
(-0.0104324 0.256673 0)
(-0.0408495 0.0685494 0)
(-0.0307891 -0.130241 0)
(-0.495572 -0.183106 0)
(-0.498933 -0.186729 0)
(-0.472704 -0.196024 0)
(-0.438158 -0.19894 0)
(-0.399441 -0.192033 0)
(-0.355241 -0.179069 0)
(-0.308946 -0.160358 0)
(-0.26271 -0.135012 0)
(-0.217798 -0.100865 0)
(-0.174703 -0.0554869 0)
(-0.133182 0.00307463 0)
(-0.0935599 0.0740041 0)
(-0.0589198 0.151667 0)
(-0.0348684 0.223865 0)
(-0.0314135 0.276131 0)
(-0.0356648 0.294965 0)
(-0.0521106 0.272611 0)
(-0.0889048 0.0733433 0)
(-0.0243276 -0.165346 0)
(-0.674917 -0.160962 0)
(-0.655854 -0.20099 0)
(-0.625868 -0.225635 0)
(-0.587988 -0.235239 0)
(-0.544567 -0.232775 0)
(-0.496693 -0.222348 0)
(-0.446579 -0.204709 0)
(-0.395631 -0.17928 0)
(-0.344557 -0.144555 0)
(-0.293426 -0.0986475 0)
(-0.24181 -0.0398067 0)
(-0.188319 0.0324791 0)
(-0.135787 0.113619 0)
(-0.087763 0.196301 0)
(-0.0533747 0.268234 0)
(-0.0408903 0.307682 0)
(-0.0441465 0.295362 0)
(-0.0859164 0.0750388 0)
(-0.000736174 -0.278886 0)
(-0.815606 -0.185144 0)
(-0.784914 -0.231179 0)
(-0.749724 -0.259942 0)
(-0.709574 -0.273798 0)
(-0.664846 -0.275455 0)
(-0.616329 -0.267769 0)
(-0.565297 -0.251733 0)
(-0.512606 -0.227188 0)
(-0.458585 -0.193166 0)
(-0.403018 -0.148283 0)
(-0.345227 -0.0911633 0)
(-0.284047 -0.0210487 0)
(-0.218287 0.0606123 0)
(-0.152287 0.147012 0)
(-0.0906639 0.232024 0)
(-0.0457369 0.29762 0)
(-0.00503613 0.299723 0)
(-0.0500713 0.0833327 0)
(0.0359542 -0.283939 0)
(-0.916914 -0.216842 0)
(-0.881919 -0.263565 0)
(-0.8453 -0.295154 0)
(-0.80537 -0.312492 0)
(-0.761832 -0.317606 0)
(-0.714983 -0.312659 0)
(-0.665425 -0.298691 0)
(-0.613591 -0.275858 0)
(-0.559503 -0.243632 0)
(-0.502705 -0.20108 0)
(-0.442283 -0.147228 0)
(-0.376899 -0.0814962 0)
(-0.304429 -0.00436961 0)
(-0.225156 0.0805321 0)
(-0.142318 0.16737 0)
(-0.0609228 0.250727 0)
(0.0232013 0.275959 0)
(-0.0131001 0.0927778 0)
(0.0581478 -0.256858 0)
(-0.981931 -0.248984 0)
(-0.947824 -0.295767 0)
(-0.913374 -0.329274 0)
(-0.876307 -0.349325 0)
(-0.836138 -0.357336 0)
(-0.792875 -0.355091 0)
(-0.746726 -0.343528 0)
(-0.69787 -0.323026 0)
(-0.646139 -0.293428 0)
(-0.590916 -0.254226 0)
(-0.531112 -0.204877 0)
(-0.46517 -0.145194 0)
(-0.390877 -0.0757707 0)
(-0.305066 0.00137815 0)
(-0.209448 0.0809054 0)
(-0.103625 0.159445 0)
(0.0357522 0.219645 0)
(0.0468327 0.0896429 0)
(0.0651502 -0.24537 0)
(-1.01087 -0.277241 0)
(-0.983331 -0.324115 0)
(-0.954841 -0.359635 0)
(-0.923164 -0.38229 0)
(-0.88824 -0.393004 0)
(-0.850073 -0.393533 0)
(-0.808702 -0.384623 0)
(-0.764289 -0.366844 0)
(-0.716648 -0.340392 0)
(-0.665162 -0.305159 0)
(-0.608745 -0.261057 0)
(-0.545794 -0.208415 0)
(-0.473993 -0.148438 0)
(-0.38982 -0.0837492 0)
(-0.288939 -0.0184087 0)
(-0.171177 0.0443736 0)
(-0.0206517 0.1076 0)
(0.0958178 0.058751 0)
(0.164544 -0.196865 0)
(-1.00823 -0.296842 0)
(-0.991254 -0.344673 0)
(-0.971582 -0.384074 0)
(-0.947239 -0.410124 0)
(-0.918939 -0.423739 0)
(-0.886935 -0.427307 0)
(-0.851177 -0.421236 0)
(-0.811948 -0.406279 0)
(-0.769203 -0.383042 0)
(-0.722524 -0.35175 0)
(-0.67114 -0.312729 0)
(-0.613888 -0.266855 0)
(-0.549051 -0.215992 0)
(-0.474006 -0.163516 0)
(-0.38453 -0.114771 0)
(-0.279613 -0.073892 0)
(-0.154388 -0.0322251 0)
(0.0023186 -0.0578998 0)
(0.10535 -0.00627668 0)
(-0.980273 -0.308484 0)
(-0.97624 -0.358179 0)
(-0.966329 -0.400842 0)
(-0.950356 -0.430447 0)
(-0.929614 -0.448257 0)
(-0.90442 -0.456577 0)
(-0.874719 -0.454061 0)
(-0.84081 -0.442162 0)
(-0.802877 -0.42194 0)
(-0.7607 -0.394123 0)
(-0.713889 -0.359276 0)
(-0.661898 -0.318571 0)
(-0.603947 -0.274197 0)
(-0.539116 -0.229845 0)
(-0.466104 -0.19189 0)
(-0.38493 -0.169454 0)
(-0.293278 -0.162805 0)
(-0.191603 -0.16884 0)
(-0.124425 -0.112782 0)
(-0.933712 -0.311076 0)
(-0.94825 -0.354741 0)
(-0.944352 -0.408677 0)
(-0.936552 -0.443107 0)
(-0.922969 -0.46388 0)
(-0.904891 -0.476732 0)
(-0.88129 -0.4795 0)
(-0.852354 -0.473189 0)
(-0.818536 -0.458581 0)
(-0.78005 -0.435704 0)
(-0.736095 -0.40595 0)
(-0.686131 -0.370756 0)
(-0.629554 -0.332662 0)
(-0.566201 -0.295124 0)
(-0.496385 -0.264389 0)
(-0.418566 -0.249438 0)
(-0.327639 -0.25042 0)
(-0.220447 -0.266646 0)
(-0.159263 -0.290777 0)
(-0.748065 -0.225643 0)
(-0.824149 -0.319534 0)
(-0.892011 -0.420095 0)
(-0.914421 -0.445143 0)
(-0.908364 -0.466144 0)
(-0.895306 -0.488572 0)
(-0.875191 -0.495175 0)
(-0.850011 -0.492795 0)
(-0.820926 -0.483368 0)
(-0.785622 -0.467523 0)
(-0.744251 -0.445446 0)
(-0.695614 -0.418268 0)
(-0.638828 -0.387868 0)
(-0.574409 -0.355534 0)
(-0.502979 -0.326691 0)
(-0.426458 -0.314278 0)
(-0.336712 -0.320784 0)
(-0.217538 -0.34386 0)
(-0.15363 -0.396758 0)
(-0.525707 -0.142332 0)
(-0.612701 -0.245591 0)
(-0.691839 -0.335711 0)
(-0.762918 -0.423618 0)
(-0.836537 -0.474955 0)
(-0.876548 -0.499398 0)
(-0.872209 -0.499384 0)
(-0.849005 -0.499446 0)
(-0.82132 -0.500655 0)
(-0.788094 -0.487564 0)
(-0.748335 -0.467976 0)
(-0.70203 -0.443904 0)
(-0.648632 -0.41642 0)
(-0.589474 -0.389455 0)
(-0.527949 -0.366186 0)
(-0.469734 -0.350104 0)
(-0.369789 -0.334137 0)
(-0.172221 -0.469834 0)
(0.0310549 -0.482735 0)
(-0.319976 -0.0601578 0)
(-0.406027 -0.173609 0)
(-0.483716 -0.269617 0)
(-0.553184 -0.336435 0)
(-0.617653 -0.411813 0)
(-0.669527 -0.476357 0)
(-0.719718 -0.544602 0)
(-0.768927 -0.542474 0)
(-0.818859 -0.523827 0)
(-0.799733 -0.501707 0)
(-0.766493 -0.480345 0)
(-0.724416 -0.456883 0)
(-0.674517 -0.431775 0)
(-0.62102 -0.407653 0)
(-0.595295 -0.392689 0)
(-0.589575 -0.454114 0)
(-0.370344 -0.707435 0)
(-0.174048 -0.790033 0)
(-0.00129172 -0.566879 0)
(-0.126322 0.0193354 0)
(-0.207986 -0.101374 0)
(-0.285457 -0.202347 0)
(-0.35392 -0.283542 0)
(-0.417644 -0.350609 0)
(-0.475086 -0.415408 0)
(-0.529748 -0.440759 0)
(-0.57782 -0.494053 0)
(-0.606457 -0.538832 0)
(-0.623802 -0.594035 0)
(-0.638814 -0.610559 0)
(-0.645364 -0.610067 0)
(-0.639206 -0.605998 0)
(-0.625234 -0.581884 0)
(-0.569015 -0.521766 0)
(-0.384242 -0.60555 0)
(-0.273761 -0.781412 0)
(-0.180594 -0.874386 0)
(-0.106484 -0.674136 0)
(0.0476851 0.0875174 0)
(-0.0232719 -0.0315756 0)
(-0.0959253 -0.135529 0)
(-0.164519 -0.221779 0)
(-0.228266 -0.297774 0)
(-0.289479 -0.359705 0)
(-0.340385 -0.406236 0)
(-0.382045 -0.436719 0)
(-0.418353 -0.483697 0)
(-0.450129 -0.512754 0)
(-0.477644 -0.521884 0)
(-0.491993 -0.526821 0)
(-0.489058 -0.534795 0)
(-0.465169 -0.544338 0)
(-0.395569 -0.559372 0)
(-0.282135 -0.652218 0)
(-0.202033 -0.834262 0)
(-0.170075 -0.938176 0)
(-0.166359 -0.739003 0)
(0.196406 0.141171 0)
(0.140339 0.0291982 0)
(0.076358 -0.0734007 0)
(0.0126308 -0.163044 0)
(-0.0493427 -0.241213 0)
(-0.108694 -0.307255 0)
(-0.162096 -0.359047 0)
(-0.20581 -0.406545 0)
(-0.245138 -0.448046 0)
(-0.282896 -0.478981 0)
(-0.311684 -0.498448 0)
(-0.326428 -0.51522 0)
(-0.326083 -0.537915 0)
(-0.307357 -0.573865 0)
(-0.264104 -0.631274 0)
(-0.198805 -0.732882 0)
(-0.14752 -0.870366 0)
(-0.143071 -0.948702 0)
(-0.11699 -0.884366 0)
(0.318371 0.18132 0)
(0.275972 0.077576 0)
(0.224332 -0.02006 0)
(0.16857 -0.108858 0)
(0.1121 -0.188022 0)
(0.0564283 -0.257053 0)
(0.00443486 -0.315532 0)
(-0.0418004 -0.36646 0)
(-0.0841722 -0.412366 0)
(-0.122577 -0.449355 0)
(-0.152099 -0.479231 0)
(-0.16939 -0.508713 0)
(-0.173846 -0.544837 0)
(-0.165059 -0.59506 0)
(-0.143014 -0.668798 0)
(-0.11537 -0.772326 0)
(-0.0932536 -0.893606 0)
(-0.0840324 -0.978356 0)
(-0.064108 -0.986917 0)
(0.413826 0.208996 0)
(0.384182 0.114358 0)
(0.345181 0.0235001 0)
(0.299065 -0.0618717 0)
(0.249991 -0.139981 0)
(0.199856 -0.209982 0)
(0.151128 -0.271666 0)
(0.105534 -0.326723 0)
(0.0630145 -0.376176 0)
(0.0247505 -0.419181 0)
(-0.00607303 -0.457895 0)
(-0.0271329 -0.49715 0)
(-0.0382009 -0.543287 0)
(-0.0398855 -0.603009 0)
(-0.0347337 -0.682323 0)
(-0.0286364 -0.782617 0)
(-0.0289241 -0.890727 0)
(-0.0363369 -0.985338 0)
(-0.0310002 -1.03516 0)
(0.483764 0.225226 0)
(0.465654 0.140069 0)
(0.438059 0.0567768 0)
(0.402607 -0.0231779 0)
(0.362006 -0.0983511 0)
(0.318616 -0.167522 0)
(0.274598 -0.230377 0)
(0.231643 -0.287611 0)
(0.190669 -0.339958 0)
(0.153123 -0.387773 0)
(0.121128 -0.433195 0)
(0.0961593 -0.480141 0)
(0.0783959 -0.533629 0)
(0.0667098 -0.598886 0)
(0.0580044 -0.679723 0)
(0.0471396 -0.775395 0)
(0.0302174 -0.877885 0)
(0.00664283 -0.975682 0)
(-0.00635612 -1.05044 0)
(0.530143 0.231497 0)
(0.522117 0.15583 0)
(0.504776 0.0804336 0)
(0.479511 0.00685321 0)
(0.447596 -0.0639758 0)
(0.411575 -0.130748 0)
(0.373233 -0.192985 0)
(0.334211 -0.250912 0)
(0.295782 -0.305052 0)
(0.25936 -0.356191 0)
(0.226485 -0.406275 0)
(0.198142 -0.458443 0)
(0.174328 -0.516601 0)
(0.153749 -0.584594 0)
(0.133551 -0.664766 0)
(0.109737 -0.755977 0)
(0.0799014 -0.852629 0)
(0.0435593 -0.949 0)
(0.0145047 -1.03815 0)
(0.555552 0.229423 0)
(0.555998 0.162936 0)
(0.547575 0.095445 0)
(0.531138 0.0285209 0)
(0.507762 -0.0369971 0)
(0.479159 -0.100153 0)
(0.446934 -0.160345 0)
(0.412561 -0.217543 0)
(0.37733 -0.272139 0)
(0.342517 -0.324967 0)
(0.309293 -0.377696 0)
(0.278342 -0.432828 0)
(0.249523 -0.493336 0)
(0.22162 -0.561946 0)
(0.192272 -0.640031 0)
(0.158468 -0.726459 0)
(0.118515 -0.817492 0)
(0.072109 -0.910413 0)
(0.0310716 -1.0039 0)
(0.562972 0.220633 0)
(0.570278 0.1628 0)
(0.569361 0.103028 0)
(0.560536 0.0428136 0)
(0.54479 -0.016992 0)
(0.523163 -0.0756976 0)
(0.497007 -0.13273 0)
(0.467537 -0.187957 0)
(0.435897 -0.241667 0)
(0.403165 -0.29461 0)
(0.370244 -0.348168 0)
(0.337613 -0.404298 0)
(0.305086 -0.46522 0)
(0.271638 -0.532812 0)
(0.235428 -0.607814 0)
(0.194188 -0.689157 0)
(0.146708 -0.774258 0)
(0.0926192 -0.862081 0)
(0.0427326 -0.953437 0)
(0.555493 0.206687 0)
(0.56812 0.156818 0)
(0.573279 0.104389 0)
(0.570826 0.050755 0)
(0.561588 -0.00320717 0)
(0.546233 -0.0569662 0)
(0.525762 -0.110045 0)
(0.501121 -0.162294 0)
(0.473236 -0.213933 0)
(0.442966 -0.265602 0)
(0.410998 -0.318417 0)
(0.377669 -0.373896 0)
(0.342795 -0.433668 0)
(0.305572 -0.498997 0)
(0.264611 -0.570203 0)
(0.218208 -0.646254 0)
(0.165469 -0.725173 0)
(0.105973 -0.806672 0)
(0.0500794 -0.892056 0)
(0.536095 0.189014 0)
(0.552624 0.146322 0)
(0.56249 0.100729 0)
(0.565197 0.0534163 0)
(0.561338 0.00523025 0)
(0.551416 -0.0433445 0)
(0.536053 -0.0919565 0)
(0.515953 -0.140481 0)
(0.491807 -0.189102 0)
(0.464261 -0.238357 0)
(0.433816 -0.289148 0)
(0.400706 -0.342649 0)
(0.364774 -0.400051 0)
(0.325415 -0.462182 0)
(0.281608 -0.529066 0)
(0.232056 -0.599658 0)
(0.176109 -0.672242 0)
(0.113402 -0.746692 0)
(0.0540981 -0.824194 0)
(0.507481 0.168882 0)
(0.526642 0.132533 0)
(0.539962 0.0931804 0)
(0.546686 0.0518232 0)
(0.547179 0.00923207 0)
(0.541791 -0.034131 0)
(0.530877 -0.0780024 0)
(0.514909 -0.122306 0)
(0.494361 -0.167215 0)
(0.469683 -0.213193 0)
(0.441223 -0.26098 0)
(0.409131 -0.311495 0)
(0.373282 -0.365619 0)
(0.333236 -0.42387 0)
(0.288247 -0.486059 0)
(0.237331 -0.551087 0)
(0.180034 -0.617287 0)
(0.116109 -0.684413 0)
(0.0555499 -0.753328 0)
(0.471997 0.147391 0)
(0.49268 0.11654 0)
(0.50833 0.0827738 0)
(0.518025 0.0469175 0)
(0.521927 0.00964236 0)
(0.520222 -0.0286224 0)
(0.513093 -0.0676709 0)
(0.500803 -0.107479 0)
(0.483641 -0.148229 0)
(0.461888 -0.190333 0)
(0.435764 -0.234423 0)
(0.405353 -0.281242 0)
(0.370557 -0.331454 0)
(0.33106 -0.385367 0)
(0.286324 -0.442631 0)
(0.235591 -0.502065 0)
(0.178565 -0.561949 0)
(0.115172 -0.621802 0)
(0.0552123 -0.682041 0)
(0.431613 0.125471 0)
(0.452865 0.09929 0)
(0.469862 0.0704292 0)
(0.481593 0.0395539 0)
(0.488052 0.0072321 0)
(0.48926 -0.0261581 0)
(0.485291 -0.0604567 0)
(0.476228 -0.095686 0)
(0.462209 -0.132043 0)
(0.443378 -0.169921 0)
(0.419849 -0.209881 0)
(0.391654 -0.252555 0)
(0.358711 -0.298466 0)
(0.320795 -0.347777 0)
(0.277514 -0.400016 0)
(0.228276 -0.453913 0)
(0.172911 -0.507647 0)
(0.111492 -0.560469 0)
(0.0535425 -0.612296 0)
(0.387974 0.103896 0)
(0.408987 0.0815971 0)
(0.426481 0.0569525 0)
(0.439426 0.0304934 0)
(0.44768 0.00269319 0)
(0.451118 -0.0261389 0)
(0.449738 -0.0558892 0)
(0.443481 -0.0866149 0)
(0.432361 -0.118535 0)
(0.416415 -0.152042 0)
(0.395668 -0.187666 0)
(0.370111 -0.225974 0)
(0.339669 -0.267401 0)
(0.304174 -0.312012 0)
(0.263334 -0.359242 0)
(0.216672 -0.407736 0)
(0.164101 -0.455561 0)
(0.105825 -0.501705 0)
(0.0509778 -0.545499 0)
(0.342464 0.083309 0)
(0.362559 0.0641519 0)
(0.379824 0.0430437 0)
(0.393263 0.0204097 0)
(0.402614 -0.00336146 0)
(0.407696 -0.0280329 0)
(0.408396 -0.0535445 0)
(0.404561 -0.0799766 0)
(0.396109 -0.107575 0)
(0.382987 -0.136747 0)
(0.365154 -0.168018 0)
(0.342561 -0.201926 0)
(0.31513 -0.238856 0)
(0.282724 -0.278807 0)
(0.245104 -0.321143 0)
(0.201873 -0.364429 0)
(0.152993 -0.406627 0)
(0.0987326 -0.446454 0)
(0.0477277 -0.48268 0)
(0.296291 0.0642334 0)
(0.314898 0.0475393 0)
(0.331312 0.0293112 0)
(0.344612 0.00990266 0)
(0.354427 -0.0103864 0)
(0.360639 -0.0313739 0)
(0.362965 -0.053046 0)
(0.361204 -0.075506 0)
(0.355199 -0.09903 0)
(0.344824 -0.124052 0)
(0.329983 -0.151111 0)
(0.310592 -0.180741 0)
(0.286558 -0.213299 0)
(0.257744 -0.248736 0)
(0.223936 -0.28636 0)
(0.184768 -0.324673 0)
(0.140221 -0.361541 0)
(0.0906163 -0.39541 0)
(0.0440157 -0.424498 0)
(0.250534 0.047095 0)
(0.267189 0.0322536 0)
(0.282223 0.0162855 0)
(0.294807 -0.000502758 0)
(0.304594 -0.0178866 0)
(0.311427 -0.0357377 0)
(0.31496 -0.0540483 0)
(0.314942 -0.0729527 0)
(0.311156 -0.0927611 0)
(0.303422 -0.113942 0)
(0.291595 -0.137059 0)
(0.275555 -0.162654 0)
(0.255179 -0.191068 0)
(0.230312 -0.222217 0)
(0.200721 -0.255358 0)
(0.166046 -0.288946 0)
(0.126263 -0.320788 0)
(0.0817398 -0.349091 0)
(0.0398642 -0.371514 0)
(0.206189 0.0322253 0)
(0.220528 0.0187062 0)
(0.233742 0.00442904 0)
(0.24509 -0.0103562 0)
(0.254441 -0.0254408 0)
(0.261442 -0.0407317 0)
(0.26578 -0.056219 0)
(0.267169 -0.0720627 0)
(0.265351 -0.0886066 0)
(0.260102 -0.106355 0)
(0.251238 -0.125902 0)
(0.238595 -0.147801 0)
(0.222011 -0.17238 0)
(0.201286 -0.199518 0)
(0.176146 -0.22843 0)
(0.146207 -0.257547 0)
(0.111423 -0.284662 0)
(0.0722408 -0.307827 0)
(0.0352664 -0.324147 0)
(0.164177 0.0198515 0)
(0.175964 0.00721446 0)
(0.186987 -0.00590635 0)
(0.196857 -0.019257 0)
(0.205317 -0.0326572 0)
(0.212064 -0.0459787 0)
(0.216801 -0.0592196 0)
(0.219233 -0.0725566 0)
(0.21908 -0.0863599 0)
(0.216088 -0.101166 0)
(0.210033 -0.117594 0)
(0.20071 -0.136209 0)
(0.187904 -0.157318 0)
(0.171354 -0.18076 0)
(0.150722 -0.20571 0)
(0.125583 -0.230605 0)
(0.0958824 -0.253299 0)
(0.0621379 -0.271797 0)
(0.0301006 -0.282843 0)
(0.125352 0.0100679 0)
(0.134491 -0.00205071 0)
(0.14326 -0.0144624 0)
(0.151379 -0.0269142 0)
(0.158618 -0.0391797 0)
(0.164735 -0.0511085 0)
(0.16947 -0.0626924 0)
(0.172545 -0.0741104 0)
(0.173684 -0.0857455 0)
(0.172617 -0.098154 0)
(0.169091 -0.111974 0)
(0.162856 -0.127767 0)
(0.153639 -0.145815 0)
(0.141113 -0.165906 0)
(0.124871 -0.187178 0)
(0.104448 -0.208109 0)
(0.079789 -0.226706 0)
(0.0514713 -0.241087 0)
(0.0243919 -0.248085 0)
(0.0904938 0.00279979 0)
(0.0971268 -0.00908438 0)
(0.103711 -0.0211561 0)
(0.109994 -0.0331274 0)
(0.115825 -0.0447281 0)
(0.121026 -0.0557846 0)
(0.125391 -0.0662703 0)
(0.128692 -0.0763506 0)
(0.13068 -0.0864032 0)
(0.131094 -0.0969862 0)
(0.129663 -0.108738 0)
(0.126101 -0.122206 0)
(0.120086 -0.137634 0)
(0.111236 -0.154753 0)
(0.0990945 -0.172672 0)
(0.0831851 -0.189942 0)
(0.0634896 -0.20481 0)
(0.0404792 -0.215696 0)
(0.0184074 -0.220289 0)
(0.0603005 -0.0022208 0)
(0.0648247 -0.0140757 0)
(0.0694653 -0.0260722 0)
(0.0740576 -0.0378633 0)
(0.0784904 -0.049155 0)
(0.082639 -0.0597547 0)
(0.0863636 -0.0696147 0)
(0.0895026 -0.078877 0)
(0.0918641 -0.0878955 0)
(0.0932209 -0.0972073 0)
(0.0933092 -0.107429 0)
(0.0918268 -0.119078 0)
(0.088426 -0.132353 0)
(0.0827063 -0.146935 0)
(0.0742208 -0.161919 0)
(0.0625494 -0.175946 0)
(0.0477286 -0.187541 0)
(0.0298337 -0.19557 0)
(0.0130668 -0.199451 0)
(0.0354247 -0.00543775 0)
(0.03838 -0.017422 0)
(0.0415649 -0.029505 0)
(0.0448369 -0.0412975 0)
(0.0480912 -0.0524974 0)
(0.0512412 -0.0629102 0)
(0.054209 -0.0724784 0)
(0.0569059 -0.0813204 0)
(0.0592114 -0.0897551 0)
(0.060956 -0.0982773 0)
(0.0619125 -0.107459 0)
(0.0617969 -0.117776 0)
(0.0602771 -0.129385 0)
(0.0569921 -0.141943 0)
(0.0515856 -0.154556 0)
(0.0437881 -0.165958 0)
(0.0337316 -0.174881 0)
(0.020672 -0.180586 0)
(0.00993719 -0.184643 0)
(0.0163903 -0.00744064 0)
(0.0184607 -0.0196776 0)
(0.020806 -0.031929 0)
(0.0232452 -0.0437853 0)
(0.0256667 -0.0549685 0)
(0.0280153 -0.0653093 0)
(0.0302658 -0.0747578 0)
(0.0323928 -0.0834174 0)
(0.0343437 -0.0915701 0)
(0.0360154 -0.0996581 0)
(0.0372408 -0.108197 0)
(0.0377908 -0.117612 0)
(0.0373957 -0.128037 0)
(0.0357888 -0.139143 0)
(0.0327759 -0.150097 0)
(0.0283207 -0.159712 0)
(0.022707 -0.166744 0)
(0.0142033 -0.170464 0)
(0.0107716 -0.174138 0)
(0.00353117 -0.0088924 0)
(0.00540287 -0.021461 0)
(0.00744372 -0.033859 0)
(0.00943929 -0.0457234 0)
(0.0113068 -0.0568474 0)
(0.0130409 -0.0671096 0)
(0.0146649 -0.0764785 0)
(0.0161998 -0.0850484 0)
(0.017642 -0.0930684 0)
(0.0189447 -0.100931 0)
(0.0200067 -0.109096 0)
(0.0206745 -0.117947 0)
(0.0207682 -0.127613 0)
(0.0201383 -0.13782 0)
(0.0187682 -0.147858 0)
(0.0168905 -0.15665 0)
(0.015026 -0.162808 0)
(0.0107567 -0.16498 0)
(0.016183 -0.166769 0)
(-0.00310186 -0.010484 0)
(-0.00102408 -0.0232893 0)
(0.000867757 -0.035639 0)
(0.00246345 -0.0473518 0)
(0.00379774 -0.0583133 0)
(0.00494024 -0.0684423 0)
(0.00595364 -0.0777143 0)
(0.00688279 -0.0862104 0)
(0.00774818 -0.0941517 0)
(0.00853887 -0.101892 0)
(0.00920771 -0.109849 0)
(0.00967458 -0.118377 0)
(0.00984611 -0.127613 0)
(0.00966687 -0.137366 0)
(0.00924365 -0.147101 0)
(0.00903111 -0.156037 0)
(0.00975927 -0.163085 0)
(0.00908484 -0.166412 0)
(0.0261831 -0.160073 0)
(-0.00369714 -0.0132828 0)
(-0.00184639 -0.0253524 0)
(-0.000652575 -0.0370709 0)
(0.000138418 -0.0483489 0)
(0.00070178 -0.0590297 0)
(0.00113402 -0.0689831 0)
(0.00149037 -0.0781483 0)
(0.00180347 -0.0865793 0)
(0.00209041 -0.0944741 0)
(0.00235418 -0.102164 0)
(0.00258386 -0.110047 0)
(0.00275651 -0.118465 0)
(0.0028451 -0.127571 0)
(0.00284302 -0.137256 0)
(0.00284611 -0.147218 0)
(0.00325553 -0.157241 0)
(0.0049705 -0.167756 0)
(0.00568936 -0.182456 0)
(0.0493477 -0.124967 0)
)
;

boundaryField
{
    leftWall
    {
        type            noSlip;
    }
    rightWall
    {
        type            noSlip;
    }
    lowerWall
    {
        type            noSlip;
    }
    atmosphere
    {
        type            pressureInletOutletVelocity;
        value           nonuniform List<vector> 
46
(
(-0.00317753 0.150222 0)
(-0.0034122 0.140304 0)
(-0.00395413 0.133524 0)
(-0.00430158 0.128309 0)
(-0.00464691 0.123883 0)
(-0.00504386 0.119913 0)
(-0.00551395 0.116209 0)
(-0.00606543 0.112638 0)
(-0.00670101 0.10909 0)
(-0.00741861 0.105466 0)
(-0.00821094 0.101668 0)
(-0.00906488 0.0976004 0)
(-0.00996098 0.0931695 0)
(-0.0108728 0.0882853 0)
(-0.0117664 0.082866 0)
(-0.0125994 0.0768413 0)
(-0.0133201 0.0701564 0)
(-0.0138659 0.0627762 0)
(-0.0141609 0.0546917 0)
(-0.0141147 0.0459291 0)
(-0.0136161 0.0365638 0)
(-0.0125252 0.0267398 0)
(-0.0106963 0.0166941 0)
(-0.0089538 0.00943364 0)
(-0.00782494 0.00499427 0)
(-0.00675748 0.000944389 0)
(0 -0.0038478 0)
(0 -0.0132828 0)
(0 -0.0253524 0)
(0 -0.0370709 0)
(0 -0.0483489 0)
(0 -0.0590297 0)
(0 -0.0689831 0)
(0 -0.0781483 0)
(0 -0.0865793 0)
(0 -0.0944741 0)
(0 -0.102164 0)
(0 -0.110047 0)
(0 -0.118465 0)
(0 -0.127571 0)
(0 -0.137256 0)
(0 -0.147218 0)
(0 -0.157241 0)
(0 -0.167756 0)
(0 -0.182456 0)
(0 -0.124967 0)
)
;
    }
    defaultFaces
    {
        type            empty;
    }
}


// ************************************************************************* //
