/*--------------------------------*- C++ -*----------------------------------*\
  =========                 |
  \\      /  F ield         | OpenFOAM: The Open Source CFD Toolbox
   \\    /   O peration     | Website:  https://openfoam.org
    \\  /    A nd           | Version:  13
     \\/     M anipulation  |
\*---------------------------------------------------------------------------*/
FoamFile
{
    format      ascii;
    class       volVectorField;
    location    "2.85";
    object      U;
}
// * * * * * * * * * * * * * * * * * * * * * * * * * * * * * * * * * * * * * //

dimensions      [0 1 -1 0 0 0 0];

internalField   nonuniform List<vector> 
2268
(
(-0.0090538 0.00411088 0)
(-0.0203751 0.00422239 0)
(-0.0345746 0.00441233 0)
(-0.0492728 0.00431559 0)
(-0.0628934 0.00403611 0)
(-0.0750336 0.00356784 0)
(-0.0852715 0.00298639 0)
(-0.0934674 0.00238869 0)
(-0.0996198 0.00178806 0)
(-0.103753 0.00118134 0)
(-0.105959 0.000588323 0)
(-0.106333 -1.09929e-05 0)
(-0.104845 -0.000580123 0)
(-0.101458 -0.00118356 0)
(-0.0962173 -0.0018105 0)
(-0.0891422 -0.00247366 0)
(-0.080242 -0.00316618 0)
(-0.0695512 -0.00387332 0)
(-0.0571617 -0.00457296 0)
(-0.0433708 -0.00515798 0)
(-0.0289311 -0.00534193 0)
(-0.0158191 -0.00448032 0)
(-0.00867997 -0.00466267 0)
(-0.00861088 0.00971816 0)
(-0.0209391 0.0103201 0)
(-0.035169 0.010806 0)
(-0.0497372 0.0103469 0)
(-0.063109 0.00943988 0)
(-0.0749721 0.00819735 0)
(-0.0849626 0.00674946 0)
(-0.0929112 0.00524473 0)
(-0.0987605 0.00373682 0)
(-0.102533 0.00228433 0)
(-0.104347 0.000901449 0)
(-0.104259 -0.000477689 0)
(-0.102221 -0.00186836 0)
(-0.0982327 -0.0032715 0)
(-0.09238 -0.00464045 0)
(-0.0848005 -0.00597916 0)
(-0.0756322 -0.00728195 0)
(-0.065029 -0.00852854 0)
(-0.0532018 -0.00963803 0)
(-0.0405421 -0.0103537 0)
(-0.0276892 -0.0101873 0)
(-0.0161508 -0.00844218 0)
(-0.00787261 -0.00718329 0)
(-0.00862708 0.0163126 0)
(-0.0223855 0.0168557 0)
(-0.0362469 0.0173199 0)
(-0.0502003 0.0165202 0)
(-0.0629343 0.0150186 0)
(-0.0742164 0.0130016 0)
(-0.0837068 0.0106584 0)
(-0.0912116 0.00820512 0)
(-0.0966292 0.0057394 0)
(-0.0999799 0.00336265 0)
(-0.101387 0.00114123 0)
(-0.100877 -0.00108227 0)
(-0.0983897 -0.00335366 0)
(-0.0939607 -0.00557931 0)
(-0.0877543 -0.00768924 0)
(-0.0799828 -0.00968207 0)
(-0.0708575 -0.0115502 0)
(-0.0605997 -0.0132604 0)
(-0.0494745 -0.0146854 0)
(-0.0378978 -0.0154666 0)
(-0.0263945 -0.0150515 0)
(-0.0160397 -0.0130609 0)
(-0.00730159 -0.0124064 0)
(-0.00852904 0.0237684 0)
(-0.0237986 0.0240197 0)
(-0.0372856 0.0241149 0)
(-0.0505338 0.0228784 0)
(-0.062538 0.0207646 0)
(-0.0731546 0.0179681 0)
(-0.082071 0.0147182 0)
(-0.0890798 0.011278 0)
(-0.0940518 0.00777867 0)
(-0.0969799 0.00446297 0)
(-0.0979887 0.00128343 0)
(-0.0970912 -0.00189584 0)
(-0.094211 -0.00512166 0)
(-0.0894347 -0.0082298 0)
(-0.0829947 -0.0111091 0)
(-0.0751529 -0.013754 0)
(-0.066162 -0.0161588 0)
(-0.0562762 -0.0182865 0)
(-0.045775 -0.0199736 0)
(-0.0350657 -0.0208213 0)
(-0.0246054 -0.0202714 0)
(-0.0151644 -0.0181723 0)
(-0.00603709 -0.0175351 0)
(-0.00872283 0.0303711 0)
(-0.024843 0.0306932 0)
(-0.0379388 0.0301752 0)
(-0.0504158 0.0285049 0)
(-0.0616306 0.0259009 0)
(-0.0715198 0.0224774 0)
(-0.0798298 0.018459 0)
(-0.0863548 0.0141315 0)
(-0.0908945 0.00967869 0)
(-0.0934886 0.00537079 0)
(-0.0941976 0.00124656 0)
(-0.092953 -0.00294425 0)
(-0.089751 -0.00715335 0)
(-0.0847251 -0.011144 0)
(-0.0781607 -0.0147667 0)
(-0.0703409 -0.0180186 0)
(-0.0615371 -0.0209032 0)
(-0.0520141 -0.0233734 0)
(-0.042055 -0.0252581 0)
(-0.0320584 -0.0260652 0)
(-0.0224177 -0.0252539 0)
(-0.0137699 -0.0231322 0)
(-0.00476089 -0.022428 0)
(-0.0112601 0.0352781 0)
(-0.0256792 0.035943 0)
(-0.0380676 0.0348277 0)
(-0.0495902 0.0327281 0)
(-0.0598759 0.0296764 0)
(-0.0689305 0.025721 0)
(-0.0765946 0.0210945 0)
(-0.0826513 0.0160975 0)
(-0.0869303 0.0109236 0)
(-0.0893066 0.00588864 0)
(-0.0897591 0.00101849 0)
(-0.0882751 -0.00395467 0)
(-0.0848606 -0.00894089 0)
(-0.0797447 -0.013627 0)
(-0.0732191 -0.0178297 0)
(-0.0655517 -0.0215411 0)
(-0.0570076 -0.0247589 0)
(-0.0478585 -0.0274261 0)
(-0.0383411 -0.0293224 0)
(-0.0288483 -0.0299029 0)
(-0.0200164 -0.0287546 0)
(-0.0121039 -0.0265168 0)
(-0.00422309 -0.0263607 0)
(-0.0149916 0.0464303 0)
(-0.0256978 0.0416623 0)
(-0.0371674 0.0394159 0)
(-0.0473932 0.0367762 0)
(-0.0564331 0.0332829 0)
(-0.0643893 0.0288655 0)
(-0.0712606 0.0237366 0)
(-0.0768325 0.01814 0)
(-0.0807961 0.0122978 0)
(-0.0831 0.00661771 0)
(-0.0834779 0.000937695 0)
(-0.081859 -0.00479935 0)
(-0.0785259 -0.0104841 0)
(-0.0736686 -0.0157811 0)
(-0.0674967 -0.0205031 0)
(-0.0602083 -0.0246422 0)
(-0.0520838 -0.0281854 0)
(-0.0433958 -0.0310821 0)
(-0.034514 -0.033092 0)
(-0.0259549 -0.0336726 0)
(-0.0180465 -0.0324934 0)
(-0.0107528 -0.0302678 0)
(-0.00553602 -0.0304829 0)
(-0.0139763 0.0618866 0)
(-0.0225167 0.0516698 0)
(-0.031262 0.0478323 0)
(-0.0384571 0.0439684 0)
(-0.0449556 0.0393239 0)
(-0.0508809 0.0337904 0)
(-0.0563637 0.0275266 0)
(-0.0614048 0.0207066 0)
(-0.0657251 0.0137219 0)
(-0.0688058 0.00677585 0)
(-0.0701576 0.00028812 0)
(-0.0695585 -0.00618058 0)
(-0.0671496 -0.0123518 0)
(-0.0631871 -0.0179872 0)
(-0.0577875 -0.0229697 0)
(-0.051133 -0.0273283 0)
(-0.0435786 -0.0310084 0)
(-0.0354681 -0.0339387 0)
(-0.0271326 -0.0358277 0)
(-0.0190032 -0.0359468 0)
(-0.0122331 -0.0339935 0)
(-0.00592403 -0.0310426 0)
(-0.00412159 -0.0315599 0)
(0.00268192 -0.00029841 0)
(0.0119976 0.0014145 0)
(0.00287468 0.00337559 0)
(-0.00704327 0.00201438 0)
(-0.0114652 -0.00120393 0)
(-0.0154823 0.00343841 0)
(-0.0233822 0.00086374 0)
(-0.024223 -0.000357875 0)
(-0.0229762 -0.00175178 0)
(-0.0158168 -0.00682498 0)
(-0.00382453 -0.000604802 0)
(-0.0144871 0.00722722 0)
(-0.0199 -0.00296051 0)
(-0.00883611 -0.00439106 0)
(-0.00236126 -0.00197809 0)
(0.00142773 -0.00164272 0)
(0.00334116 -0.000565024 0)
(0.00259101 -0.00106841 0)
(0.00532912 0.00148338 0)
(0.00587686 -0.0055262 0)
(0.0221016 -0.000740265 0)
(0.0144507 0.006451 0)
(0.00154129 0.0074909 0)
(-0.0107136 0.00335131 0)
(-0.0155042 0.00313959 0)
(-0.0161771 0.0012887 0)
(-0.0160313 -0.000368694 0)
(-0.0149352 -0.0011173 0)
(-0.0161362 -0.00551102 0)
(-0.0149315 -0.00167334 0)
(-0.00831182 0.00352895 0)
(-0.00183623 -0.00378104 0)
(-0.000786806 -0.00398573 0)
(-0.000626549 -0.0023545 0)
(0.00058866 -0.00139731 0)
(0.000399365 -7.14e-05 0)
(-0.000464945 0.000357323 0)
(-0.00306744 0.00217135 0)
(0.0155779 -0.0161802 0)
(0.0303306 -0.00231599 0)
(0.0223566 0.00982474 0)
(0.0154927 0.0120396 0)
(0.00687926 0.00729559 0)
(-0.00230884 0.00445013 0)
(-0.00602189 0.00173644 0)
(-0.00693007 -0.000478247 0)
(-0.00256656 -0.00129204 0)
(-0.00697314 -0.00390808 0)
(-0.011671 -0.00283834 0)
(-0.00279712 -0.000261941 0)
(0.00502912 -0.00494449 0)
(0.00229145 -0.00346962 0)
(0.000422484 -0.00217788 0)
(-0.000339493 -0.00100802 0)
(-0.00194893 0.000263235 0)
(-0.00228334 0.00104834 0)
(-0.00703893 -0.000808477 0)
(0.00684599 -0.0202824 0)
(0.0192489 -0.00224683 0)
(0.0139631 0.0125676 0)
(0.0200587 0.0123627 0)
(0.0270144 0.0105304 0)
(0.017289 0.00881769 0)
(0.00905665 0.00357348 0)
(0.00965967 0.000424083 0)
(0.0186667 -0.00328923 0)
(0.0153569 0.000190636 0)
(0.00541392 -0.00225821 0)
(0.00914031 -0.0026627 0)
(0.00923616 -0.00519354 0)
(-0.00027722 -0.00198531 0)
(-0.00311626 -0.00117697 0)
(-0.00173707 0.000200745 0)
(0.00105853 0.000924863 0)
(0.00845435 0.00171954 0)
(0.0155583 -0.00286512 0)
(-0.0147944 -0.0313602 0)
(-0.00494242 -0.00403836 0)
(-0.00335014 0.0112172 0)
(0.0109467 0.00597732 0)
(0.0239839 0.00764099 0)
(0.0279057 0.0144484 0)
(0.0270163 0.00345245 0)
(0.0365329 -0.0038321 0)
(0.0425248 -0.00656135 0)
(0.0450415 0.00360159 0)
(0.0382513 -0.000945305 0)
(0.0363543 -0.00134667 0)
(0.0144666 3.78612e-05 0)
(-0.0182351 0.00296382 0)
(-0.0191287 -0.00245532 0)
(-0.000758479 -0.0045035 0)
(0.0212696 -0.00521201 0)
(0.0439997 -0.00824405 0)
(0.0762278 0.0145878 0)
(-0.0201866 -0.022611 0)
(-0.0118856 -0.00483716 0)
(-0.00146925 0.00621111 0)
(0.0103369 0.00127512 0)
(0.0153653 0.00262299 0)
(0.0229584 0.0110242 0)
(0.0323006 -0.000114605 0)
(0.0422963 -0.00876188 0)
(0.0455475 -0.00680442 0)
(0.0454758 0.00305124 0)
(0.0465815 -0.00012777 0)
(0.0579442 -0.000101775 0)
(0.0231837 0.0209014 0)
(-0.0335057 0.0104618 0)
(-0.0173844 -0.0117301 0)
(0.0061203 -0.0156193 0)
(0.0309455 -0.0176847 0)
(0.0493998 -0.0226783 0)
(0.0726569 0.0467638 0)
(0.00467124 -0.0140139 0)
(-0.000607264 -0.00771106 0)
(0.00952393 -0.000284576 0)
(0.0196403 -0.000111388 0)
(0.0160043 0.00167277 0)
(0.0202914 0.00607772 0)
(0.0324804 -0.00424815 0)
(0.038729 -0.0107999 0)
(0.0360768 -0.00532901 0)
(0.0331469 0.00218127 0)
(0.0358593 -0.00220498 0)
(0.0439799 -0.00129592 0)
(0.0212507 0.0548487 0)
(-0.0191778 0.0143248 0)
(-0.00278093 -0.0192288 0)
(0.0124604 -0.0241479 0)
(0.0305351 -0.0264794 0)
(0.0366416 -0.0270826 0)
(0.0542729 0.0682362 0)
(0.0280711 -0.0232305 0)
(0.0124676 -0.00607638 0)
(0.0207232 -0.00654385 0)
(0.0302552 -0.00113549 0)
(0.0233665 0.00420811 0)
(0.0226851 0.00295069 0)
(0.0296838 -0.00730845 0)
(0.0293128 -0.00963676 0)
(0.0205957 -0.00286801 0)
(0.0179829 0.00142389 0)
(0.020074 -0.00403341 0)
(0.0222411 -0.000738385 0)
(0.0116615 0.0661728 0)
(0.000631707 0.0135449 0)
(0.0119082 -0.0235038 0)
(0.0168897 -0.028896 0)
(0.0248233 -0.0306147 0)
(0.0174423 -0.0260674 0)
(0.0301113 0.082962 0)
(-0.00632499 0.0670179 0)
(-0.0125197 0.0580866 0)
(-0.016278 0.0530292 0)
(-0.018162 0.0488059 0)
(-0.0189362 0.0441224 0)
(-0.0189486 0.0387078 0)
(-0.0187301 0.0327606 0)
(-0.018813 0.0260695 0)
(-0.0190931 0.0184337 0)
(-0.0192714 0.0102593 0)
(-0.0189784 0.00118753 0)
(-0.0179441 -0.00801976 0)
(-0.0161457 -0.0169158 0)
(-0.0136489 -0.0250747 0)
(-0.0104771 -0.0322653 0)
(-0.006529 -0.0383577 0)
(-0.00171032 -0.0432693 0)
(0.00374005 -0.0469938 0)
(0.00941793 -0.0489979 0)
(0.0147752 -0.0488788 0)
(0.0192392 -0.0461381 0)
(0.0216086 -0.0386097 0)
(0.0144548 -0.0262509 0)
(-0.00641844 0.0717768 0)
(-0.00569202 0.058229 0)
(-0.00450463 0.0500016 0)
(-0.00209736 0.0446021 0)
(0.00110389 0.0389776 0)
(0.00521306 0.0328703 0)
(0.00962632 0.0270704 0)
(0.013505 0.0212437 0)
(0.0167241 0.0145317 0)
(0.0196401 0.00698388 0)
(0.0224494 -0.000882698 0)
(0.0251145 -0.00894966 0)
(0.0276211 -0.0167499 0)
(0.029981 -0.023964 0)
(0.0322824 -0.0306041 0)
(0.0346753 -0.0366501 0)
(0.0372221 -0.0417226 0)
(0.0397678 -0.0454141 0)
(0.041869 -0.0470609 0)
(0.0431705 -0.0462527 0)
(0.0436997 -0.0421582 0)
(0.0439282 -0.0329631 0)
(0.044407 -0.0169646 0)
(0.00159019 0.0736465 0)
(0.00469497 0.0567688 0)
(0.00670233 0.0463271 0)
(0.0100857 0.0401729 0)
(0.0145464 0.0336638 0)
(0.0201601 0.0265339 0)
(0.0262409 0.0210335 0)
(0.0317646 0.0161149 0)
(0.0365984 0.0100114 0)
(0.0410504 0.00294373 0)
(0.045111 -0.00451969 0)
(0.0485863 -0.0120195 0)
(0.0514448 -0.0192603 0)
(0.0536946 -0.0259081 0)
(0.0552717 -0.0321669 0)
(0.0562603 -0.0379158 0)
(0.0566215 -0.0426401 0)
(0.0559575 -0.0456923 0)
(0.0539312 -0.046344 0)
(0.0504222 -0.0445727 0)
(0.0455147 -0.0399498 0)
(0.0401284 -0.03059 0)
(0.0354971 -0.0139622 0)
(0.00683572 0.0653583 0)
(0.0133966 0.0536418 0)
(0.0173982 0.0432941 0)
(0.0221725 0.0363149 0)
(0.0274068 0.0288951 0)
(0.0324614 0.0212524 0)
(0.0373031 0.0157516 0)
(0.0425269 0.011093 0)
(0.047925 0.00540116 0)
(0.0527397 -0.00118236 0)
(0.0568257 -0.00798252 0)
(0.0599773 -0.0146988 0)
(0.062225 -0.0213843 0)
(0.0638086 -0.0275335 0)
(0.0645273 -0.0329149 0)
(0.0635822 -0.0375706 0)
(0.060696 -0.0410548 0)
(0.0562451 -0.0427325 0)
(0.0503962 -0.0416699 0)
(0.0429876 -0.0381574 0)
(0.0340832 -0.0321742 0)
(0.0250539 -0.0234112 0)
(0.0179884 -0.00852139 0)
(0.00275033 0.0601643 0)
(0.0147552 0.045902 0)
(0.024522 0.0370613 0)
(0.0321425 0.0303393 0)
(0.0383051 0.0236064 0)
(0.0420897 0.0174273 0)
(0.0449044 0.0116866 0)
(0.04908 0.00578538 0)
(0.0541511 0.000195464 0)
(0.0587627 -0.00569715 0)
(0.0623575 -0.0116996 0)
(0.0649929 -0.0173697 0)
(0.066488 -0.0231045 0)
(0.0670038 -0.0285179 0)
(0.0662073 -0.032155 0)
(0.0632017 -0.0342753 0)
(0.057734 -0.035522 0)
(0.0509761 -0.0360387 0)
(0.0435739 -0.0336494 0)
(0.0350716 -0.0287965 0)
(0.0255796 -0.0222451 0)
(0.0158779 -0.0144051 0)
(0.00764136 -0.00323634 0)
(0.0115554 0.045249 0)
(0.0195334 0.0328854 0)
(0.027044 0.0277648 0)
(0.0332517 0.0230887 0)
(0.0378348 0.0184192 0)
(0.0414586 0.0141035 0)
(0.0450554 0.00782685 0)
(0.0492023 0.000661143 0)
(0.053778 -0.00502179 0)
(0.0582082 -0.0101882 0)
(0.062114 -0.0153109 0)
(0.0653876 -0.0200177 0)
(0.0675855 -0.0242229 0)
(0.0679575 -0.0279695 0)
(0.0664273 -0.0297564 0)
(0.0632737 -0.02963 0)
(0.0583912 -0.0288911 0)
(0.0512841 -0.0279246 0)
(0.0420494 -0.0244925 0)
(0.0315952 -0.0187956 0)
(0.0206945 -0.0120329 0)
(0.0101391 -0.00465543 0)
(0.00145549 0.00349255 0)
(0.0117806 0.0296177 0)
(0.0202169 0.0246435 0)
(0.0261939 0.0222011 0)
(0.0307127 0.0188475 0)
(0.0345016 0.0147287 0)
(0.0386742 0.0101187 0)
(0.0432651 0.00341044 0)
(0.0476941 -0.00378296 0)
(0.0521168 -0.00982993 0)
(0.0567656 -0.0149453 0)
(0.0612774 -0.0195898 0)
(0.0651173 -0.0234543 0)
(0.0675785 -0.0260247 0)
(0.0681515 -0.0276892 0)
(0.0668348 -0.0276094 0)
(0.0637475 -0.0258647 0)
(0.0587001 -0.0230371 0)
(0.0511426 -0.0193019 0)
(0.041066 -0.0138778 0)
(0.029355 -0.00719919 0)
(0.017177 -0.000376625 0)
(0.00567734 0.00596107 0)
(-0.0038875 0.0116213 0)
(0.00818778 0.016851 0)
(0.0194026 0.0179104 0)
(0.0255546 0.0173452 0)
(0.0295945 0.0149599 0)
(0.0331633 0.0110468 0)
(0.0374772 0.00579288 0)
(0.042256 -0.000513453 0)
(0.0468971 -0.00714948 0)
(0.0514606 -0.0129372 0)
(0.0561832 -0.0177985 0)
(0.0607878 -0.0218507 0)
(0.0646443 -0.0247737 0)
(0.0672462 -0.0259844 0)
(0.0681309 -0.0261457 0)
(0.0669915 -0.024756 0)
(0.0637794 -0.0217656 0)
(0.058231 -0.0174925 0)
(0.0498951 -0.0119467 0)
(0.0389916 -0.00509057 0)
(0.0264032 0.00214753 0)
(0.0133631 0.00852484 0)
(0.00121224 0.0135462 0)
(-0.00866406 0.0172054 0)
(0.0139795 0.00749532 0)
(0.0234175 0.010681 0)
(0.0299527 0.0135487 0)
(0.0334113 0.0121515 0)
(0.036546 0.00816381 0)
(0.0409627 0.00251648 0)
(0.0463027 -0.00362175 0)
(0.0512011 -0.00985788 0)
(0.0554531 -0.0155749 0)
(0.0597226 -0.0204093 0)
(0.063845 -0.0241776 0)
(0.0670306 -0.0264467 0)
(0.0688135 -0.0266838 0)
(0.0687346 -0.0257193 0)
(0.0662974 -0.0231687 0)
(0.0615264 -0.0190092 0)
(0.0541392 -0.013457 0)
(0.043786 -0.00630007 0)
(0.0313358 0.00234479 0)
(0.0185344 0.0101128 0)
(0.00624962 0.016199 0)
(-0.00475803 0.0203115 0)
(-0.0129187 0.0221995 0)
(0.00713223 -0.0186432 0)
(0.0138597 -0.000394983 0)
(0.0258678 0.00793377 0)
(0.0332557 0.00866143 0)
(0.038277 0.00497208 0)
(0.0430778 -0.00122634 0)
(0.0479179 -0.00662155 0)
(0.0529413 -0.0118634 0)
(0.0573814 -0.0173686 0)
(0.0610798 -0.0223894 0)
(0.0637909 -0.0259897 0)
(0.0649458 -0.02748 0)
(0.0645842 -0.0263448 0)
(0.0622831 -0.0232014 0)
(0.0573264 -0.0177148 0)
(0.0499657 -0.00970157 0)
(0.0404308 0.000723162 0)
(0.0296993 0.012694 0)
(0.0195006 0.0226061 0)
(0.010642 0.0300396 0)
(0.00293441 0.0334161 0)
(-0.00469241 0.0328004 0)
(-0.0110169 0.0298287 0)
(-0.00782789 -0.0273146 0)
(-0.0112797 -0.0160193 0)
(-0.010174 -0.00288994 0)
(-0.00799227 0.000936707 0)
(-0.00422688 -0.00479442 0)
(0.000326297 -0.0149991 0)
(0.00661591 -0.0244199 0)
(0.014871 -0.0316357 0)
(0.0227534 -0.0365225 0)
(0.0275 -0.0394705 0)
(0.0289881 -0.0401744 0)
(0.0283487 -0.0374905 0)
(0.0261333 -0.0311592 0)
(0.0224597 -0.0217673 0)
(0.0173208 -0.00990956 0)
(0.0110337 0.0034374 0)
(0.00431425 0.0170116 0)
(-0.00173331 0.0292727 0)
(-0.00633036 0.0390776 0)
(-0.00902306 0.0459668 0)
(-0.0100638 0.0506584 0)
(-0.0107553 0.0517891 0)
(-0.0115725 0.0460657 0)
(-0.00779683 -0.00305597 0)
(-0.018103 -0.0013001 0)
(-0.0207608 0.000405687 0)
(-0.0204524 0.000449972 0)
(-0.0194885 -0.00441994 0)
(-0.0180679 -0.0132657 0)
(-0.0144205 -0.0243174 0)
(-0.00864158 -0.03217 0)
(-0.00323373 -0.0344989 0)
(-0.000430542 -0.0332951 0)
(-0.00109551 -0.0319763 0)
(-0.00352688 -0.029256 0)
(-0.00669722 -0.0243052 0)
(-0.0101261 -0.0169457 0)
(-0.0135068 -0.00757692 0)
(-0.016441 0.00299424 0)
(-0.0185528 0.013542 0)
(-0.0197067 0.0226869 0)
(-0.0198192 0.0294723 0)
(-0.0189876 0.0344224 0)
(-0.0172144 0.0374782 0)
(-0.0149616 0.0385111 0)
(-0.0136394 0.0356636 0)
(-0.0118502 0.00864606 0)
(-0.0181767 0.00548215 0)
(-0.0225558 0.00223668 0)
(-0.0245689 0.000312154 0)
(-0.0260531 -0.00433815 0)
(-0.0270624 -0.0138434 0)
(-0.0265403 -0.027087 0)
(-0.0248405 -0.0350295 0)
(-0.023145 -0.0363859 0)
(-0.0227788 -0.0319608 0)
(-0.0244798 -0.0283358 0)
(-0.0273959 -0.0246959 0)
(-0.0304736 -0.0196431 0)
(-0.0331344 -0.0128402 0)
(-0.0349901 -0.00450155 0)
(-0.0357443 0.00466687 0)
(-0.0351447 0.0136514 0)
(-0.0333215 0.021439 0)
(-0.0306919 0.027352 0)
(-0.0275341 0.0312379 0)
(-0.0237838 0.033288 0)
(-0.0200211 0.0335879 0)
(-0.0170599 0.0315905 0)
(-0.0124027 0.02243 0)
(-0.0171185 0.0116766 0)
(-0.0220641 0.004961 0)
(-0.0251344 0.00195789 0)
(-0.0275137 -0.00249657 0)
(-0.0298383 -0.0126086 0)
(-0.03217 -0.0265134 0)
(-0.0345362 -0.0347642 0)
(-0.0364913 -0.0359539 0)
(-0.0385311 -0.0303791 0)
(-0.0410063 -0.0253845 0)
(-0.0438186 -0.0213811 0)
(-0.0464476 -0.0164886 0)
(-0.048448 -0.0103191 0)
(-0.0494529 -0.00301655 0)
(-0.0491761 0.00478242 0)
(-0.0474384 0.0123706 0)
(-0.0443981 0.0189263 0)
(-0.0404297 0.0238874 0)
(-0.0358983 0.0271219 0)
(-0.0308395 0.0286854 0)
(-0.0260994 0.0287785 0)
(-0.0220743 0.0275174 0)
(-0.00962366 0.0350634 0)
(-0.014549 0.0190789 0)
(-0.0206221 0.00979369 0)
(-0.0248437 0.0053176 0)
(-0.027878 0.000320787 0)
(-0.030593 -0.00978611 0)
(-0.0346491 -0.0226021 0)
(-0.0398317 -0.0312636 0)
(-0.0447601 -0.032785 0)
(-0.0488175 -0.0278687 0)
(-0.0517186 -0.023239 0)
(-0.0541163 -0.0193993 0)
(-0.0561302 -0.0150261 0)
(-0.057502 -0.0096725 0)
(-0.0578787 -0.00348326 0)
(-0.0570039 0.0030273 0)
(-0.0547562 0.00936936 0)
(-0.05128 0.0149465 0)
(-0.0468625 0.0192908 0)
(-0.0418437 0.0221829 0)
(-0.0363427 0.023609 0)
(-0.0312852 0.0237319 0)
(-0.0269095 0.0227422 0)
(-0.00666139 0.0445392 0)
(-0.0119329 0.0266014 0)
(-0.0189697 0.0156207 0)
(-0.0242791 0.00952468 0)
(-0.0278395 0.00322078 0)
(-0.0309472 -0.00628254 0)
(-0.0354802 -0.0170728 0)
(-0.0418084 -0.0250609 0)
(-0.0484018 -0.0271943 0)
(-0.0534286 -0.0241584 0)
(-0.056574 -0.0206976 0)
(-0.0587784 -0.0174008 0)
(-0.0604729 -0.0136402 0)
(-0.0614256 -0.00912898 0)
(-0.0614176 -0.00405319 0)
(-0.060257 0.00121538 0)
(-0.0578857 0.00632339 0)
(-0.0544094 0.010858 0)
(-0.0500496 0.0144492 0)
(-0.0451041 0.0168821 0)
(-0.0396622 0.0181053 0)
(-0.0347266 0.0182372 0)
(-0.0303985 0.0173196 0)
(-0.0051667 0.0518729 0)
(-0.0101819 0.0340354 0)
(-0.0171454 0.0221817 0)
(-0.0226832 0.0143223 0)
(-0.026708 0.00665622 0)
(-0.0304244 -0.00236152 0)
(-0.0352678 -0.0114154 0)
(-0.0414427 -0.0182282 0)
(-0.0478703 -0.0209194 0)
(-0.0529735 -0.0200411 0)
(-0.0564056 -0.0179299 0)
(-0.0588027 -0.0154508 0)
(-0.0604036 -0.0124057 0)
(-0.0611952 -0.00877404 0)
(-0.0610363 -0.00474578 0)
(-0.0598389 -0.000587994 0)
(-0.0575915 0.00343666 0)
(-0.0543728 0.00702411 0)
(-0.0503609 0.00989341 0)
(-0.0457947 0.0118574 0)
(-0.0407593 0.0128501 0)
(-0.036196 0.0129433 0)
(-0.0321793 0.0119708 0)
(-0.00438436 0.0581423 0)
(-0.00881588 0.0406902 0)
(-0.0148207 0.0284647 0)
(-0.0199299 0.0191703 0)
(-0.0241709 0.0106344 0)
(-0.0283024 0.00202886 0)
(-0.033161 -0.00598665 0)
(-0.0388376 -0.0120566 0)
(-0.0445697 -0.015253 0)
(-0.04938 -0.0158033 0)
(-0.0529187 -0.0149944 0)
(-0.0554047 -0.0134065 0)
(-0.0570372 -0.0112068 0)
(-0.0578151 -0.0084762 0)
(-0.0576844 -0.00541803 0)
(-0.0566231 -0.00223964 0)
(-0.0546487 0.000845852 0)
(-0.0518306 0.00360573 0)
(-0.0483144 0.00582537 0)
(-0.0443066 0.00734876 0)
(-0.0398249 0.00810578 0)
(-0.0358306 0.00811873 0)
(-0.0323438 0.00705115 0)
(-0.0032679 0.0634075 0)
(-0.00696374 0.0462421 0)
(-0.0118887 0.0337724 0)
(-0.0164009 0.0237585 0)
(-0.0205492 0.0148334 0)
(-0.0247241 0.00651183 0)
(-0.0293575 -0.000874307 0)
(-0.0344418 -0.00660961 0)
(-0.0394853 -0.0101804 0)
(-0.0438596 -0.0117621 0)
(-0.0472715 -0.0119798 0)
(-0.0497706 -0.0113118 0)
(-0.0514301 -0.0099734 0)
(-0.0522614 -0.00811818 0)
(-0.0522546 -0.00594373 0)
(-0.0514181 -0.00363127 0)
(-0.0497878 -0.00136011 0)
(-0.0474331 0.000686001 0)
(-0.0444735 0.00233666 0)
(-0.0410747 0.00346051 0)
(-0.0372555 0.00398696 0)
(-0.033886 0.00391165 0)
(-0.0310128 0.00274266 0)
(-0.00185644 0.0672178 0)
(-0.00471921 0.0505735 0)
(-0.00859917 0.0381309 0)
(-0.01243 0.0278979 0)
(-0.0162362 0.0188936 0)
(-0.020169 0.0108011 0)
(-0.024407 0.00377796 0)
(-0.0288963 -0.00181397 0)
(-0.0332958 -0.00571369 0)
(-0.0372023 -0.00800972 0)
(-0.040385 -0.0090738 0)
(-0.0427993 -0.00923087 0)
(-0.0444562 -0.00869643 0)
(-0.0453569 -0.00764754 0)
(-0.0455054 -0.00626495 0)
(-0.0449249 -0.00471271 0)
(-0.0436577 -0.00314416 0)
(-0.0417696 -0.00171046 0)
(-0.0393648 -0.00055066 0)
(-0.0365911 0.000221859 0)
(-0.0334032 0.000541509 0)
(-0.0307034 0.000371187 0)
(-0.0284822 -0.000873405 0)
(-0.000434068 0.069343 0)
(-0.00242105 0.0536855 0)
(-0.0052943 0.0415856 0)
(-0.00838896 0.0314591 0)
(-0.0116809 0.0225676 0)
(-0.0151789 0.0146894 0)
(-0.0189132 0.00789242 0)
(-0.0227962 0.00235846 0)
(-0.0266011 -0.00179859 0)
(-0.0300404 -0.00463417 0)
(-0.0329287 -0.00636403 0)
(-0.0351922 -0.00722187 0)
(-0.0368053 -0.00739913 0)
(-0.0377576 -0.00706332 0)
(-0.0380546 -0.00637617 0)
(-0.0377214 -0.00548242 0)
(-0.0367994 -0.004516 0)
(-0.0353486 -0.00360392 0)
(-0.0334594 -0.00286355 0)
(-0.0312467 -0.00239324 0)
(-0.0286881 -0.00225982 0)
(-0.026582 -0.0025067 0)
(-0.0249561 -0.00381409 0)
(0.00071628 0.069844 0)
(-0.000402042 0.0556522 0)
(-0.00230883 0.0441509 0)
(-0.00462918 0.0343485 0)
(-0.00729464 0.0257004 0)
(-0.0102323 0.0180517 0)
(-0.0133916 0.0114295 0)
(-0.0166681 0.00592249 0)
(-0.0198886 0.00157988 0)
(-0.0228598 -0.00164996 0)
(-0.0254183 -0.00390017 0)
(-0.0274806 -0.0053359 0)
(-0.0290059 -0.00611708 0)
(-0.0299749 -0.00639238 0)
(-0.0303887 -0.00630113 0)
(-0.030268 -0.00596983 0)
(-0.0296491 -0.00551458 0)
(-0.0285831 -0.00504396 0)
(-0.027146 -0.00465898 0)
(-0.0254477 -0.00444752 0)
(-0.0234068 -0.00447275 0)
(-0.0218599 -0.00479104 0)
(-0.02079 -0.00613952 0)
(0.00143798 0.0691087 0)
(0.00111584 0.0565572 0)
(0.000118612 0.0458404 0)
(-0.0014131 0.0365084 0)
(-0.00338499 0.0281957 0)
(-0.00568554 0.0208076 0)
(-0.0082238 0.0143579 0)
(-0.010889 0.00889164 0)
(-0.0135399 0.0044264 0)
(-0.0160278 0.000921131 0)
(-0.0182294 -0.00172018 0)
(-0.0200517 -0.00361612 0)
(-0.0214468 -0.0048925 0)
(-0.0223899 -0.00567516 0)
(-0.0228757 -0.00608253 0)
(-0.0229182 -0.00622305 0)
(-0.0225461 -0.00619639 0)
(-0.0218014 -0.00609604 0)
(-0.0207474 -0.00600957 0)
(-0.0194655 -0.0060181 0)
(-0.0179097 -0.00618145 0)
(-0.0167996 -0.00655673 0)
(-0.0161671 -0.0079427 0)
(0.00173039 0.0675985 0)
(0.00209388 0.0565785 0)
(0.00189226 0.0466825 0)
(0.00112522 0.037905 0)
(-0.000127574 0.0300021 0)
(-0.00175411 0.0229134 0)
(-0.0036486 0.0166584 0)
(-0.00570157 0.0112676 0)
(-0.0077918 0.00674616 0)
(-0.00979787 0.00306057 0)
(-0.0116164 0.000141857 0)
(-0.0131688 -0.00210097 0)
(-0.0143954 -0.0037677 0)
(-0.0152692 -0.00495825 0)
(-0.0157788 -0.00577162 0)
(-0.0159305 -0.00629916 0)
(-0.0157449 -0.00662554 0)
(-0.0152533 -0.00683086 0)
(-0.0145071 -0.00699244 0)
(-0.0135865 -0.00718438 0)
(-0.0123867 -0.00746124 0)
(-0.011675 -0.00788915 0)
(-0.0114131 -0.00930602 0)
(0.00169963 0.0657147 0)
(0.00260772 0.0559107 0)
(0.00306427 0.0467778 0)
(0.00299273 0.0385642 0)
(0.00243479 0.0310978 0)
(0.0014802 0.0243465 0)
(0.000226506 0.0183275 0)
(-0.00122531 0.01306 0)
(-0.00276911 0.0085467 0)
(-0.004301 0.00476537 0)
(-0.005731 0.00166419 0)
(-0.00698821 -0.00082398 0)
(-0.00801802 -0.00278091 0)
(-0.00878463 -0.00428653 0)
(-0.00927316 -0.00541968 0)
(-0.00948256 -0.00625589 0)
(-0.00942496 -0.00686609 0)
(-0.00912302 -0.00731859 0)
(-0.00861732 -0.00768174 0)
(-0.00795955 -0.00802213 0)
(-0.00709155 -0.00839371 0)
(-0.00666021 -0.00885938 0)
(-0.00665731 -0.0103141 0)
(0.00149202 0.0637495 0)
(0.00280077 0.05474 0)
(0.00377221 0.0462397 0)
(0.00430131 0.0385551 0)
(0.00437478 0.0315288 0)
(0.00404787 0.0251315 0)
(0.00340099 0.0193762 0)
(0.00252084 0.0142784 0)
(0.00149761 0.00983971 0)
(0.000420526 0.00604148 0)
(-0.000629425 0.00284484 0)
(-0.00158572 0.000197035 0)
(-0.00239904 -0.00195994 0)
(-0.00303064 -0.00369611 0)
(-0.00346175 -0.00507069 0)
(-0.00368514 -0.00614442 0)
(-0.00370539 -0.0069758 0)
(-0.00353589 -0.00762275 0)
(-0.00320599 -0.00814553 0)
(-0.00277071 -0.00860504 0)
(-0.00211444 -0.00905168 0)
(-0.00194797 -0.00955212 0)
(-0.00218002 -0.0110331 0)
(0.00124208 0.0618587 0)
(0.00282471 0.0532215 0)
(0.00418765 0.04519 0)
(0.00521227 0.0379676 0)
(0.00583025 0.0313623 0)
(0.00605863 0.0253261 0)
(0.00595562 0.0198596 0)
(0.00559205 0.0149697 0)
(0.00504441 0.0106552 0)
(0.0043898 0.00690147 0)
(0.00369986 0.0036797 0)
(0.00303569 0.00095104 0)
(0.00244313 -0.00132796 0)
(0.00196033 -0.00321626 0)
(0.0016107 -0.0047606 0)
(0.00140573 -0.00600688 0)
(0.00134753 -0.0070024 0)
(0.00142945 -0.00779613 0)
(0.00163081 -0.00844091 0)
(0.00192286 -0.0089945 0)
(0.00236745 -0.00950653 0)
(0.00237335 -0.010039 0)
(0.00200195 -0.0115092 0)
(0.00104716 0.0600753 0)
(0.00281835 0.0514626 0)
(0.00447526 0.0437413 0)
(0.00589436 0.0369037 0)
(0.00695949 0.0306873 0)
(0.00765306 0.0250083 0)
(0.00801162 0.0198455 0)
(0.00809075 0.0151936 0)
(0.00795483 0.0110463 0)
(0.00767074 0.00738982 0)
(0.00730218 0.00420211 0)
(0.00690524 0.00145427 0)
(0.00652381 -0.000885754 0)
(0.00619307 -0.00286259 0)
(0.00593862 -0.00451703 0)
(0.0057744 -0.00588091 0)
(0.00570704 -0.00699155 0)
(0.00573684 -0.0078901 0)
(0.00584998 -0.00862333 0)
(0.00600937 -0.00924521 0)
(0.00633618 -0.00980191 0)
(0.00620906 -0.0103568 0)
(0.00571653 -0.0118128 0)
(0.000963875 0.0583461 0)
(0.00287977 0.0495209 0)
(0.0047703 0.0419842 0)
(0.00649695 0.0354626 0)
(0.00791205 0.0296025 0)
(0.00897253 0.0242717 0)
(0.00969809 0.0194204 0)
(0.0101324 0.015027 0)
(0.0103302 0.0110775 0)
(0.0103506 0.00755726 0)
(0.0102508 0.00444877 0)
(0.0100825 0.00173124 0)
(0.00988693 -0.000617915 0)
(0.00969622 -0.00263094 0)
(0.00953642 -0.004344 0)
(0.00942197 -0.00577704 0)
(0.00936263 -0.00695931 0)
(0.00936204 -0.00792473 0)
(0.00941156 -0.00871533 0)
(0.00949822 -0.00937879 0)
(0.00968413 -0.00995923 0)
(0.00949903 -0.0105154 0)
(0.00895518 -0.0119792 0)
(0.00101618 0.0565658 0)
(0.00307496 0.0474105 0)
(0.00516778 0.039983 0)
(0.00713384 0.0337325 0)
(0.00880939 0.028206 0)
(0.0101378 0.0232162 0)
(0.0111303 0.0186806 0)
(0.011824 0.0145587 0)
(0.0122683 0.0108271 0)
(0.0125173 0.00746942 0)
(0.0126236 0.00447139 0)
(0.0126347 0.00181916 0)
(0.0125892 -0.000501201 0)
(0.0125159 -0.00251141 0)
(0.0124395 -0.00424249 0)
(0.0123732 -0.00570567 0)
(0.0123277 -0.00692323 0)
(0.0123099 -0.0079239 0)
(0.0123167 -0.00874499 0)
(0.0123237 -0.00943039 0)
(0.0124489 -0.0100209 0)
(0.0121779 -0.0105694 0)
(0.0115576 -0.0120211 0)
(0.00120823 0.0546038 0)
(0.00343456 0.0451113 0)
(0.00572675 0.0377766 0)
(0.00788184 0.0317868 0)
(0.00973778 0.0265902 0)
(0.0112383 0.0219422 0)
(0.0123965 0.0177267 0)
(0.0132505 0.0138838 0)
(0.0138493 0.0103809 0)
(0.0142452 0.00720005 0)
(0.0144888 0.00433038 0)
(0.0146242 0.00176485 0)
(0.0146864 -0.000501897 0)
(0.0147014 -0.00248247 0)
(0.0146897 -0.0042016 0)
(0.0146623 -0.00566454 0)
(0.0146291 -0.00688826 0)
(0.0145972 -0.00789811 0)
(0.0145662 -0.00872771 0)
(0.0145325 -0.00941955 0)
(0.0145545 -0.010008 0)
(0.0142582 -0.0105445 0)
(0.013623 -0.0119581 0)
(0.00153333 0.0523215 0)
(0.0039729 0.0425801 0)
(0.00647646 0.0353836 0)
(0.00878323 0.0296858 0)
(0.0107473 0.0248405 0)
(0.0123278 0.0205479 0)
(0.0135518 0.0166597 0)
(0.0144668 0.0130994 0)
(0.0151271 0.00982767 0)
(0.0155873 0.00682657 0)
(0.0158975 0.00409021 0)
(0.0160997 0.00161947 0)
(0.0162254 -0.000581681 0)
(0.0162963 -0.00251713 0)
(0.0163274 -0.00420438 0)
(0.0163253 -0.00564458 0)
(0.0162969 -0.00685159 0)
(0.0162498 -0.00784882 0)
(0.0161852 -0.00866881 0)
(0.0160886 -0.00935162 0)
(0.0160697 -0.00992813 0)
(0.0157099 -0.0104421 0)
(0.0150444 -0.0118028 0)
(0.00198329 0.0495816 0)
(0.00468813 0.0397602 0)
(0.0074267 0.0328109 0)
(0.00985297 0.0274822 0)
(0.0118554 0.0230384 0)
(0.0134253 0.0191288 0)
(0.014617 0.0155792 0)
(0.015496 0.0123017 0)
(0.0161276 0.00925533 0)
(0.0165718 0.00642593 0)
(0.01688 0.00381532 0)
(0.0170934 0.0014344 0)
(0.0172397 -0.000701696 0)
(0.0173352 -0.00258724 0)
(0.0173874 -0.00423179 0)
(0.0173962 -0.00563372 0)
(0.0173639 -0.00680608 0)
(0.0172952 -0.00777292 0)
(0.0171922 -0.00856762 0)
(0.0170611 -0.00922761 0)
(0.0169515 -0.00978252 0)
(0.0165787 -0.0102702 0)
(0.0159323 -0.011561 0)
(0.00255192 0.0462555 0)
(0.00557601 0.0365905 0)
(0.0085704 0.0300628 0)
(0.0110808 0.0252285 0)
(0.0130488 0.0212654 0)
(0.0145169 0.0177797 0)
(0.0155805 0.0145819 0)
(0.0163315 0.011583 0)
(0.0168502 0.00874771 0)
(0.017204 0.00607109 0)
(0.0174473 0.00356647 0)
(0.017621 0.00125783 0)
(0.0177495 -0.000825961 0)
(0.0178425 -0.00266704 0)
(0.0178975 -0.00426602 0)
(0.0179046 -0.00561966 0)
(0.017859 -0.00674341 0)
(0.0177631 -0.00766542 0)
(0.0176216 -0.00842185 0)
(0.0174286 -0.00905058 0)
(0.0172826 -0.00958022 0)
(0.0168608 -0.0100373 0)
(0.0161902 -0.0112531 0)
(0.00324208 0.0422195 0)
(0.00662248 0.0330119 0)
(0.00988493 0.0271506 0)
(0.0124327 0.0229854 0)
(0.0142849 0.0196077 0)
(0.0155579 0.0165953 0)
(0.0164021 0.0137608 0)
(0.0169418 0.0110289 0)
(0.0172736 0.00838082 0)
(0.0174725 0.00582754 0)
(0.0175963 0.00339794 0)
(0.0176862 0.00113205 0)
(0.0177649 -0.000923967 0)
(0.0178346 -0.00273588 0)
(0.0178796 -0.00429307 0)
(0.0178761 -0.00559215 0)
(0.01781 -0.00665556 0)
(0.0176796 -0.00752039 0)
(0.0174911 -0.0082288 0)
(0.0172593 -0.00882199 0)
(0.0170283 -0.00932337 0)
(0.016601 -0.0097566 0)
(0.015955 -0.0108886 0)
(0.00407071 0.0373565 0)
(0.0078091 0.0289828 0)
(0.0113241 0.0241039 0)
(0.0138451 0.0208286 0)
(0.0154891 0.0181592 0)
(0.016474 0.0156689 0)
(0.0170181 0.0131998 0)
(0.0172789 0.0107127 0)
(0.0173664 0.00821818 0)
(0.0173602 0.00575005 0)
(0.0173201 0.0033553 0)
(0.0172896 0.00109223 0)
(0.0172927 -0.000972065 0)
(0.0173251 -0.00277974 0)
(0.0173538 -0.00430414 0)
(0.017335 -0.00554385 0)
(0.0172418 -0.00653528 0)
(0.0170705 -0.00733086 0)
(0.0168317 -0.00798362 0)
(0.0165338 -0.00853811 0)
(0.0162686 -0.00901385 0)
(0.0158005 -0.00942242 0)
(0.0151558 -0.0104764 0)
(0.00507404 0.0315582 0)
(0.00908846 0.0244994 0)
(0.0128069 0.0209797 0)
(0.0152148 0.0188542 0)
(0.0165482 0.0170202 0)
(0.0171626 0.0150854 0)
(0.0173493 0.0129656 0)
(0.0172915 0.010687 0)
(0.0171027 0.00830486 0)
(0.0168603 0.0058793 0)
(0.0166238 0.003475 0)
(0.0164419 0.00116727 0)
(0.0163472 -0.00095252 0)
(0.0163334 -0.00279111 0)
(0.0163448 -0.00429626 0)
(0.0163085 -0.00546996 0)
(0.0161817 -0.0063752 0)
(0.0159597 -0.00708892 0)
(0.0156604 -0.00768051 0)
(0.0153195 -0.0081967 0)
(0.0149797 -0.00865147 0)
(0.0145167 -0.00904412 0)
(0.0139201 -0.0100202 0)
(0.00627518 0.0247787 0)
(0.0103615 0.0196341 0)
(0.0141837 0.0178714 0)
(0.0163709 0.0171841 0)
(0.0172987 0.0162872 0)
(0.0174967 0.0149025 0)
(0.0173162 0.013087 0)
(0.0169451 0.010968 0)
(0.0164841 0.00865576 0)
(0.0159986 0.00623486 0)
(0.0155453 0.0037804 0)
(0.0151823 0.00137774 0)
(0.0149645 -0.000856921 0)
(0.014894 -0.00277041 0)
(0.0148892 -0.00427224 0)
(0.014831 -0.00536823 0)
(0.0146566 -0.00616708 0)
(0.0143693 -0.00678721 0)
(0.0140042 -0.00731626 0)
(0.0135973 -0.00780608 0)
(0.013239 -0.0082567 0)
(0.0127671 -0.00864013 0)
(0.0121882 -0.00954547 0)
(0.00755217 0.0170744 0)
(0.0113797 0.0146117 0)
(0.015149 0.0149613 0)
(0.017037 0.0159808 0)
(0.0175185 0.016027 0)
(0.0173405 0.0151156 0)
(0.0168642 0.0135279 0)
(0.0162486 0.0115164 0)
(0.0155641 0.00924378 0)
(0.0148566 0.00680804 0)
(0.0141773 0.00427892 0)
(0.0135985 0.00173537 0)
(0.0132222 -0.000684511 0)
(0.0130722 -0.00273922 0)
(0.0130403 -0.00425256 0)
(0.0129422 -0.00523037 0)
(0.0126905 -0.00588875 0)
(0.0123092 -0.00640373 0)
(0.0118632 -0.00687948 0)
(0.0114184 -0.00736921 0)
(0.0110233 -0.00784424 0)
(0.010615 -0.00824618 0)
(0.0101382 -0.00906813 0)
(0.00779206 0.00796009 0)
(0.0114342 0.00965543 0)
(0.0150801 0.012257 0)
(0.016782 0.0153185 0)
(0.0169313 0.016161 0)
(0.0165822 0.0155959 0)
(0.0159982 0.0141726 0)
(0.0152801 0.012252 0)
(0.0144666 0.0100303 0)
(0.0135869 0.00760288 0)
(0.012685 0.00501579 0)
(0.011851 0.00231882 0)
(0.0112528 -0.000360915 0)
(0.0109625 -0.00259571 0)
(0.0108873 -0.00416301 0)
(0.0106919 -0.00510832 0)
(0.0102911 -0.00557987 0)
(0.00976348 -0.0060175 0)
(0.00923252 -0.0064816 0)
(0.00874928 -0.00702557 0)
(0.00839781 -0.00758442 0)
(0.008105 -0.00805447 0)
(0.0077823 -0.00879399 0)
(0.00563449 0.00080196 0)
(0.00931211 0.00557939 0)
(0.0131271 0.00982928 0)
(0.0152892 0.0143634 0)
(0.0153444 0.015836 0)
(0.0152606 0.0156847 0)
(0.0148703 0.0145366 0)
(0.014239 0.0128139 0)
(0.0134164 0.0107432 0)
(0.0124381 0.00842202 0)
(0.0113474 0.00586883 0)
(0.0102333 0.0030731 0)
(0.00938067 6.31497e-05 0)
(0.00876462 -0.00256486 0)
(0.00834672 -0.00425856 0)
(0.00780486 -0.00476418 0)
(0.00731611 -0.00513058 0)
(0.0065922 -0.00557725 0)
(0.00603364 -0.00611766 0)
(0.00560057 -0.006796 0)
(0.00532041 -0.00750712 0)
(0.00523804 -0.00814581 0)
(0.00522902 -0.00880439 0)
(-0.00156637 -0.00572456 0)
(0.00366332 -0.00205767 0)
(0.00658333 0.00180066 0)
(0.0119237 0.0130497 0)
(0.0131324 0.0152834 0)
(0.0138932 0.0160023 0)
(0.0139284 0.015469 0)
(0.0135011 0.014162 0)
(0.0127509 0.0123947 0)
(0.0117517 0.0103098 0)
(0.0105552 0.00792497 0)
(0.00921701 0.0051316 0)
(0.00800827 0.00175869 0)
(0.00666372 -0.000735864 0)
(0.00566504 -0.00219041 0)
(0.00374338 -0.00367521 0)
(0.00319507 -0.00368057 0)
(0.00253216 -0.00436728 0)
(0.00217583 -0.00507623 0)
(0.00193012 -0.00590904 0)
(0.00179652 -0.00675493 0)
(0.00176624 -0.0075154 0)
(0.00183271 -0.00815376 0)
(0.00112084 -0.0205249 0)
(0.0120983 -0.031186 0)
(0.0253549 -0.0401631 0)
(0.0422245 -0.0410361 0)
(0.0432549 -0.00896169 0)
(0.0378528 -0.0106884 0)
(0.0275556 -0.016813 0)
(0.0175216 -0.0214695 0)
(0.0313551 -0.00193396 0)
(0.0277195 0.00267292 0)
(0.0219086 0.000331657 0)
(0.0161289 -0.00806503 0)
(0.0152465 0.00271866 0)
(0.0144545 0.00746404 0)
(0.014101 0.00667388 0)
(0.0126121 0.000502814 0)
(0.00456043 0.00396426 0)
(0.00366601 0.00638366 0)
(0.00307988 0.00611618 0)
(0.00174856 0.00370636 0)
(-0.00242181 0.00774621 0)
(-0.00436427 0.00914987 0)
(-0.00613862 0.0090015 0)
(-0.00811595 0.00769446 0)
(-0.00852803 0.0140269 0)
(-0.0108875 0.014728 0)
(-0.012967 0.0143461 0)
(-0.0150243 0.013113 0)
(-0.0133583 0.018153 0)
(-0.015352 0.0183124 0)
(-0.0167703 0.0177292 0)
(-0.0182575 0.0164457 0)
(-0.0160395 0.0194708 0)
(-0.0175456 0.0175183 0)
(-0.0189039 0.0164739 0)
(-0.0205389 0.0162732 0)
(-0.0133493 0.0244445 0)
(-0.0158313 0.0220521 0)
(-0.0171522 0.0209088 0)
(-0.0188036 0.0200642 0)
(-0.0112895 0.0397771 0)
(-0.011017 0.0343618 0)
(-0.0119683 0.033291 0)
(-0.0131452 0.0351427 0)
(-0.0105197 0.0309038 0)
(-0.0097163 0.0272736 0)
(-0.0100331 0.0264353 0)
(-0.0104874 0.0275611 0)
(-0.0132232 0.0276939 0)
(-0.01167 0.0259842 0)
(-0.0110439 0.0251734 0)
(-0.0106386 0.0249548 0)
(-0.0174028 0.0246057 0)
(-0.0150813 0.0235358 0)
(-0.013509 0.0226039 0)
(-0.0122347 0.021715 0)
(-0.0216827 0.0199429 0)
(-0.0187063 0.0189415 0)
(-0.0164726 0.0179566 0)
(-0.0146339 0.0169549 0)
(-0.0249425 0.0144458 0)
(-0.0217395 0.0133594 0)
(-0.0192681 0.0123997 0)
(-0.0172275 0.0115621 0)
(-0.0269086 0.00889692 0)
(-0.0237384 0.00770273 0)
(-0.021364 0.00682315 0)
(-0.0194634 0.00629671 0)
(-0.0274257 0.00373948 0)
(-0.0245232 0.00246379 0)
(-0.0224095 0.00170825 0)
(-0.0207644 0.00154482 0)
(-0.0266392 -0.000797746 0)
(-0.0240264 -0.00211289 0)
(-0.0222553 -0.00273144 0)
(-0.0209743 -0.00251738 0)
(-0.0246029 -0.00460947 0)
(-0.0223623 -0.00594648 0)
(-0.0209191 -0.00641986 0)
(-0.0199427 -0.00586209 0)
(-0.0216397 -0.00772308 0)
(-0.0196798 -0.00906056 0)
(-0.0185513 -0.00941 0)
(-0.0179109 -0.00853614 0)
(-0.0178818 -0.0102117 0)
(-0.0162471 -0.0115501 0)
(-0.0153741 -0.0117839 0)
(-0.0149524 -0.0106349 0)
(-0.0137139 -0.0121826 0)
(-0.0122803 -0.0135166 0)
(-0.0116377 -0.013654 0)
(-0.0114648 -0.0122521 0)
(-0.00924289 -0.0136931 0)
(-0.00806351 -0.0150326 0)
(-0.00758575 -0.0150832 0)
(-0.00753689 -0.0134706 0)
(-0.0048408 -0.014828 0)
(-0.00378673 -0.0161662 0)
(-0.00346056 -0.0161554 0)
(-0.00358987 -0.0143594 0)
(-0.000540731 -0.0156595 0)
(0.000312772 -0.0170006 0)
(0.00053545 -0.0169347 0)
(0.000354489 -0.0149896 0)
(0.00337095 -0.016251 0)
(0.00415227 -0.0176041 0)
(0.0042696 -0.0175014 0)
(0.003954 -0.0154297 0)
(0.00693165 -0.0166393 0)
(0.00753503 -0.0180051 0)
(0.0075914 -0.0178709 0)
(0.00727133 -0.0156975 0)
(0.00989944 -0.0168477 0)
(0.0104456 -0.0182018 0)
(0.0104233 -0.0180399 0)
(0.00999725 -0.0157813 0)
(0.0123959 -0.0169041 0)
(0.0127789 -0.0182379 0)
(0.0127046 -0.0180514 0)
(0.0122916 -0.0157316 0)
(0.0142256 -0.0168393 0)
(0.014558 -0.0181404 0)
(0.0144127 -0.0179267 0)
(0.0139071 -0.0155665 0)
(0.0155589 -0.0166365 0)
(0.0157367 -0.017892 0)
(0.0155519 -0.0176532 0)
(0.0150687 -0.0152808 0)
(0.0162265 -0.0162933 0)
(0.0163634 -0.017486 0)
(0.0161226 -0.0172282 0)
(0.0155574 -0.0148789 0)
(0.0164157 -0.0158464 0)
(0.0164148 -0.0169596 0)
(0.0161444 -0.0166891 0)
(0.0156184 -0.0143839 0)
(0.0159923 -0.0153214 0)
(0.0159645 -0.0163499 0)
(0.0156552 -0.0160629 0)
(0.0150723 -0.0138242 0)
(0.0151495 -0.0147212 0)
(0.0150122 -0.0156616 0)
(0.0146985 -0.015366 0)
(0.014176 -0.0132085 0)
(0.0137625 -0.0140566 0)
(0.0136259 -0.0149131 0)
(0.0133037 -0.0146148 0)
(0.012753 -0.0125588 0)
(0.0120261 -0.0133805 0)
(0.0118122 -0.0141534 0)
(0.0115043 -0.0138619 0)
(0.0110366 -0.0119066 0)
(0.00987946 -0.0127268 0)
(0.00966219 -0.0134138 0)
(0.00933439 -0.013122 0)
(0.00884119 -0.0112848 0)
(0.00757092 -0.0121294 0)
(0.00722685 -0.0126648 0)
(0.0068118 -0.0123808 0)
(0.00632132 -0.0107151 0)
(0.00502701 -0.0118875 0)
(0.00454825 -0.0120561 0)
(0.00395241 -0.0117307 0)
(0.00330994 -0.0103735 0)
(0.00175096 -0.00986896 0)
(0.00151821 -0.00974787 0)
(0.00122415 -0.0093899 0)
(0.00100058 -0.00849031 0)
(0.0472648 -0.0245926 0)
(0.0296785 -0.000944143 0)
(0.0316037 -0.0133397 0)
(0.0370523 -0.00249406 0)
(0.0347608 0.00882412 0)
(0.0296087 0.00280372 0)
(0.0237094 -0.00684544 0)
(0.0110911 -0.00286757 0)
(-0.000729208 0.00079938 0)
(-0.00257854 0.00116184 0)
(-0.00374937 -0.00363 0)
(-0.00842872 0.00242601 0)
(0.00244475 0.0533944 0)
(0.0223205 0.00858178 0)
(0.0256724 -0.0235044 0)
(0.0187022 -0.0286301 0)
(0.0105346 -0.0278042 0)
(-0.0129067 -0.0169998 0)
(-0.00853686 0.0883414 0)
(0.011719 -0.0146637 0)
(0.018549 -0.000970402 0)
(0.0223515 -0.0132995 0)
(0.0227084 -0.00384228 0)
(0.0261269 0.00880844 0)
(0.0253071 0.0100099 0)
(0.0132004 0.00726885 0)
(-0.00271076 0.010922 0)
(-0.0117095 0.00638953 0)
(-0.0159764 0.00343485 0)
(-0.0199862 -0.000259931 0)
(-0.0230713 0.003612 0)
(-0.00537356 0.025544 0)
(0.0178646 0.000843055 0)
(0.0169265 -0.0162779 0)
(0.00223452 -0.0148898 0)
(-0.0187009 -0.00758875 0)
(-0.0458432 0.00225555 0)
(-0.0390309 0.058823 0)
(0.0099434 -0.0154437 0)
(0.0104431 -0.00674617 0)
(0.00838597 -0.0109273 0)
(0.00524902 -0.00594118 0)
(0.0100578 0.00401859 0)
(0.00972326 0.0167177 0)
(-0.00152736 0.0207676 0)
(-0.0120413 0.0193145 0)
(-0.0186567 0.0124162 0)
(-0.0229403 0.00657419 0)
(-0.0256146 0.00189372 0)
(-0.0261006 0.000744903 0)
(-0.0147836 0.00602818 0)
(-0.00242592 -0.00413267 0)
(-0.00645433 -0.0073555 0)
(-0.0200848 0.00229689 0)
(-0.034003 0.0111903 0)
(-0.0447787 0.00582091 0)
(-0.0452902 0.00525805 0)
(0.0066537 -0.00948842 0)
(-9.9762e-05 -0.00569532 0)
(-0.00475552 -0.00561652 0)
(-0.00898984 -0.00598049 0)
(-0.0106855 0.00137979 0)
(-0.0121248 0.0216413 0)
(-0.0153058 0.029311 0)
(-0.021066 0.0256907 0)
(-0.0251928 0.0166141 0)
(-0.0263741 0.00824453 0)
(-0.0267136 0.00266398 0)
(-0.0267227 -0.00188313 0)
(-0.0233563 -0.00337491 0)
(-0.0207492 -0.00541143 0)
(-0.0234336 -0.000635648 0)
(-0.0258102 0.00966499 0)
(-0.0245168 0.0146337 0)
(-0.0207044 0.00232751 0)
(-0.0130705 -0.0286436 0)
(-0.00265377 -0.00120969 0)
(-0.00950203 -0.000624809 0)
(-0.0140908 -0.000555494 0)
(-0.0193324 -0.00111942 0)
(-0.0245893 0.00535497 0)
(-0.0260315 0.0212403 0)
(-0.0246234 0.0303213 0)
(-0.0236848 0.0279757 0)
(-0.0235222 0.0176319 0)
(-0.024177 0.00877526 0)
(-0.0251333 0.00288222 0)
(-0.0259519 -0.00168496 0)
(-0.0257694 -0.00384403 0)
(-0.0255536 -0.00419382 0)
(-0.0256934 -0.000410425 0)
(-0.022729 0.00544125 0)
(-0.0151093 0.00684112 0)
(-0.00616836 -0.00389171 0)
(0.00296604 -0.0247626 0)
(-0.0121622 0.00487227 0)
(-0.017907 0.00381501 0)
(-0.0221918 0.00334513 0)
(-0.0269131 0.00386471 0)
(-0.0313602 0.00921336 0)
(-0.0321699 0.0194536 0)
(-0.0286404 0.0268219 0)
(-0.0240658 0.0253299 0)
(-0.0217098 0.017149 0)
(-0.0219395 0.00946572 0)
(-0.0229578 0.00366346 0)
(-0.0239752 -0.00076982 0)
(-0.0244803 -0.0033128 0)
(-0.024342 -0.00406215 0)
(-0.0229733 -0.00251505 0)
(-0.0184681 -0.000827545 0)
(-0.0103626 -0.0026858 0)
(-0.00202611 -0.011145 0)
(0.00514212 -0.0240887 0)
(-0.018765 0.0106472 0)
(-0.0240219 0.00847608 0)
(-0.0281045 0.00746129 0)
(-0.0318509 0.0080352 0)
(-0.0346496 0.0116651 0)
(-0.0343538 0.0180324 0)
(-0.0304438 0.022604 0)
(-0.0254621 0.0216683 0)
(-0.0222664 0.0161375 0)
(-0.0214141 0.00992553 0)
(-0.0217012 0.00447255 0)
(-0.022213 -8.67301e-05 0)
(-0.0222455 -0.00340398 0)
(-0.0212584 -0.00527788 0)
(-0.0187264 -0.00583809 0)
(-0.0137732 -0.00711256 0)
(-0.00659479 -0.0108797 0)
(0.000133212 -0.0173954 0)
(0.00539687 -0.0224094 0)
(-0.0217408 0.0139988 0)
(-0.0270973 0.0112616 0)
(-0.031431 0.010003 0)
(-0.0349945 0.0102095 0)
(-0.0370908 0.0121379 0)
(-0.0360879 0.0156287 0)
(-0.0319929 0.0181918 0)
(-0.0269523 0.0175998 0)
(-0.0233264 0.0140749 0)
(-0.0217399 0.0094485 0)
(-0.0213644 0.00468298 0)
(-0.0212183 4.37857e-05 0)
(-0.0203878 -0.00416321 0)
(-0.0181121 -0.0074387 0)
(-0.0137409 -0.00975307 0)
(-0.0077522 -0.0124832 0)
(-0.00179528 -0.016071 0)
(0.00159063 -0.0200742 0)
(0.00173839 -0.0197068 0)
(-0.023968 0.0166562 0)
(-0.0297535 0.0137961 0)
(-0.0348733 0.0119205 0)
(-0.0387971 0.0112058 0)
(-0.0407016 0.0119843 0)
(-0.0388659 0.013324 0)
(-0.0337915 0.0146646 0)
(-0.0281682 0.014257 0)
(-0.0241052 0.0119164 0)
(-0.0221038 0.00843585 0)
(-0.0212757 0.00431602 0)
(-0.0204582 -0.000237047 0)
(-0.0188303 -0.00495846 0)
(-0.015795 -0.00921036 0)
(-0.0107703 -0.0125835 0)
(-0.00383166 -0.0158849 0)
(0.00248677 -0.0181496 0)
(0.00462648 -0.0198508 0)
(0.0012234 -0.018975 0)
(-0.0217468 0.0194439 0)
(-0.0269501 0.0153552 0)
(-0.033283 0.012619 0)
(-0.0383837 0.0114774 0)
(-0.0405503 0.0100039 0)
(-0.0391155 0.00988781 0)
(-0.0343408 0.0110516 0)
(-0.0282163 0.0108803 0)
(-0.0238898 0.00911632 0)
(-0.021853 0.00631467 0)
(-0.0207261 0.0026782 0)
(-0.0188799 -0.00178605 0)
(-0.016419 -0.00707977 0)
(-0.0138253 -0.0115757 0)
(-0.00943235 -0.0166243 0)
(-0.00405248 -0.0192941 0)
(0.00272711 -0.0204866 0)
(0.01033 -0.0169571 0)
(0.017645 -0.0150796 0)
(-0.0150882 0.0375278 0)
(-0.017445 0.0363918 0)
(-0.0223724 0.0331337 0)
(-0.0253889 0.0250902 0)
(-0.0222531 0.013742 0)
(-0.0149773 0.00462443 0)
(-0.00761636 -0.00015583 0)
(-0.00687398 0.00401501 0)
(-0.0116653 0.00642343 0)
(-0.0161385 0.00625624 0)
(-0.0163103 0.00125903 0)
(-0.0115832 -0.00608636 0)
(-0.00571292 -0.0119652 0)
(0.00276273 -0.0195462 0)
(0.00689048 -0.0244115 0)
(0.00513366 -0.0278497 0)
(0.00146204 -0.0302342 0)
(-0.00625245 -0.0242229 0)
(-0.01912 0.00604388 0)
(-0.0105026 0.0291738 0)
(-0.00870673 0.0292197 0)
(-0.00711649 0.0268677 0)
(-0.0051396 0.0180465 0)
(-0.00191255 0.00597978 0)
(0.00213679 -0.000557146 0)
(0.00576354 -0.000616132 0)
(0.00776421 0.00862322 0)
(0.00701654 0.0124455 0)
(0.00478048 0.0106989 0)
(0.00552968 -0.00136371 0)
(0.0121363 -0.0150974 0)
(0.0215394 -0.02095 0)
(0.0271095 -0.0295244 0)
(0.0254775 -0.0250601 0)
(0.0201244 -0.0238471 0)
(0.0143376 -0.028906 0)
(0.00809285 -0.0192345 0)
(0.0118643 -0.0233339 0)
(-0.00939516 0.0259841 0)
(-0.0037987 0.0249958 0)
(0.00241592 0.0219925 0)
(0.00807237 0.0136026 0)
(0.0112791 0.00315281 0)
(0.012045 -0.00189 0)
(0.0116256 -0.000922003 0)
(0.0129849 0.00823151 0)
(0.0161066 0.0128481 0)
(0.0193785 0.0100046 0)
(0.0224773 -0.00362583 0)
(0.0250069 -0.0197727 0)
(0.0275509 -0.0253513 0)
(0.0271908 -0.0246979 0)
(0.0251606 -0.0172254 0)
(0.0233256 -0.0170806 0)
(0.0198585 -0.0185164 0)
(0.015991 -0.0128052 0)
(0.0150759 0.00122478 0)
(-0.010114 0.0215866 0)
(-0.00292246 0.0192831 0)
(0.00404831 0.0154769 0)
(0.00990827 0.00869161 0)
(0.0132884 0.00129608 0)
(0.0141724 -0.00260926 0)
(0.0140869 -0.0010386 0)
(0.0156098 0.00491779 0)
(0.0195715 0.00829344 0)
(0.024737 0.00544073 0)
(0.0283972 -0.00572168 0)
(0.0277381 -0.0194194 0)
(0.0242246 -0.0245874 0)
(0.0210689 -0.0228185 0)
(0.0196754 -0.0155967 0)
(0.0188468 -0.0140272 0)
(0.0162865 -0.0128582 0)
(0.0119395 -0.00737709 0)
(0.00747299 0.00971387 0)
(-0.0120389 0.0166937 0)
(-0.00486234 0.0138459 0)
(0.00144231 0.0100042 0)
(0.00641802 0.00479427 0)
(0.00941847 -0.000279549 0)
(0.0105259 -0.00282771 0)
(0.0110921 -0.00187768 0)
(0.0130283 0.00148539 0)
(0.016972 0.00328268 0)
(0.0214712 0.000680315 0)
(0.0240984 -0.00718433 0)
(0.0226511 -0.0161122 0)
(0.0183205 -0.0200905 0)
(0.014044 -0.0189241 0)
(0.0116103 -0.0151584 0)
(0.0101691 -0.0126084 0)
(0.00761384 -0.0100626 0)
(0.00402096 -0.00349383 0)
(-0.000147872 0.0149978 0)
(-0.0146772 0.0115968 0)
(-0.00809619 0.00882187 0)
(-0.00286527 0.00540254 0)
(0.00102851 0.00147872 0)
(0.00349 -0.00196539 0)
(0.00464791 -0.00358074 0)
(0.00551936 -0.00290697 0)
(0.00737097 -0.000873934 0)
(0.0104871 3.91727e-05 0)
(0.0137247 -0.0020315 0)
(0.0151889 -0.00719814 0)
(0.0135488 -0.0130622 0)
(0.00960982 -0.0160958 0)
(0.00535701 -0.0158011 0)
(0.00224516 -0.0133361 0)
(3.81286e-05 -0.0109026 0)
(-0.00226782 -0.00770355 0)
(-0.00444054 -0.00129975 0)
(-0.00677982 0.0132073 0)
(-0.0172072 0.00694307 0)
(-0.0114579 0.00462705 0)
(-0.0072917 0.00180125 0)
(-0.00440082 -0.00109487 0)
(-0.00252602 -0.00343435 0)
(-0.00154161 -0.00446352 0)
(-0.000737006 -0.00401475 0)
(0.000642222 -0.00278179 0)
(0.00270666 -0.00228643 0)
(0.00463698 -0.00364231 0)
(0.00518322 -0.00687984 0)
(0.00350139 -0.0104768 0)
(9.15655e-05 -0.0125389 0)
(-0.00372011 -0.0124896 0)
(-0.00689316 -0.0108964 0)
(-0.00923781 -0.00882173 0)
(-0.0109113 -0.00602648 0)
(-0.0111925 -0.00148834 0)
(-0.0111188 0.00627223 0)
(-0.0190286 0.00295773 0)
(-0.0141193 0.00128537 0)
(-0.0108967 -0.000900125 0)
(-0.0088509 -0.00297469 0)
(-0.00754104 -0.00452497 0)
(-0.00686567 -0.00514399 0)
(-0.00634966 -0.00480121 0)
(-0.00555353 -0.00399025 0)
(-0.00445536 -0.00361945 0)
(-0.00358681 -0.00435691 0)
(-0.00373753 -0.00618871 0)
(-0.0053914 -0.00826497 0)
(-0.00823654 -0.00949136 0)
(-0.0114193 -0.00948684 0)
(-0.0141517 -0.00852236 0)
(-0.0160123 -0.00719556 0)
(-0.016616 -0.00567904 0)
(-0.0150374 -0.00424086 0)
(-0.01256 -0.00448998 0)
(-0.0197328 -0.000309172 0)
(-0.0156398 -0.0012874 0)
(-0.0131967 -0.00285584 0)
(-0.0118379 -0.00425962 0)
(-0.0110196 -0.00522168 0)
(-0.0106793 -0.00552003 0)
(-0.0105034 -0.00517735 0)
(-0.0102348 -0.0045332 0)
(-0.00987688 -0.00413372 0)
(-0.00975543 -0.00438173 0)
(-0.0103306 -0.00527611 0)
(-0.0118573 -0.00635531 0)
(-0.014116 -0.00704189 0)
(-0.0165304 -0.00711744 0)
(-0.0184799 -0.00678062 0)
(-0.0194316 -0.00649377 0)
(-0.0188257 -0.00678252 0)
(-0.0157645 -0.00881573 0)
(-0.0114378 -0.0164737 0)
(-0.0192572 -0.00288766 0)
(-0.0158493 -0.00320219 0)
(-0.0140491 -0.00421318 0)
(-0.0132243 -0.00506938 0)
(-0.0127983 -0.0055756 0)
(-0.0127465 -0.00560584 0)
(-0.0128586 -0.0051978 0)
(-0.0129774 -0.00458153 0)
(-0.0131034 -0.00409653 0)
(-0.0134181 -0.00399777 0)
(-0.0141666 -0.00430979 0)
(-0.0154571 -0.0048145 0)
(-0.0171118 -0.00524245 0)
(-0.0187153 -0.00553107 0)
(-0.0197668 -0.00589774 0)
(-0.0197558 -0.00681195 0)
(-0.018106 -0.00901794 0)
(-0.0142644 -0.0141505 0)
(-0.00900593 -0.0268969 0)
(-0.0176212 -0.00485698 0)
(-0.0148356 -0.00457419 0)
(-0.0135304 -0.00510483 0)
(-0.0131038 -0.00551729 0)
(-0.0129667 -0.00566433 0)
(-0.0131251 -0.0054698 0)
(-0.0134325 -0.00497061 0)
(-0.0137847 -0.00432584 0)
(-0.0141699 -0.00375834 0)
(-0.014674 -0.00344578 0)
(-0.0154087 -0.00344158 0)
(-0.0163946 -0.00367886 0)
(-0.017478 -0.00408087 0)
(-0.0183493 -0.00470642 0)
(-0.0186199 -0.00581962 0)
(-0.0178587 -0.00791903 0)
(-0.015681 -0.011847 0)
(-0.0117691 -0.0193311 0)
(-0.00665789 -0.0350546 0)
(-0.0150812 -0.00631144 0)
(-0.0127714 -0.00551507 0)
(-0.0118519 -0.00564695 0)
(-0.0117114 -0.00570482 0)
(-0.0117708 -0.0055702 0)
(-0.0120599 -0.00519324 0)
(-0.0124715 -0.00460581 0)
(-0.0129296 -0.00392331 0)
(-0.0134104 -0.00330451 0)
(-0.0139414 -0.00288922 0)
(-0.0145573 -0.00275641 0)
(-0.0152335 -0.00293377 0)
(-0.0158403 -0.00346336 0)
(-0.0161509 -0.0044875 0)
(-0.0158833 -0.00630654 0)
(-0.0147469 -0.00942916 0)
(-0.0124774 -0.0147016 0)
(-0.00907535 -0.0238408 0)
(-0.00482181 -0.0413802 0)
(-0.011826 -0.00735261 0)
(-0.00993833 -0.00612308 0)
(-0.00929544 -0.00593465 0)
(-0.00935279 -0.00571473 0)
(-0.00953594 -0.00536387 0)
(-0.00989196 -0.00484628 0)
(-0.0103386 -0.00418912 0)
(-0.0108163 -0.003482 0)
(-0.0112942 -0.00284924 0)
(-0.0117678 -0.00241314 0)
(-0.0122325 -0.00227215 0)
(-0.0126473 -0.00251141 0)
(-0.0129105 -0.00324282 0)
(-0.0128662 -0.00465737 0)
(-0.0123323 -0.00707018 0)
(-0.0111221 -0.0109755 0)
(-0.00916611 -0.0171893 0)
(-0.00649643 -0.0273674 0)
(-0.00331642 -0.0460607 0)
(-0.0081899 -0.00806273 0)
(-0.00658958 -0.00648091 0)
(-0.00616149 -0.00604064 0)
(-0.00635174 -0.00560889 0)
(-0.00660732 -0.00509722 0)
(-0.00698752 -0.00447778 0)
(-0.00742726 -0.00377456 0)
(-0.00787824 -0.00306222 0)
(-0.00830806 -0.00244657 0)
(-0.00869793 -0.00204171 0)
(-0.00902805 -0.00195881 0)
(-0.00925828 -0.0023154 0)
(-0.00931715 -0.00326038 0)
(-0.00910823 -0.00500653 0)
(-0.00852853 -0.00786593 0)
(-0.00750439 -0.0123055 0)
(-0.00599782 -0.0190909 0)
(-0.00420101 -0.0298548 0)
(-0.00213346 -0.0492184 0)
(-0.00434602 -0.00851723 0)
(-0.00302272 -0.00665496 0)
(-0.00273583 -0.00602072 0)
(-0.00301453 -0.00543017 0)
(-0.00330989 -0.00480336 0)
(-0.00369095 -0.00411543 0)
(-0.00410534 -0.00338821 0)
(-0.00451389 -0.00268764 0)
(-0.00488679 -0.00210901 0)
(-0.00520229 -0.00176169 0)
(-0.00543906 -0.00176322 0)
(-0.00556683 -0.0022467 0)
(-0.00554286 -0.00337666 0)
(-0.0053187 -0.00536968 0)
(-0.00485466 -0.00852375 0)
(-0.00412598 -0.0132733 0)
(-0.00321739 -0.0203442 0)
(-0.00221619 -0.0313423 0)
(-0.00111758 -0.0510748 0)
(-0.000587097 -0.00877807 0)
(0.000553009 -0.00669034 0)
(0.000733387 -0.00591063 0)
(0.000394487 -0.00520559 0)
(7.53017e-05 -0.00449942 0)
(-0.000298092 -0.0037696 0)
(-0.000685186 -0.00303565 0)
(-0.00105496 -0.00235801 0)
(-0.0013828 -0.00182513 0)
(-0.00165016 -0.00154228 0)
(-0.00184101 -0.00162825 0)
(-0.0019382 -0.00222077 0)
(-0.00192387 -0.00348665 0)
(-0.00178547 -0.0056356 0)
(-0.0015246 -0.00894653 0)
(-0.00118226 -0.0138232 0)
(-0.000800208 -0.0209532 0)
(-0.000579896 -0.0319607 0)
(-0.000351937 -0.0518545 0)
(0.0029872 -0.00890593 0)
(0.00392729 -0.00660276 0)
(0.00403971 -0.00572541 0)
(0.00365742 -0.00494436 0)
(0.00332155 -0.00418606 0)
(0.00295401 -0.00343309 0)
(0.00258659 -0.00270395 0)
(0.00224212 -0.00205489 0)
(0.00193874 -0.00156825 0)
(0.0016892 -0.00134448 0)
(0.00150161 -0.00149989 0)
(0.00138038 -0.00216996 0)
(0.00132375 -0.00351581 0)
(0.00131835 -0.00573476 0)
(0.0013317 -0.00908511 0)
(0.00131782 -0.0139428 0)
(0.001145 -0.0209738 0)
(0.000755581 -0.0318131 0)
(0.000297196 -0.0517345 0)
(0.00619459 -0.00891513 0)
(0.00700779 -0.00644368 0)
(0.00702247 -0.00549924 0)
(0.006612 -0.00466712 0)
(0.00626278 -0.00387742 0)
(0.00589529 -0.00311415 0)
(0.00553484 -0.0023946 0)
(0.00519774 -0.00177164 0)
(0.0048964 -0.00132315 0)
(0.00463704 -0.00114379 0)
(0.0044199 -0.00134506 0)
(0.0042387 -0.00205653 0)
(0.00407727 -0.00342968 0)
(0.00390535 -0.00564718 0)
(0.00367511 -0.00894739 0)
(0.00330215 -0.013684 0)
(0.00273418 -0.0205038 0)
(0.00178824 -0.0310818 0)
(0.000750587 -0.0508621 0)
(0.00898325 -0.00879784 0)
(0.00962789 -0.00623406 0)
(0.00957772 -0.00523547 0)
(0.00914315 -0.00436642 0)
(0.00877804 -0.00355666 0)
(0.00840249 -0.00279018 0)
(0.00803625 -0.00208286 0)
(0.00769081 -0.00148427 0)
(0.00737362 -0.00106705 0)
(0.0070846 -0.000918285 0)
(0.00681727 -0.00114318 0)
(0.00655768 -0.00186452 0)
(0.00628051 -0.00322176 0)
(0.00594476 -0.00538213 0)
(0.00548973 -0.00856594 0)
(0.00484832 -0.0131092 0)
(0.00388502 -0.0196539 0)
(0.0025836 -0.0298993 0)
(0.00118997 -0.0494666 0)
(0.0112045 -0.00860126 0)
(0.0117484 -0.00597516 0)
(0.0116361 -0.00493921 0)
(0.0111795 -0.00404427 0)
(0.0107958 -0.00322107 0)
(0.0104048 -0.00245396 0)
(0.010022 -0.00175699 0)
(0.00965546 -0.00117678 0)
(0.00930898 -0.000779968 0)
(0.00897792 -0.00064588 0)
(0.00865008 -0.00087321 0)
(0.00830718 -0.00157789 0)
(0.00791994 -0.00288594 0)
(0.00744194 -0.00494913 0)
(0.00680977 -0.00797129 0)
(0.00592674 -0.0122743 0)
(0.00475238 -0.018493 0)
(0.00312751 -0.0283698 0)
(0.00145315 -0.0476689 0)
(0.012911 -0.00834394 0)
(0.0133094 -0.00567809 0)
(0.0131599 -0.00461574 0)
(0.0126849 -0.00370086 0)
(0.0122806 -0.00286733 0)
(0.0118689 -0.00209928 0)
(0.0114623 -0.00140949 0)
(0.0110669 -0.000841357 0)
(0.0106823 -0.00045454 0)
(0.0103016 -0.000322682 0)
(0.00991126 -0.000537454 0)
(0.00949201 -0.00120705 0)
(0.00901289 -0.00244494 0)
(0.0084259 -0.00438716 0)
(0.00766276 -0.00722125 0)
(0.00665229 -0.0112562 0)
(0.00526111 -0.0171278 0)
(0.00349531 -0.0266007 0)
(0.00170859 -0.0456087 0)
(0.0140086 -0.00803348 0)
(0.0143375 -0.00535132 0)
(0.0141419 -0.00426849 0)
(0.0136516 -0.00333643 0)
(0.0132264 -0.00249269 0)
(0.0127913 -0.00172135 0)
(0.0123579 -0.00103497 0)
(0.011929 -0.000472198 0)
(0.0115012 -8.65792e-05 0)
(0.0110689 5.1666e-05 0)
(0.0106219 -0.000141604 0)
(0.0101404 -0.000766707 0)
(0.00959399 -0.00192637 0)
(0.00893904 -0.00373918 0)
(0.00811034 -0.00637548 0)
(0.00700532 -0.0101316 0)
(0.00558807 -0.0156389 0)
(0.00368574 -0.0247055 0)
(0.00182152 -0.0433786 0)
(0.0145996 -0.00767899 0)
(0.0148114 -0.0050033 0)
(0.0145924 -0.00390181 0)
(0.0140932 -0.00295296 0)
(0.01365 -0.00209694 0)
(0.0131931 -0.00131902 0)
(0.0127325 -0.00063123 0)
(0.0122684 -6.60787e-05 0)
(0.0117974 0.000325095 0)
(0.0113171 0.000474424 0)
(0.0108208 0.000304384 0)
(0.0102924 -0.000275488 0)
(0.00970773 -0.00136196 0)
(0.00902849 -0.00305199 0)
(0.008189 -0.00549602 0)
(0.00711262 -0.00897393 0)
(0.00564973 -0.0141158 0)
(0.00378077 -0.0227497 0)
(0.00198025 -0.0410591 0)
(0.0146283 -0.00729663 0)
(0.0147864 -0.00464389 0)
(0.0145405 -0.00352293 0)
(0.01404 -0.002555 0)
(0.0135852 -0.00168278 0)
(0.0131121 -0.000894314 0)
(0.0126279 -0.000198303 0)
(0.0121306 0.000376649 0)
(0.0116201 0.000778096 0)
(0.0110969 0.00093974 0)
(0.0105597 0.000788862 0)
(0.0100001 0.000245518 0)
(0.00940416 -0.000783259 0)
(0.00874298 -0.00237285 0)
(0.00795999 -0.00464579 0)
(0.00694183 -0.00785872 0)
(0.00562878 -0.0126274 0)
(0.00376881 -0.0208149 0)
(0.00203615 -0.038697 0)
(0.0142079 -0.00689941 0)
(0.0142723 -0.00428255 0)
(0.0140239 -0.00314087 0)
(0.0135351 -0.00215039 0)
(0.01308 -0.00125708 0)
(0.0126002 -0.000452523 0)
(0.0120995 0.000260251 0)
(0.0115766 0.000851613 0)
(0.0110335 0.00126768 0)
(0.0104738 0.00144212 0)
(0.00990268 0.00130368 0)
(0.00932395 0.000778601 0)
(0.00873663 -0.000218341 0)
(0.00812751 -0.00174531 0)
(0.00744752 -0.00388486 0)
(0.00660929 -0.00685814 0)
(0.00541177 -0.011256 0)
(0.00372122 -0.018941 0)
(0.00218889 -0.0363279 0)
(0.0132983 -0.00649678 0)
(0.0133409 -0.00392804 0)
(0.0130892 -0.00276747 0)
(0.012629 -0.00175121 0)
(0.0121911 -0.000832194 0)
(0.0117194 -3.56149e-06 0)
(0.0112163 0.000734522 0)
(0.0106811 0.00134976 0)
(0.0101163 0.00178638 0)
(0.00952763 0.00197579 0)
(0.00892726 0.00184281 0)
(0.00833248 0.00131336 0)
(0.00776267 0.000314992 0)
(0.00722844 -0.00120372 0)
(0.00669626 -0.00326484 0)
(0.00604558 -0.00604192 0)
(0.00516135 -0.0100634 0)
(0.00359825 -0.0171929 0)
(0.00226739 -0.0339578 0)
(0.0120196 -0.0060976 0)
(0.0120033 -0.00359479 0)
(0.0117822 -0.00241806 0)
(0.0113777 -0.00137645 0)
(0.0109818 -0.00042401 0)
(0.0105411 0.000438021 0)
(0.0100587 0.00121029 0)
(0.0095322 0.00185902 0)
(0.00896179 0.00232642 0)
(0.00835379 0.00253734 0)
(0.00772592 0.00240798 0)
(0.00711276 0.00185745 0)
(0.00655444 0.000813303 0)
(0.00609446 -0.00076066 0)
(0.00571475 -0.00281591 0)
(0.00533707 -0.00546262 0)
(0.00470187 -0.00912973 0)
(0.00343535 -0.0156074 0)
(0.00245926 -0.0316086 0)
(0.0103282 -0.00572033 0)
(0.0103261 -0.00330447 0)
(0.0101529 -0.0021237 0)
(0.00983888 -0.00105575 0)
(0.00952308 -6.55387e-05 0)
(0.00914615 0.000838847 0)
(0.00871872 0.00165476 0)
(0.00823122 0.00235008 0)
(0.00767868 0.00286355 0)
(0.00706594 0.00311037 0)
(0.00641577 0.00299216 0)
(0.00577047 0.00240667 0)
(0.00520217 0.00128367 0)
(0.00479796 -0.000421968 0)
(0.00455114 -0.00253843 0)
(0.00436973 -0.00515457 0)
(0.00414869 -0.00851229 0)
(0.00315003 -0.0142744 0)
(0.00256106 -0.0292885 0)
(0.00829369 -0.0053909 0)
(0.00831094 -0.00310613 0)
(0.00824635 -0.00192881 0)
(0.00807142 -0.000819993 0)
(0.0078859 0.000227013 0)
(0.00762591 0.00117671 0)
(0.00730094 0.00204813 0)
(0.0068933 0.00280833 0)
(0.00639078 0.00338987 0)
(0.00579552 0.00369542 0)
(0.00512678 0.00360373 0)
(0.00444485 0.00299318 0)
(0.00383021 0.00175662 0)
(0.00344735 -0.000200233 0)
(0.00327047 -0.00242362 0)
(0.00323937 -0.00512788 0)
(0.00326273 -0.0083178 0)
(0.00274995 -0.0133107 0)
(0.00285656 -0.0269955 0)
(0.00580587 -0.00526376 0)
(0.00600368 -0.00314985 0)
(0.00614289 -0.00195523 0)
(0.00617617 -0.000756322 0)
(0.00617206 0.000320068 0)
(0.00609032 0.00132013 0)
(0.00593345 0.00226202 0)
(0.00565385 0.0031133 0)
(0.00523785 0.00379104 0)
(0.00468511 0.00418087 0)
(0.00402024 0.00414303 0)
(0.0032829 0.00352043 0)
(0.00251133 0.0021298 0)
(0.00212597 -0.000150486 0)
(0.00201981 -0.00235405 0)
(0.00186711 -0.00526125 0)
(0.00209182 -0.00846093 0)
(0.00204731 -0.0126383 0)
(0.00347168 -0.0249382 0)
(0.00306038 -0.00532086 0)
(0.00351994 -0.00334839 0)
(0.00407507 -0.00226777 0)
(0.00429354 -0.0013853 0)
(0.00448721 -0.000262996 0)
(0.00471331 0.00086882 0)
(0.00478861 0.00195691 0)
(0.00467627 0.00296717 0)
(0.00437016 0.00379671 0)
(0.00388475 0.00432035 0)
(0.00323216 0.00439055 0)
(0.00238124 0.00386599 0)
(0.00125613 0.00277153 0)
(0.000960222 0.000350301 0)
(0.00106844 -0.00161033 0)
(0.000636386 -0.00481088 0)
(0.00075968 -0.00833841 0)
(0.00134811 -0.0124357 0)
(0.00553198 -0.0240039 0)
(0.000916672 -0.00522339 0)
(0.00127524 -0.00363029 0)
(0.00163295 -0.00284983 0)
(0.00254547 -0.000285844 0)
(0.0032522 0.000130743 0)
(0.00386023 0.00148223 0)
(0.00413423 0.00286873 0)
(0.00415102 0.00415159 0)
(0.00393126 0.00522814 0)
(0.00350749 0.00597533 0)
(0.00290599 0.00626227 0)
(0.00210322 0.0060796 0)
(0.000865481 0.00501251 0)
(0.000541949 -0.00152715 0)
(0.000414345 -0.00180484 0)
(5.42187e-05 -0.00580135 0)
(0.000107891 -0.0111321 0)
(1.42565e-05 -0.0192511 0)
(0.00986328 -0.0194388 0)
)
;

boundaryField
{
    leftWall
    {
        type            noSlip;
    }
    rightWall
    {
        type            noSlip;
    }
    lowerWall
    {
        type            noSlip;
    }
    atmosphere
    {
        type            pressureInletOutletVelocity;
        value           nonuniform List<vector> 
46
(
(0 -0.00572456 0)
(0 -0.00205767 0)
(0.00658333 0.00180066 0)
(0.0119237 0.0130497 0)
(0.0131324 0.0152834 0)
(0.0138932 0.0160023 0)
(0.0139284 0.015469 0)
(0.0135011 0.014162 0)
(0.0127509 0.0123947 0)
(0.0117517 0.0103098 0)
(0.0105552 0.00792497 0)
(0.00921701 0.0051316 0)
(0.00800827 0.00175869 0)
(0 -0.000735864 0)
(0 -0.00219041 0)
(0 -0.00367521 0)
(0 -0.00368057 0)
(0 -0.00436728 0)
(0 -0.00507623 0)
(0 -0.00590904 0)
(0 -0.00675493 0)
(0 -0.0075154 0)
(0 -0.00815376 0)
(0 -0.00986896 0)
(0 -0.00974787 0)
(0 -0.0093899 0)
(0 -0.00849031 0)
(0 -0.00522339 0)
(0 -0.00363029 0)
(0 -0.00284983 0)
(0 -0.000285844 0)
(0 0.000130743 0)
(0.00386023 0.00148223 0)
(0.00413423 0.00286873 0)
(0.00415102 0.00415159 0)
(0.00393126 0.00522814 0)
(0.00350749 0.00597533 0)
(0.00290599 0.00626227 0)
(0.00210322 0.0060796 0)
(0.000865481 0.00501251 0)
(0 -0.00152715 0)
(0 -0.00180484 0)
(0 -0.00580135 0)
(0 -0.0111321 0)
(0 -0.0192511 0)
(0 -0.0194388 0)
)
;
    }
    defaultFaces
    {
        type            empty;
    }
}


// ************************************************************************* //
