/*--------------------------------*- C++ -*----------------------------------*\
  =========                 |
  \\      /  F ield         | OpenFOAM: The Open Source CFD Toolbox
   \\    /   O peration     | Website:  https://openfoam.org
    \\  /    A nd           | Version:  13
     \\/     M anipulation  |
\*---------------------------------------------------------------------------*/
FoamFile
{
    format      ascii;
    class       volScalarField;
    location    "0.2";
    object      alphas;
}
// * * * * * * * * * * * * * * * * * * * * * * * * * * * * * * * * * * * * * //

dimensions      [];

internalField   nonuniform List<scalar> 
2268
(
2
2
2
2
2
2
2
2
2
2
2
2
2
2
2
2
2
2
2
2
2
2
1.98158
2
2
2
2
2
2
2
2
2
2
2
2
2
2
2
2
2
2
2
2
2
2
1.98159
2
2
2
2
2
2
2
2
2
2
2
2
2
2
2
2
1.99999
1.99999
1.99999
2
2
2
1.99666
2
2
2
2
2
2
2
2
2
2
2
2
2
2
2
2
2
1.99992
1.99986
1.99992
1.99997
2
2
2
2
2
2
2
2
2
2
2
2
2
2
2
2
2
2
2
1.99994
1.97144
1.86126
1.66915
1.8937
1.9853
2
2
2
2
2
2
2
2
2
2
2
2
2
2
2
2
1.99989
1.87001
1.42676
1.08962
1.02097
1.16541
1.89311
2
2
2
2
2
2
2
2
2
2
2
2
2
1.93662
1.63716
1.48069
1.52582
1.3115
1.01193
0.999999
1
1
1.89565
2
2
2
2
2
2
2
2
2
2
2
1.93824
1.70424
1.03701
0.319052
0.149647
0.261817
0.908731
1.00766
1
1
1
1.89589
3
3
2.97178
2.17454
1.51974
1.31589
1.15909
1.19024
1.26508
1.32574
1.33021
1.28082
1.03238
1
1
1
1.72373
2.96246
3
3
3
3
3
2.77523
1.61085
1
1
1
1
1
1
1
1
1
1.45216
2.76369
3
3
3
3
3
3
2.938
1.39759
1
1
1
1
1
1
1
1
1.39264
2.67533
3
3
3
3
3
3
3
2.28031
1.08765
1
1
1
1
1
1
1
1.28902
2.61812
3
3
3
3
3
3
3
2.99111
1.53519
1
1
1
1
1
1
1
1
1.95432
2.97599
3
3
3
3
3
3
3
2.03854
1.02259
1
1
1
1
1
1
1
1.16307
2.54958
3
3
3
3
3
3
3
2.38835
1.13972
1
1
1
1
1
1
1
1
1.75671
2.9302
3
3
3
3
3
2.99043
2.34021
1.13695
1
1
1
1
1
1
1
1
1.08995
2.4699
3
3
3
3
3
3
1.99775
1.99989
2
2
1.99859
1.98911
1.95885
1.89006
1.76234
1.55543
1.21618
0.825938
0.428714
0.0494934
1.50199e-08
0.000188236
0.0423881
0.765518
1.00335
1.00028
1
1
1.18358
1.04123
1.15718
1.20632
1.17757
1.08211
0.921792
0.718105
0.494191
0.275214
0.0688201
5.08689e-12
4.53851e-10
8.19813e-10
9.17018e-09
1.00296e-08
4.54216e-09
6.39479e-09
0.666201
1.00021
1.00025
1.00005
1
1
3.58426e-12
4.4064e-12
3.27522e-12
2.96126e-12
3.17105e-12
3.89124e-12
4.8027e-12
6.55224e-12
9.57768e-12
1.31626e-11
1.12304e-11
7.08297e-11
3.26704e-10
2.7403e-09
6.38765e-09
6.59479e-09
5.12252e-09
0.645098
1.00014
1.00018
1.00003
1
1
1.83395e-11
2.43268e-11
1.80136e-11
1.62821e-11
1.64816e-11
1.96509e-11
2.20036e-11
2.89026e-11
4.00541e-11
5.21828e-11
4.35553e-11
7.72573e-11
1.34849e-10
8.23823e-09
2.61729e-08
2.78811e-08
0.0887623
0.805286
1
1.00001
1.00001
1
1
8.47354e-11
1.14776e-10
8.79593e-11
7.84511e-11
8.85176e-11
9.60587e-11
1.12965e-10
1.43858e-10
1.79566e-10
2.21214e-10
1.68897e-10
1.02068e-10
1.18036e-09
2.07765e-08
8.80818e-08
9.21998e-08
0.37944
0.975571
1
1
1
1
1
3.50617e-10
4.48844e-10
3.57687e-10
3.18787e-10
3.494e-10
3.80026e-10
3.93376e-10
4.84894e-10
6.28621e-10
7.42455e-10
5.08979e-10
1.39754e-10
6.11694e-09
3.88245e-08
6.80076e-07
0.0734849
0.781475
1
1
1
1
1
1
1.26947e-09
1.46492e-09
1.20366e-09
1.13763e-09
1.17476e-09
1.27385e-09
1.4144e-09
1.64882e-09
1.88564e-09
1.92283e-09
1.09162e-09
1.19988e-09
1.1229e-09
1.21098e-09
1.49891e-06
0.426577
0.982217
1
1
1
1
1
1
3.71776e-09
3.87996e-09
3.27268e-09
3.11528e-09
3.20113e-09
3.594e-09
3.55841e-09
4.07648e-09
4.13591e-09
3.95882e-09
1.68752e-09
1.12289e-09
3.59875e-05
7.05393e-05
0.111366
0.834279
1
1
1
1
1
1
1
7.98844e-09
7.85458e-09
6.80071e-09
6.63851e-09
6.62457e-09
7.16401e-09
6.95404e-09
7.24232e-09
6.68278e-09
6.46128e-09
2.33185e-09
1.18189e-09
0.00014045
0.000155186
0.542794
0.997408
1
1
1
1
1
1
1
1.15537e-08
1.0805e-08
9.53883e-09
9.48105e-09
9.13736e-09
9.50836e-09
8.60355e-09
7.29309e-09
6.73551e-09
1.09371e-08
6.71555e-09
1.12289e-09
0.000120167
0.205906
0.907629
1
1
1
1
1
1
1
1
8.96855e-09
8.03611e-09
7.37686e-09
6.82636e-09
7.08387e-09
6.59174e-09
1.89921e-08
1.57544e-08
1.17063e-08
1.41145e-08
8.87296e-09
5.92403e-08
0.00121375
0.575797
0.999996
1
1
1
1
1
1
1
1
1.53794e-08
6.00185e-09
6.11932e-09
8.70274e-09
5.21228e-09
5.87712e-09
0.00473874
0.026028
0.0811173
0.176069
0.293766
0.295693
0.265768
0.735936
0.999461
1
1
1
1
1
1.02608
1.13792
1.39188
1.21787
1.07966
0.987132
0.992667
1.06182
1.2268
1.46479
1.74749
2.03851
2.3054
2.51218
2.51036
2.38633
1.87063
1.43392
1.30794
1.30552
1.35785
1.50365
1.78971
2.18261
2.5633
2.89424
3
3
2.99272
2.99408
3
3
3
3
3
3
3
3
2.99032
2.99999
2.8884
2.80228
2.79733
2.83825
2.9331
3
3
3
3
3
3
3
3
3
3
3
3
3
3
3
3
3
3
2.99972
2.99982
2.99995
2.99999
3
3
3
3
3
3
3
3
3
3
3
3
3
3
3
3
3
3
3
3
3
2.99999
3
3
3
3
3
3
3
3
3
3
3
3
3
3
3
3
3
3
3
3
3
3
3
3
3
3
3
3
3
3
3
3
3
3
3
3
3
3
3
3
3
3
3
3
3
3
3
3
3
3
3
3
3
3
3
3
3
3
3
3
3
3
3
3
3
3
3
3
3
3
3
3
3
3
3
3
3
3
3
3
3
3
3
3
3
3
3
3
3
3
3
3
3
3
3
3
3
3
3
3
3
3
3
3
3
3
3
3
3
3
3
3
3
3
3
3
3
3
3
3
3
3
3
3
3
3
3
3
3
3
3
3
3
3
3
3
3
3
3
3
3
3
3
3
3
3
3
3
3
3
3
3
3
3
3
3
3
3
3
3
3
3
3
3
3
3
3
3
3
3
3
3
3
3
3
3
3
3
3
3
3
3
3
3
3
3
3
3
3
3
3
3
3
3
3
3
3
3
3
3
3
3
3
3
3
3
3
3
3
3
3
3
3
3
3
3
3
3
3
3
3
3
3
3
3
3
3
3
3
3
3
3
3
3
3
3
3
3
3
3
3
3
3
3
3
3
3
3
3
3
3
3
3
3
3
3
3
3
3
3
3
3
3
3
3
3
3
3
3
3
3
3
3
3
3
3
3
3
3
3
3
3
3
3
3
3
3
3
3
3
3
3
3
3
3
3
3
3
3
3
3
3
3
3
3
3
3
3
3
3
3
3
3
3
3
3
3
3
3
3
3
3
3
3
3
3
3
3
3
3
3
3
3
3
3
3
3
3
3
3
3
3
3
3
3
3
3
3
3
3
3
3
3
3
3
3
3
3
3
3
3
3
3
3
3
3
3
3
3
3
3
3
3
3
3
3
3
3
3
3
3
3
3
3
3
3
3
3
3
3
3
3
3
3
3
3
3
3
3
3
3
3
3
3
3
3
3
3
3
3
3
3
3
3
3
3
3
3
3
3
3
3
3
3
3
3
3
3
3
3
3
3
3
3
3
3
3
3
3
3
3
3
3
3
3
3
3
3
3
3
3
3
3
3
3
3
3
3
3
3
3
3
3
3
3
3
3
3
3
3
3
3
3
3
3
3
3
3
3
3
3
3
3
3
3
3
3
3
3
3
3
3
3
3
3
3
3
3
3
3
3
3
3
3
3
3
3
3
3
3
3
3
3
3
3
3
3
3
3
3
3
3
3
3
3
3
3
3
3
3
3
3
3
3
3
3
3
3
3
3
3
3
3
3
3
3
3
3
3
3
3
3
3
3
3
3
3
3
3
3
3
3
3
3
3
3
3
3
3
3
3
3
3
3
3
3
3
3
3
3
3
3
3
3
3
3
3
3
3
3
3
3
3
3
3
3
3
3
3
3
3
3
3
3
1.0365
1
1
1
1.00075
1.00003
1
1
1
1
1
1
1
1
1
1
1
1
1
1
1
1
1
1
1
1
1
1
1
1
1
1
1
1
1
1
1
1
1
1
1
1.01972
1.21348
1.29862
1.65274
1.99719
2.66162
2.8594
3
3
3
3
3
3
3
3
3
2.99999
3
2.99995
2.99999
2.99998
2.99999
2.99991
2.99999
2.99998
2.99999
3
3
3
3
3
3
3
3
3
3
3
3
3
3
3
3
3
3
3
3
3
3
3
3
3
3
3
3
3
3
3
3
3
3
3
3
3
3
3
3
3
3
3
3
3
3
3
3
3
3
3
3
3
3
3
3
3
3
3
3
3
3
3
3
3
3
3
3
3
3
3
3
3
3
3
3
3
3
3
3
3
3
3
3
3
3
3
3
3
3
3
3
3
3
3
3
3
3
3
3
3
1.01309
1
1
1
1
1
1
1
1
1
1
1.70441
2.92622
3
3
3
3
3
3
1
1
1
1
1
1
1
1
1
1
1.45535
2.80658
3
3
3
3
3
3
3
1
1
1
1
1
1
1
1
1
1.28573
2.64327
3
3
3
3
3
3
3
3
1
1
1
1
1
1
1
1
1.17972
2.47968
3
3
3
3
3
3
3
3
3
1
1
1
1
1
1
1
1.13289
2.35817
3
3
3
3
3
3
3
3
3
3
1
1
1
1
1
1
1.13982
2.31897
3
3
3
3
3
3
3
3
3
3
3
1
1
1
1
1
1.19658
2.38207
3
3
3
3
3
3
3
3
3
3
3
3
1
1
1
1
1.29664
2.52893
3
3
3
3
3
3
3
3
3
3
3
3
3
1
1
1
1.42458
2.69935
3
3
3
3
3
3
3
3
3
3
3
3
3
3
1
1
1.53478
2.82154
3
3
3
3
3
3
3
3
3
3
3
3
3
3
3
1.13653
1.51653
2.81019
3
3
3
3
3
3
3
3
3
3
3
3
3
3
3
3
2.66942
2.82317
2.99677
3
3
3
3
3
3
3
3
3
3
3
3
3
3
3
3
3
3
2.99992
2.99994
3
3
3
3
3
3
3
3
3
3
3
3
3
3
3
2.99997
2.99999
3
3
3
3
3
3
3
3
3
3
3
3
3
3
3
3
3
2.99989
2.99996
3
3
3
3
3
3
3
3
3
3
3
3
3
3
3
3
3
2.9999
3
3
3
3
3
3
3
3
3
3
3
3
3
3
3
3
3
3
3
3
3
3
3
3
3
3
3
3
3
3
3
3
3
3
3
3
3
3
3
3
3
3
3
3
3
3
3
3
3
3
3
3
3
3
3
3
3
3
3
3
3
3
3
3
3
3
3
3
3
3
3
3
3
3
3
3
3
3
3
3
3
3
3
3
3
3
3
3
3
3
3
3
3
3
3
3
3
3
3
3
3
3
3
3
3
3
3
3
3
3
3
3
3
3
3
3
3
3
3
3
3
3
3
3
3
3
3
3
3
3
3
3
3
3
3
3
3
3
3
3
3
3
3
3
3
3
3
3
3
3
3
3
3
3
3
3
3
3
3
3
3
3
3
3
3
3
3
3
3
3
3
3
3
3
3
3
3
3
3
3
3
3
3
3
3
3
3
3
3
3
3
3
3
3
3
3
3
3
3
3
3
3
3
3
3
3
3
3
3
3
3
3
3
3
3
3
3
3
3
3
3
3
3
3
3
3
3
3
3
3
3
3
3
3
3
3
3
3
3
3
3
3
3
3
3
3
3
3
3
3
3
3
3
3
3
3
3
3
3
3
3
3
3
3
3
3
3
3
3
3
3
3
3
3
3
3
3
3
3
3
3
3
3
3
3
3
3
3
3
3
3
3
3
3
3
3
3
3
3
3
3
3
3
3
3
3
3
3
3
3
3
3
3
3
3
3
3
3
3
3
3
3
3
3
3
3
3
3
3
3
3
3
3
3
3
3
3
3
3
3
3
3
3
3
3
3
3
3
3
3
3
3
3
3
3
3
3
3
3
3
3
3
3
3
3
3
3
3
3
3
3
3
3
3
3
3
3
3
3
3
3
3
3
3
3
3
3
3
3
3
3
3
3
3
3
3
3
3
3
3
3
3
3
3
3
3
3
3
3
3
3
3
3
3
3
3
3
3
3
3
3
3
3
3
3
3
3
3
3
3
3
3
3
3
3
3
3
3
3
3
3
3
3
3
3
3
3
3
3
3
3
3
3
3
3
3
3
3
3
3
3
3
3
3
3
3
3
3
3
3
3
3
3
3
3
3
3
3
3
3
3
3
3
3
3
3
3
3
3
3
3
3
3
3
3
3
3
3
3
3
3
3
3
3
3
3
3
3
3
3
3
3
)
;

boundaryField
{
    leftWall
    {
        type            calculated;
        value           nonuniform List<scalar> 
50
(
2
2
2
2
2
2
2
2
1.99775
1.04123
3.58426e-12
1.83395e-11
8.47354e-11
3.50617e-10
1.26947e-09
3.71776e-09
7.98844e-09
1.15537e-08
8.96855e-09
1.53794e-08
1.21787
3
3
3
3
3
3
3
3
3
3
3
3
3
3
3
3
3
3
3
3
3
3
3
3
3
3
3
3
3
)
;
    }
    rightWall
    {
        type            calculated;
        value           nonuniform List<scalar> 
50
(
3
3
3
3
3
3
3
3
3
3
3
3
3
3
3
3
3
3
3
3
3
3
3
3
3
3
3
3
3
3
3
3
3
3
3
3
3
3
3
3
3
3
3
3
3
3
3
3
3
3
)
;
    }
    lowerWall
    {
        type            calculated;
        value           nonuniform List<scalar> 
62
(
2
2
2
2
2
2
2
2
2
2
2
2
2
2
2
2
2
2
2
2
2
2
1.98158
1.98158
1.98159
1.99666
2
1.9853
1.89311
1.89565
1.89589
1.0365
1
1
1
3
3
3
3
3
3
3
2.99043
3
3
2.97178
2.17454
1.51974
1.31589
1.15909
1.19024
1.26508
1.32574
1.33021
1.28082
1.03238
1
1
1
1.72373
2.96246
3
)
;
    }
    atmosphere
    {
        type            calculated;
        value           nonuniform List<scalar> 
46
(
3
3
3
3
3
3
3
3
3
3
3
3
3
3
3
3
3
3
3
3
3
3
3
3
3
3
3
3
3
3
3
3
3
3
3
3
3
3
3
3
3
3
3
3
3
3
)
;
    }
    defaultFaces
    {
        type            empty;
    }
}


// ************************************************************************* //
