/*--------------------------------*- C++ -*----------------------------------*\
  =========                 |
  \\      /  F ield         | OpenFOAM: The Open Source CFD Toolbox
   \\    /   O peration     | Website:  https://openfoam.org
    \\  /    A nd           | Version:  13
     \\/     M anipulation  |
\*---------------------------------------------------------------------------*/
FoamFile
{
    format      ascii;
    class       surfaceScalarField;
    location    "0.2";
    object      phi;
}
// * * * * * * * * * * * * * * * * * * * * * * * * * * * * * * * * * * * * * //

dimensions      [0 3 -1 0 0 0 0];

internalField   nonuniform List<scalar> 
4432
(
-2.97507e-07
2.97511e-07
1.5181e-06
-1.81561e-06
4.36153e-06
-2.84344e-06
7.64397e-06
-3.28244e-06
1.11934e-05
-3.54942e-06
1.49677e-05
-3.7743e-06
1.89869e-05
-4.0192e-06
2.32963e-05
-4.3094e-06
2.79456e-05
-4.64934e-06
3.29752e-05
-5.0296e-06
3.8409e-05
-5.43376e-06
4.42483e-05
-5.83935e-06
5.04506e-05
-6.20233e-06
5.70002e-05
-6.54955e-06
6.40593e-05
-7.05916e-06
7.16169e-05
-7.55754e-06
7.88598e-05
-7.24291e-06
8.42541e-05
-5.39429e-06
8.61924e-05
-1.93831e-06
8.25088e-05
3.68362e-06
6.95515e-05
1.29573e-05
4.11462e-05
2.84053e-05
4.11462e-05
1.11839e-06
-8.2086e-07
3.47275e-06
-4.16997e-06
6.42967e-06
-5.80035e-06
9.76338e-06
-6.61615e-06
1.33639e-05
-7.14998e-06
1.71978e-05
-7.60814e-06
2.12663e-05
-8.08772e-06
2.5587e-05
-8.63006e-06
3.01793e-05
-9.24164e-06
3.50554e-05
-9.90575e-06
4.02173e-05
-1.05956e-05
4.56487e-05
-1.12708e-05
5.12856e-05
-1.18392e-05
5.7073e-05
-1.23369e-05
6.31472e-05
-1.31334e-05
6.96041e-05
-1.40144e-05
7.58626e-05
-1.35014e-05
8.05792e-05
-1.01109e-05
8.22579e-05
-3.61696e-06
7.90886e-05
6.85291e-06
6.73297e-05
2.47161e-05
4.10736e-05
5.46614e-05
8.22198e-05
2.22802e-06
-3.04889e-06
4.94312e-06
-6.88507e-06
8.0022e-06
-8.85945e-06
1.13546e-05
-9.96857e-06
1.4946e-05
-1.07413e-05
1.87533e-05
-1.14155e-05
2.27733e-05
-1.21077e-05
2.70114e-05
-1.28682e-05
3.14725e-05
-1.37027e-05
3.61543e-05
-1.45876e-05
4.10482e-05
-1.54895e-05
4.61283e-05
-1.63509e-05
5.13064e-05
-1.70174e-05
5.64798e-05
-1.75103e-05
6.17723e-05
-1.84258e-05
6.73837e-05
-1.96259e-05
7.29135e-05
-1.90312e-05
7.71585e-05
-1.43559e-05
7.8784e-05
-5.24245e-06
7.61656e-05
9.47126e-06
6.57641e-05
3.51177e-05
4.17708e-05
7.86548e-05
0.000123991
3.08772e-06
-6.13659e-06
6.15211e-06
-9.94945e-06
9.3429e-06
-1.20502e-05
1.27247e-05
-1.33503e-05
1.62979e-05
-1.43145e-05
2.00573e-05
-1.5175e-05
2.4002e-05
-1.60523e-05
2.81327e-05
-1.69989e-05
3.24459e-05
-1.80159e-05
3.69305e-05
-1.90722e-05
4.15735e-05
-2.01324e-05
4.63487e-05
-2.11261e-05
5.11457e-05
-2.18144e-05
5.57985e-05
-2.21631e-05
6.04118e-05
-2.30391e-05
6.52976e-05
-2.45118e-05
7.02175e-05
-2.39511e-05
7.40627e-05
-1.82011e-05
7.55228e-05
-6.70255e-06
7.29767e-05
1.20174e-05
6.27933e-05
4.53011e-05
4.07448e-05
0.000100703
0.000164735
3.73509e-06
-9.87169e-06
7.14675e-06
-1.33611e-05
1.0491e-05
-1.53945e-05
1.39166e-05
-1.67759e-05
1.74737e-05
-1.78717e-05
2.11778e-05
-1.88791e-05
2.50348e-05
-1.99093e-05
2.90455e-05
-2.10096e-05
3.32023e-05
-2.21727e-05
3.74882e-05
-2.33581e-05
4.18908e-05
-2.45351e-05
4.63937e-05
-2.5629e-05
5.0876e-05
-2.62966e-05
5.51021e-05
-2.63892e-05
5.91284e-05
-2.70654e-05
6.33343e-05
-2.87177e-05
6.76099e-05
-2.82267e-05
7.09594e-05
-2.15507e-05
7.19082e-05
-7.65132e-06
6.82015e-05
1.57241e-05
5.60312e-05
5.74714e-05
3.51994e-05
0.000121535
0.000199935
4.23912e-06
-1.41108e-05
7.96356e-06
-1.70856e-05
1.14574e-05
-1.88884e-05
1.49302e-05
-2.02487e-05
1.84716e-05
-2.14132e-05
2.21155e-05
-2.2523e-05
2.58764e-05
-2.36701e-05
2.97584e-05
-2.48916e-05
3.37529e-05
-2.61672e-05
3.78385e-05
-2.74437e-05
4.2005e-05
-2.87016e-05
4.62539e-05
-2.98779e-05
5.04781e-05
-3.05207e-05
5.44035e-05
-3.03147e-05
5.80106e-05
-3.06725e-05
6.15854e-05
-3.22925e-05
6.50316e-05
-3.1673e-05
6.75848e-05
-2.41038e-05
6.73512e-05
-7.41777e-06
5.95839e-05
2.34914e-05
4.43994e-05
7.26559e-05
2.47606e-05
0.000141174
0.000224695
4.66054e-06
-1.87713e-05
8.62781e-06
-2.10528e-05
1.22436e-05
-2.25042e-05
1.57547e-05
-2.37598e-05
1.92754e-05
-2.49338e-05
2.2852e-05
-2.60996e-05
2.65079e-05
-2.73261e-05
3.02532e-05
-2.86369e-05
3.40804e-05
-2.99943e-05
3.79642e-05
-3.13275e-05
4.18946e-05
-3.2632e-05
4.58894e-05
-3.38728e-05
4.98828e-05
-3.4514e-05
5.36406e-05
-3.40725e-05
5.71318e-05
-3.41637e-05
6.0247e-05
-3.54076e-05
6.27069e-05
-3.41329e-05
6.39846e-05
-2.53815e-05
6.11251e-05
-4.55825e-06
5.27807e-05
3.18358e-05
3.57552e-05
8.96815e-05
1.46224e-05
0.000162307
0.000239318
4.99918e-06
-2.37705e-05
9.12467e-06
-2.51783e-05
1.28295e-05
-2.6209e-05
1.63654e-05
-2.72957e-05
1.98567e-05
-2.84251e-05
2.33574e-05
-2.96003e-05
2.68997e-05
-3.08683e-05
3.05008e-05
-3.2238e-05
3.41577e-05
-3.36513e-05
3.78476e-05
-3.50174e-05
4.15541e-05
-3.63385e-05
4.52971e-05
-3.76157e-05
4.90686e-05
-3.82856e-05
5.2807e-05
-3.78109e-05
5.66176e-05
-3.79743e-05
5.96524e-05
-3.84425e-05
6.13311e-05
-3.58116e-05
6.16793e-05
-2.57297e-05
5.88367e-05
-1.71571e-06
5.26007e-05
3.80718e-05
4.25132e-05
9.97688e-05
2.80823e-05
0.000176738
0.0002674
-9.3673e-05
9.3673e-05
-0.000119437
2.57641e-05
-0.000114439
-4.99797e-06
-9.48846e-05
-1.95546e-05
-7.52794e-05
-1.96052e-05
-2.43372e-05
-5.09422e-05
2.88598e-05
-5.3197e-05
6.67817e-05
-3.79219e-05
9.64036e-05
-2.96219e-05
0.000123346
-2.69425e-05
0.000148479
-2.5133e-05
0.000170281
-2.18024e-05
0.000186816
-1.6535e-05
0.000197482
-1.06654e-05
0.000204343
-6.86103e-06
0.000210605
-6.2618e-06
0.000217791
-7.18636e-06
0.000152059
6.57325e-05
0.000152059
-6.24835e-05
0.000156156
-9.04858e-05
5.37663e-05
-9.18393e-05
-3.64442e-06
-8.73993e-05
-2.39946e-05
-4.22155e-05
-6.47891e-05
1.81704e-05
-0.000111328
5.25241e-05
-8.75508e-05
8.04958e-05
-6.58935e-05
0.000105468
-5.45938e-05
0.000128304
-4.97788e-05
0.000149407
-4.62355e-05
0.000168149
-4.05444e-05
0.000182738
-3.11246e-05
0.000191835
-1.97621e-05
0.000196914
-1.19399e-05
0.000198884
-8.23207e-06
0.000180791
1.0907e-05
0.000106993
0.00013953
0.000259053
-4.29331e-05
0.000199089
-6.76375e-05
7.84706e-05
-6.48088e-05
-6.47326e-06
-5.94942e-05
-2.93093e-05
1.44977e-05
-0.000138781
5.0967e-05
-0.000147797
7.23258e-05
-0.00010891
9.30773e-05
-8.6645e-05
0.000113351
-7.48675e-05
0.000132342
-6.87695e-05
0.000149901
-6.37943e-05
0.000165474
-5.61176e-05
0.000177788
-4.34389e-05
0.000185846
-2.78206e-05
0.000190933
-1.70266e-05
0.000188659
-5.9576e-06
0.000136029
6.3537e-05
6.87175e-05
0.000206842
0.00032777
-1.91415e-05
0.00021823
-1.50623e-05
7.43911e-05
1.97619e-05
-4.12975e-05
5.79618e-05
-6.75093e-05
7.29258e-05
-0.000153745
7.58159e-05
-0.000150688
8.81533e-05
-0.000121247
0.000103324
-0.000101815
0.000119349
-9.08925e-05
0.000134959
-8.43794e-05
0.000149557
-7.83927e-05
0.000162459
-6.90192e-05
0.000173096
-5.40762e-05
0.000181823
-3.65479e-05
0.000186761
-2.19641e-05
0.000152437
2.83666e-05
9.28582e-05
0.000123116
4.55673e-05
0.000254133
0.000373338
1.75766e-06
0.000216473
2.78346e-05
4.83142e-05
4.4193e-05
-5.7656e-05
9.85359e-05
-0.000121852
9.39643e-05
-0.000149173
9.17393e-05
-0.000148463
9.91863e-05
-0.000128694
0.00011059
-0.000113219
0.000123387
-0.000103689
0.000136279
-9.7271e-05
0.000148428
-9.0542e-05
0.000159022
-7.96137e-05
0.000168056
-6.31102e-05
0.000178239
-4.67306e-05
0.000159998
-3.72286e-06
0.000118029
7.03357e-05
6.98694e-05
0.000171275
3.12813e-05
0.000292721
0.000404619
3.11426e-05
0.00018533
8.2719e-05
-3.26204e-06
0.000108832
-8.37693e-05
0.000108417
-0.000121436
0.000103279
-0.000144035
0.000101481
-0.000146665
0.000106735
-0.000133948
0.000115619
-0.000122104
0.000125991
-0.000114061
0.000136675
-0.000107955
0.000146734
-0.000100601
0.000155335
-8.82151e-05
0.000162537
-7.03125e-05
0.000170746
-5.49392e-05
0.000144348
2.26756e-05
9.94081e-05
0.000115276
5.55603e-05
0.000215123
2.18836e-05
0.000326397
0.000426503
6.99484e-05
0.000115382
0.000107438
-4.07518e-05
0.000111806
-8.81376e-05
0.000111309
-0.000120939
0.000108884
-0.00014161
0.000108227
-0.000146008
0.000112242
-0.000137962
0.000119234
-0.000129096
0.000127652
-0.000122479
0.000136449
-0.000116752
0.000144672
-0.000108824
0.000151741
-9.52839e-05
0.000158007
-7.65783e-05
0.000154611
-5.15438e-05
0.000124846
5.24413e-05
8.36943e-05
0.000156427
4.46523e-05
0.000254166
1.51992e-05
0.000355851
0.000441702
9.63094e-05
1.90728e-05
0.000107684
-5.21264e-05
0.000112299
-9.2753e-05
0.000113988
-0.000122627
0.000113454
-0.000141076
0.000113428
-0.000145982
0.000116473
-0.000141007
0.000121903
-0.000134527
0.000128656
-0.000129231
0.000135773
-0.00012387
0.000142396
-0.000115447
0.00014852
-0.000101408
0.000155833
-8.38905e-05
0.000137726
-3.34369e-05
0.000105035
8.51325e-05
6.94545e-05
0.000192008
3.52166e-05
0.000288404
1.00395e-05
0.000381028
0.000451742
1.11797e-05
-3.49503e-05
2.03118e-05
-3.43104e-05
2.83483e-05
-3.42455e-05
3.59194e-05
-3.48668e-05
4.32513e-05
-3.5757e-05
5.04603e-05
-3.68093e-05
5.76408e-05
-3.80488e-05
6.48536e-05
-3.94508e-05
7.21143e-05
-4.09119e-05
7.93628e-05
-4.2266e-05
8.67784e-05
-4.37541e-05
9.45521e-05
-4.53893e-05
0.000102831
-4.65644e-05
0.00011155
-4.653e-05
0.000120859
-4.72832e-05
0.00012785
-4.54334e-05
0.000131268
-3.92294e-05
0.000129755
-2.42167e-05
0.000125105
2.93382e-06
0.00012346
3.97164e-05
0.000132931
9.02985e-05
0.000160109
0.000149559
0.000178269
0.00024924
1.18695e-05
-4.68198e-05
2.03083e-05
-4.27491e-05
2.80802e-05
-4.20175e-05
3.54581e-05
-4.22446e-05
4.25869e-05
-4.28859e-05
4.96303e-05
-4.38528e-05
5.67296e-05
-4.5148e-05
6.39913e-05
-4.67126e-05
7.15963e-05
-4.8517e-05
7.95177e-05
-5.01873e-05
8.78525e-05
-5.20889e-05
9.66965e-05
-5.42334e-05
0.000105882
-5.57496e-05
0.000115914
-5.65624e-05
0.000123999
-5.53682e-05
0.000129616
-5.10505e-05
0.000132429
-4.20424e-05
0.00013181
-2.35979e-05
0.000131033
3.71078e-06
0.000137358
3.3392e-05
0.000160111
6.75457e-05
0.000207656
0.000102013
0.000122775
0.000263151
9.65661e-06
-5.64765e-05
1.77749e-05
-5.08674e-05
2.58123e-05
-5.0055e-05
3.34736e-05
-4.99059e-05
4.08512e-05
-5.02635e-05
4.8165e-05
-5.11667e-05
5.5567e-05
-5.255e-05
6.32156e-05
-5.43612e-05
7.12885e-05
-5.65899e-05
8.02819e-05
-5.91808e-05
8.98892e-05
-6.16962e-05
9.93275e-05
-6.36717e-05
0.000108371
-6.47934e-05
0.000116312
-6.45029e-05
0.000122673
-6.17296e-05
0.000127005
-5.53824e-05
0.000129019
-4.40562e-05
0.000129565
-2.41443e-05
0.000132654
6.22004e-07
0.000142291
2.37552e-05
0.000163786
4.60509e-05
0.000200789
6.501e-05
7.19952e-05
0.000251569
4.75035e-06
-6.12269e-05
1.24126e-05
-5.85298e-05
2.02929e-05
-5.79353e-05
2.82848e-05
-5.78979e-05
3.64022e-05
-5.83809e-05
4.46605e-05
-5.9425e-05
5.30984e-05
-6.09879e-05
6.17547e-05
-6.30175e-05
7.06163e-05
-6.54515e-05
7.95689e-05
-6.81333e-05
8.85151e-05
-7.06425e-05
9.72668e-05
-7.24234e-05
0.000105411
-7.29379e-05
0.000112396
-7.14879e-05
0.00011782
-6.71531e-05
0.000121421
-5.89841e-05
0.000123049
-4.5684e-05
0.000124619
-2.57144e-05
0.000130541
-5.29933e-06
0.000142316
1.19795e-05
0.000162195
2.6172e-05
0.000191816
3.53895e-05
3.54428e-05
0.000228368
4.0772e-06
-6.53042e-05
1.10174e-05
-6.547e-05
1.85054e-05
-6.54234e-05
2.62513e-05
-6.56438e-05
3.4186e-05
-6.63156e-05
4.22859e-05
-6.75249e-05
5.05579e-05
-6.926e-05
5.89959e-05
-7.14555e-05
6.75388e-05
-7.39944e-05
7.60525e-05
-7.66471e-05
8.44035e-05
-7.89934e-05
9.2419e-05
-8.04389e-05
9.97631e-05
-8.0282e-05
0.00010599
-7.77151e-05
0.000110709
-7.18718e-05
0.000113745
-6.20199e-05
0.000115144
-4.70835e-05
0.000118406
-2.89763e-05
0.000126367
-1.326e-05
0.000139285
-9.38754e-07
0.000157817
7.64067e-06
0.000181943
1.12628e-05
8.13801e-06
0.000209248
4.86854e-06
-7.01728e-05
1.11993e-05
-7.18009e-05
1.80359e-05
-7.226e-05
2.51717e-05
-7.27797e-05
3.25173e-05
-7.36613e-05
4.00192e-05
-7.50268e-05
4.76522e-05
-7.68931e-05
5.53942e-05
-7.91975e-05
6.31943e-05
-8.17945e-05
7.09596e-05
-8.44124e-05
7.85629e-05
-8.65968e-05
8.58155e-05
-8.76915e-05
9.24001e-05
-8.68666e-05
9.7883e-05
-8.31979e-05
0.000101926
-7.59145e-05
0.000104333
-6.44276e-05
0.000106182
-4.89324e-05
0.000111389
-3.41834e-05
0.000120593
-2.24636e-05
0.00013376
-1.41058e-05
0.000150789
-9.38826e-06
0.000171002
-8.94981e-06
-1.355e-05
0.00019269
5.28849e-06
-7.54613e-05
1.12808e-05
-7.77932e-05
1.75683e-05
-7.85476e-05
2.40617e-05
-7.9273e-05
3.07046e-05
-8.03042e-05
3.74519e-05
-8.17741e-05
4.42721e-05
-8.37132e-05
5.11415e-05
-8.60669e-05
5.80286e-05
-8.86815e-05
6.48796e-05
-9.12635e-05
7.16039e-05
-9.3321e-05
7.80319e-05
-9.41195e-05
8.38432e-05
-9.26779e-05
8.85754e-05
-8.79302e-05
9.18917e-05
-7.92308e-05
9.37766e-05
-6.63125e-05
9.70725e-05
-5.22282e-05
0.000103727
-4.08381e-05
0.00011363
-3.23667e-05
0.000126522
-2.69972e-05
0.000142009
-2.48758e-05
0.000159351
-2.62919e-05
-3.15166e-05
0.000177318
5.3269e-06
-8.07883e-05
1.10515e-05
-8.35179e-05
1.68732e-05
-8.43693e-05
2.27678e-05
-8.51676e-05
2.87079e-05
-8.62444e-05
3.4664e-05
-8.77302e-05
4.06107e-05
-8.966e-05
4.6531e-05
-9.19872e-05
5.24126e-05
-9.45631e-05
5.82399e-05
-9.70908e-05
6.39749e-05
-9.9056e-05
6.9498e-05
-9.96427e-05
7.44905e-05
-9.76703e-05
7.84696e-05
-9.19093e-05
8.09799e-05
-8.1741e-05
8.32157e-05
-6.85482e-05
8.81101e-05
-5.71227e-05
9.57342e-05
-4.84622e-05
0.000105901
-4.25335e-05
0.000118235
-3.93314e-05
0.000132252
-3.8893e-05
0.000147287
-4.13266e-05
-4.67023e-05
0.000162473
5.22677e-06
-8.60151e-05
1.06933e-05
-8.89844e-05
1.60897e-05
-8.97658e-05
2.14328e-05
-9.05107e-05
2.67105e-05
-9.15221e-05
3.19006e-05
-9.29202e-05
3.698e-05
-9.47394e-05
4.19334e-05
-9.69406e-05
4.67589e-05
-9.93886e-05
5.14729e-05
-0.000101805
5.61021e-05
-0.000103685
6.06242e-05
-0.000104165
6.47802e-05
-0.000101826
6.79934e-05
-9.51224e-05
7.00289e-05
-8.37766e-05
7.3598e-05
-7.21173e-05
7.96388e-05
-6.31634e-05
8.7881e-05
-5.67044e-05
9.80184e-05
-5.26709e-05
0.000109648
-5.09611e-05
0.000122303
-5.15474e-05
0.000135424
-5.44481e-05
-5.96446e-05
0.000148366
5.15073e-06
-9.11658e-05
1.0385e-05
-9.42186e-05
1.54075e-05
-9.47882e-05
2.0264e-05
-9.53671e-05
2.49536e-05
-9.62117e-05
2.94545e-05
-9.74211e-05
3.37341e-05
-9.90189e-05
3.77643e-05
-0.000100971
4.15352e-05
-0.000103159
4.50751e-05
-0.000105345
4.84731e-05
-0.000107083
5.18521e-05
-0.000107544
5.5141e-05
-0.000105115
5.76227e-05
-9.76041e-05
6.02463e-05
-8.64001e-05
6.51653e-05
-7.70363e-05
7.20462e-05
-7.00443e-05
8.06425e-05
-6.53007e-05
9.05935e-05
-6.26219e-05
0.000101502
-6.18697e-05
0.000112963
-6.30082e-05
0.000124539
-6.60242e-05
-7.07898e-05
0.000135684
5.23159e-06
-9.63973e-05
1.02568e-05
-9.92438e-05
1.49583e-05
-9.94896e-05
1.94109e-05
-9.98197e-05
2.36224e-05
-0.000100423
2.75659e-05
-0.000101365
3.11902e-05
-0.000102643
3.44406e-05
-0.000104221
3.72751e-05
-0.000105994
3.96894e-05
-0.000107759
4.17895e-05
-0.000109183
4.3906e-05
-0.00010966
4.62045e-05
-0.000107414
4.83907e-05
-9.97903e-05
5.22476e-05
-9.02571e-05
5.81089e-05
-8.28976e-05
6.55751e-05
-7.75104e-05
7.43216e-05
-7.40472e-05
8.39918e-05
-7.2292e-05
9.4197e-05
-7.20749e-05
0.000104632
-7.34435e-05
0.000115056
-7.64474e-05
-8.09071e-05
0.000125173
5.64629e-06
-0.000102044
1.02813e-05
-0.000103879
1.46851e-05
-0.000103893
1.88341e-05
-0.000103969
2.27206e-05
-0.00010431
2.63144e-05
-0.000104958
2.95354e-05
-0.000105864
3.23046e-05
-0.00010699
3.45377e-05
-0.000108227
3.61333e-05
-0.000109354
3.70525e-05
-0.000110103
3.78996e-05
-0.000110507
3.90806e-05
-0.000108595
4.13878e-05
-0.000102097
4.61252e-05
-9.49945e-05
5.25708e-05
-8.93432e-05
6.02436e-05
-8.51831e-05
6.8865e-05
-8.26686e-05
7.81099e-05
-8.15369e-05
8.76352e-05
-8.16002e-05
9.71891e-05
-8.29974e-05
0.000106634
-8.58922e-05
-9.01604e-05
0.000115887
6.84356e-06
-0.000108885
1.02562e-05
-0.000107291
1.44349e-05
-0.000108072
1.83751e-05
-0.000107909
2.20527e-05
-0.000107987
2.54786e-05
-0.000108384
2.86098e-05
-0.000108995
3.1357e-05
-0.000109738
3.35534e-05
-0.000110423
3.49113e-05
-0.000110712
3.48278e-05
-0.000110019
3.42809e-05
-0.00010996
3.45923e-05
-0.000108906
3.71771e-05
-0.000104682
4.20802e-05
-9.98977e-05
4.85032e-05
-9.57663e-05
5.59117e-05
-9.25917e-05
6.39925e-05
-9.07495e-05
7.25243e-05
-9.00687e-05
8.17389e-05
-9.08148e-05
9.15497e-05
-9.28081e-05
0.000101471
-9.58139e-05
-0.000103076
0.000114387
1.97348e-05
-0.000128618
1.08476e-05
-9.84038e-05
1.45522e-05
-0.000111777
1.85154e-05
-0.000111872
2.22332e-05
-0.000111705
2.57561e-05
-0.000111907
2.92419e-05
-0.000112481
3.21092e-05
-0.000112605
3.40367e-05
-0.000112351
3.47685e-05
-0.000111444
3.42435e-05
-0.000109493
3.2091e-05
-0.000107808
3.12538e-05
-0.000108069
3.30415e-05
-0.00010647
3.87645e-05
-0.000105621
4.54121e-05
-0.000102414
5.28238e-05
-0.000100004
6.06722e-05
-9.85983e-05
6.97657e-05
-9.91625e-05
8.14529e-05
-0.000102502
9.41888e-05
-0.000105544
0.000103735
-0.00010536
-0.000101745
0.000102405
1.60407e-05
-0.000144658
1.41933e-05
-9.65565e-05
1.422e-05
-0.000111804
1.67488e-05
-0.000114402
1.89925e-05
-0.000113949
2.06217e-05
-0.000113536
2.15355e-05
-0.000113395
2.2218e-05
-0.000113287
2.26984e-05
-0.000112831
2.29601e-05
-0.000111705
2.36035e-05
-0.000110137
2.52284e-05
-0.000109432
2.73267e-05
-0.000110167
3.18693e-05
-0.000111013
3.58221e-05
-0.000109574
4.24645e-05
-0.000109057
5.03975e-05
-0.000107937
5.74862e-05
-0.000105687
6.11163e-05
-0.000102793
6.56193e-05
-0.000107005
6.94593e-05
-0.000109384
7.23547e-05
-0.000108256
-0.000103734
7.43431e-05
-2.00569e-06
-0.000142653
6.05524e-06
-0.000104618
8.16477e-06
-0.000113913
9.67311e-06
-0.00011591
1.10129e-05
-0.000115289
1.19161e-05
-0.00011444
1.22671e-05
-0.000113746
1.23131e-05
-0.000113333
1.22683e-05
-0.000112786
1.25192e-05
-0.000111956
1.34581e-05
-0.000111076
1.49034e-05
-0.000110878
1.62632e-05
-0.000111527
1.81103e-05
-0.00011286
2.1972e-05
-0.000113435
2.68129e-05
-0.000113897
3.22114e-05
-0.000113335
3.79187e-05
-0.000111394
4.38152e-05
-0.000108689
4.51904e-05
-0.00010838
4.38578e-05
-0.000108051
4.09713e-05
-0.000105369
-9.88924e-05
3.61298e-05
-6.42646e-06
-0.000136227
2.13925e-06
-0.000113184
4.00525e-06
-0.00011578
4.05832e-06
-0.000115963
3.9532e-06
-0.000115184
3.78648e-06
-0.000114273
3.62037e-06
-0.00011358
3.33997e-06
-0.000113053
3.12645e-06
-0.000112573
3.29084e-06
-0.000112121
4.08347e-06
-0.000111868
5.39386e-06
-0.000112188
7.02208e-06
-0.000113155
8.60468e-06
-0.000114442
1.07682e-05
-0.000115599
1.29868e-05
-0.000116116
1.51769e-05
-0.000115525
1.7538e-05
-0.000113755
1.9778e-05
-0.000110929
1.95454e-05
-0.000108147
1.63543e-05
-0.00010486
1.03879e-05
-9.9403e-05
-9.05193e-05
2.01452e-06
-5.3842e-06
-0.000130843
-8.65068e-07
-0.000117703
-3.25389e-08
-0.000116612
-7.50248e-07
-0.000115245
-1.69846e-06
-0.000114236
-2.60091e-06
-0.000113371
-3.44417e-06
-0.000112737
-4.18297e-06
-0.000112314
-4.69837e-06
-0.000112058
-4.83592e-06
-0.000111983
-4.50211e-06
-0.000112202
-3.81774e-06
-0.000112872
-3.01142e-06
-0.000113961
-2.25206e-06
-0.000115202
-1.68963e-06
-0.000116161
-1.45462e-06
-0.00011635
-1.52249e-06
-0.000115457
-1.90551e-06
-0.000113372
-2.80212e-06
-0.000110032
-5.30646e-06
-0.000105643
-1.02533e-05
-9.99133e-05
-1.77499e-05
-9.19065e-05
-8.08408e-05
-2.74286e-05
-4.45699e-06
-0.000126387
-3.3014e-06
-0.000118859
-3.88655e-06
-0.000116027
-5.05332e-06
-0.000114079
-6.47451e-06
-0.000112815
-7.88932e-06
-0.000111956
-9.21001e-06
-0.000111416
-1.03826e-05
-0.000111142
-1.13386e-05
-0.000111102
-1.20147e-05
-0.000111307
-1.24122e-05
-0.000111805
-1.26587e-05
-0.000112626
-1.2953e-05
-0.000113667
-1.349e-05
-0.000114664
-1.44108e-05
-0.00011524
-1.57691e-05
-0.000114992
-1.75981e-05
-0.000113628
-2.0006e-05
-0.000110964
-2.31998e-05
-0.000106839
-2.76935e-05
-0.000101149
-3.39935e-05
-9.36133e-05
-4.21942e-05
-8.37058e-05
-7.10282e-05
-5.2007e-05
-4.17453e-06
-0.000122212
-5.3639e-06
-0.00011767
-6.88488e-06
-0.000114507
-8.57781e-06
-0.000112386
-1.03603e-05
-0.000111032
-1.21343e-05
-0.000110182
-1.38444e-05
-0.000109706
-1.54533e-05
-0.000109533
-1.69294e-05
-0.000109626
-1.82638e-05
-0.000109973
-1.95019e-05
-0.000110567
-2.07648e-05
-0.000111363
-2.22145e-05
-0.000112217
-2.40043e-05
-0.000112875
-2.62422e-05
-0.000113002
-2.89825e-05
-0.000112252
-3.22798e-05
-0.000110331
-3.6238e-05
-0.000107006
-4.10131e-05
-0.000102064
-4.68517e-05
-9.53107e-05
-5.39565e-05
-8.65085e-05
-6.22865e-05
-7.53759e-05
-6.1768e-05
-7.15469e-05
-4.27929e-06
-0.000117933
-6.79245e-06
-0.000115157
-9.0375e-06
-0.000112262
-1.11957e-05
-0.000110228
-1.33302e-05
-0.000108898
-1.544e-05
-0.000108072
-1.75175e-05
-0.000107629
-1.95572e-05
-0.000107493
-2.15623e-05
-0.000107621
-2.35575e-05
-0.000107978
-2.56057e-05
-0.000108519
-2.78133e-05
-0.000109155
-3.0306e-05
-0.000109725
-3.31982e-05
-0.000109983
-3.6571e-05
-0.00010963
-4.04718e-05
-0.000108351
-4.49429e-05
-0.00010586
-5.00447e-05
-0.000101904
-5.58496e-05
-9.62586e-05
-6.24333e-05
-8.8727e-05
-6.98034e-05
-7.91383e-05
-7.78094e-05
-6.73699e-05
-5.34376e-05
-8.61399e-05
-4.44527e-06
-0.000113488
-7.67405e-06
-0.000111928
-1.04451e-05
-0.00010949
-1.30003e-05
-0.000107673
-1.54645e-05
-0.000106434
-1.78935e-05
-0.000105643
-2.03184e-05
-0.000105204
-2.27646e-05
-0.000105047
-2.52622e-05
-0.000105123
-2.78565e-05
-0.000105383
-3.06158e-05
-0.000105759
-3.36299e-05
-0.000106141
-3.69947e-05
-0.00010636
-4.07919e-05
-0.000106185
-4.50763e-05
-0.000105345
-4.98749e-05
-0.000103552
-5.52e-05
-0.000100535
-6.10574e-05
-9.6047e-05
-6.74376e-05
-8.98785e-05
-7.42998e-05
-8.18648e-05
-8.15365e-05
-7.19015e-05
-8.8937e-05
-5.99695e-05
-4.61812e-05
-9.61935e-05
-4.52956e-06
-0.000108958
-8.14036e-06
-0.000108317
-1.12673e-05
-0.000106364
-1.4136e-05
-0.000104804
-1.68853e-05
-0.000103684
-1.95981e-05
-0.000102931
-2.23317e-05
-0.00010247
-2.51338e-05
-0.000102245
-2.80534e-05
-0.000102204
-3.11472e-05
-0.000102289
-3.44828e-05
-0.000102424
-3.8135e-05
-0.000102489
-4.21746e-05
-0.00010232
-4.66558e-05
-0.000101704
-5.16065e-05
-0.000100394
-5.70272e-05
-9.81318e-05
-6.28949e-05
-9.4667e-05
-6.91644e-05
-8.97775e-05
-7.57618e-05
-8.32811e-05
-8.25735e-05
-7.50531e-05
-8.94312e-05
-6.50438e-05
-9.61032e-05
-5.32975e-05
-3.99754e-05
-0.000102309
-4.50785e-06
-0.00010445
-8.30045e-06
-0.000104524
-1.16493e-05
-0.000103015
-1.47444e-05
-0.000101709
-1.77177e-05
-0.000100711
-2.06611e-05
-9.99872e-05
-2.36454e-05
-9.94861e-05
-2.67322e-05
-9.91583e-05
-2.99813e-05
-9.89546e-05
-3.34544e-05
-9.88163e-05
-3.72155e-05
-9.86626e-05
-4.13258e-05
-9.83787e-05
-4.5836e-05
-9.781e-05
-5.07763e-05
-9.67638e-05
-5.61503e-05
-9.50204e-05
-6.19317e-05
-9.23503e-05
-6.80657e-05
-8.85331e-05
-7.44678e-05
-8.33754e-05
-8.10209e-05
-7.6728e-05
-8.75713e-05
-6.85027e-05
-9.39265e-05
-5.86886e-05
-9.98596e-05
-4.73645e-05
-3.47101e-05
-0.000105125
-4.40263e-06
-0.000100047
-8.24639e-06
-0.000100681
-1.171e-05
-9.9551e-05
-1.49477e-05
-9.84711e-05
-1.8076e-05
-9.75827e-05
-2.11852e-05
-9.6878e-05
-2.43503e-05
-9.63209e-05
-2.76387e-05
-9.58699e-05
-3.11145e-05
-9.54787e-05
-3.48401e-05
-9.50906e-05
-3.88741e-05
-9.46285e-05
-4.32663e-05
-9.39866e-05
-4.80506e-05
-9.30257e-05
-5.32382e-05
-9.15761e-05
-5.88122e-05
-8.94464e-05
-6.47246e-05
-8.64379e-05
-7.08963e-05
-8.23614e-05
-7.72171e-05
-7.70546e-05
-8.35461e-05
-7.03991e-05
-8.97129e-05
-6.23358e-05
-9.5523e-05
-5.28786e-05
-0.000100767
-4.21208e-05
-3.02398e-05
-0.000105237
-4.23775e-06
-9.58094e-05
-8.04451e-06
-9.68737e-05
-1.15391e-05
-9.60564e-05
-1.48439e-05
-9.51662e-05
-1.80581e-05
-9.43685e-05
-2.12645e-05
-9.36716e-05
-2.45359e-05
-9.30494e-05
-2.79398e-05
-9.2466e-05
-3.15397e-05
-9.18788e-05
-3.53954e-05
-9.12349e-05
-3.95593e-05
-9.04646e-05
-4.40713e-05
-8.94745e-05
-4.89527e-05
-8.81442e-05
-5.42003e-05
-8.63285e-05
-5.97821e-05
-8.38647e-05
-6.5635e-05
-8.05849e-05
-7.16651e-05
-7.63313e-05
-7.77489e-05
-7.09708e-05
-8.37364e-05
-6.44117e-05
-8.94559e-05
-5.66163e-05
-9.47229e-05
-4.76116e-05
-9.93506e-05
-3.74932e-05
-2.64257e-05
-0.000103165
-4.0351e-06
-9.17742e-05
-7.74307e-06
-9.31656e-05
-1.12022e-05
-9.25971e-05
-1.45086e-05
-9.18598e-05
-1.7744e-05
-9.1133e-05
-2.09812e-05
-9.04343e-05
-2.4287e-05
-8.97436e-05
-2.77245e-05
-8.90285e-05
-3.13536e-05
-8.82496e-05
-3.52293e-05
-8.73592e-05
-3.93974e-05
-8.62964e-05
-4.38897e-05
-8.49821e-05
-4.87181e-05
-8.33158e-05
-5.38696e-05
-8.11769e-05
-5.93029e-05
-7.84314e-05
-6.49467e-05
-7.49411e-05
-7.0701e-05
-7.0577e-05
-7.64387e-05
-6.52331e-05
-8.20115e-05
-5.8839e-05
-8.72557e-05
-5.1372e-05
-9.20024e-05
-4.2865e-05
-9.60878e-05
-3.34077e-05
-2.31463e-05
-9.93673e-05
-3.80635e-06
-8.79676e-05
-7.37208e-06
-8.95997e-05
-1.07446e-05
-8.92245e-05
-1.39977e-05
-8.86067e-05
-1.71974e-05
-8.79332e-05
-2.04053e-05
-8.72263e-05
-2.36803e-05
-8.64687e-05
-2.70789e-05
-8.56298e-05
-3.06553e-05
-8.46732e-05
-3.4458e-05
-8.35563e-05
-3.85267e-05
-8.22277e-05
-4.28862e-05
-8.06226e-05
-4.75419e-05
-7.866e-05
-5.24753e-05
-7.62436e-05
-5.76407e-05
-7.32659e-05
-6.29649e-05
-6.96168e-05
-6.83481e-05
-6.51938e-05
-7.36678e-05
-5.99135e-05
-7.87834e-05
-5.37233e-05
-8.35447e-05
-4.66108e-05
-8.78005e-05
-3.86093e-05
-9.14091e-05
-2.97993e-05
-2.03073e-05
-9.42481e-05
-3.55985e-06
-8.44077e-05
-6.95173e-06
-8.62078e-05
-1.01975e-05
-8.59786e-05
-1.33522e-05
-8.54519e-05
-1.64677e-05
-8.48176e-05
-1.95946e-05
-8.40994e-05
-2.2783e-05
-8.32803e-05
-2.60821e-05
-8.23306e-05
-2.95389e-05
-8.12163e-05
-3.31954e-05
-7.98998e-05
-3.70846e-05
-7.83385e-05
-4.1226e-05
-7.64811e-05
-4.56206e-05
-7.42653e-05
-5.02473e-05
-7.16168e-05
-5.50606e-05
-6.84527e-05
-5.99895e-05
-6.46879e-05
-6.494e-05
-6.02432e-05
-6.97982e-05
-5.50553e-05
-7.44361e-05
-4.90855e-05
-7.8719e-05
-4.23279e-05
-8.2514e-05
-3.48143e-05
-8.56988e-05
-2.66144e-05
-1.7835e-05
-8.81713e-05
-3.29797e-06
-8.11095e-05
-6.49336e-06
-8.30122e-05
-9.58175e-06
-8.28902e-05
-1.2602e-05
-8.24317e-05
-1.55932e-05
-8.18264e-05
-1.8596e-05
-8.10965e-05
-2.1652e-05
-8.02241e-05
-2.48032e-05
-7.91795e-05
-2.80892e-05
-7.79302e-05
-3.15451e-05
-7.64438e-05
-3.5198e-05
-7.46856e-05
-3.90624e-05
-7.26167e-05
-4.31366e-05
-7.0191e-05
-4.73995e-05
-6.73539e-05
-5.18078e-05
-6.40444e-05
-5.62965e-05
-6.01991e-05
-6.07803e-05
-5.57595e-05
-6.51569e-05
-5.06787e-05
-6.93127e-05
-4.49297e-05
-7.31296e-05
-3.85111e-05
-7.64924e-05
-3.14515e-05
-7.92968e-05
-2.38102e-05
-1.5676e-05
-8.14557e-05
-3.0225e-06
-7.8087e-05
-6.00524e-06
-8.00294e-05
-8.91249e-06
-7.99828e-05
-1.1769e-05
-7.95751e-05
-1.46031e-05
-7.89922e-05
-1.74468e-05
-7.82529e-05
-2.03342e-05
-7.73366e-05
-2.33005e-05
-7.62132e-05
-2.63785e-05
-7.48522e-05
-2.95969e-05
-7.32253e-05
-3.29769e-05
-7.13056e-05
-3.65287e-05
-6.90648e-05
-4.0249e-05
-6.64707e-05
-4.41174e-05
-6.34855e-05
-4.80952e-05
-6.00666e-05
-5.21246e-05
-5.61697e-05
-5.61306e-05
-5.17535e-05
-6.00241e-05
-4.67852e-05
-6.37066e-05
-4.12473e-05
-6.70761e-05
-3.51415e-05
-7.00345e-05
-2.84933e-05
-7.24928e-05
-2.13517e-05
-1.37902e-05
-7.43787e-05
-2.73256e-06
-7.53542e-05
-5.49289e-06
-7.7269e-05
-8.20125e-06
-7.72744e-05
-1.08706e-05
-7.69057e-05
-1.35206e-05
-7.63422e-05
-1.61766e-05
-7.55968e-05
-1.88672e-05
-7.4646e-05
-2.16214e-05
-7.34589e-05
-2.44662e-05
-7.20073e-05
-2.74243e-05
-7.02672e-05
-3.05114e-05
-6.82184e-05
-3.37342e-05
-6.5842e-05
-3.70876e-05
-6.31172e-05
-4.0553e-05
-6.00201e-05
-4.40963e-05
-5.65233e-05
-4.7668e-05
-5.2598e-05
-5.1204e-05
-4.82175e-05
-5.46281e-05
-4.33611e-05
-5.78566e-05
-3.80188e-05
-6.08031e-05
-3.21951e-05
-6.33843e-05
-2.5912e-05
-6.55264e-05
-1.92099e-05
-1.21482e-05
-6.71684e-05
-2.43012e-06
-7.29241e-05
-4.96404e-06
-7.47351e-05
-7.45937e-06
-7.47791e-05
-9.92121e-06
-7.44438e-05
-1.2364e-05
-7.38994e-05
-1.4809e-05
-7.31518e-05
-1.72808e-05
-7.21742e-05
-1.98037e-05
-7.0936e-05
-2.23995e-05
-6.94115e-05
-2.50853e-05
-6.75813e-05
-2.78722e-05
-6.54316e-05
-3.07632e-05
-6.2951e-05
-3.37521e-05
-6.01283e-05
-3.6822e-05
-5.69502e-05
-3.99436e-05
-5.34017e-05
-4.30752e-05
-4.94665e-05
-4.61631e-05
-4.51297e-05
-4.91436e-05
-4.03807e-05
-5.19464e-05
-3.52161e-05
-5.44991e-05
-2.96425e-05
-5.67323e-05
-2.36789e-05
-5.85844e-05
-1.73577e-05
-1.0726e-05
-6.00069e-05
-2.12057e-06
-7.08034e-05
-4.42991e-06
-7.24257e-05
-6.69995e-06
-7.2509e-05
-8.93512e-06
-7.22087e-05
-1.11496e-05
-7.1685e-05
-1.33636e-05
-7.09378e-05
-1.55994e-05
-6.99384e-05
-1.78775e-05
-6.86579e-05
-2.02152e-05
-6.70738e-05
-2.26245e-05
-6.5172e-05
-2.51119e-05
-6.29442e-05
-2.76776e-05
-6.03853e-05
-3.03144e-05
-5.74915e-05
-3.30069e-05
-5.42578e-05
-3.57302e-05
-5.06784e-05
-3.84499e-05
-4.67468e-05
-4.11219e-05
-4.24578e-05
-4.36936e-05
-3.78091e-05
-4.61065e-05
-3.28032e-05
-4.83001e-05
-2.7449e-05
-5.02162e-05
-2.17628e-05
-5.18048e-05
-1.57694e-05
-9.50367e-06
-5.30271e-05
-1.81921e-06
-6.89844e-05
-3.90968e-06
-7.03353e-05
-5.94009e-06
-7.04787e-05
-7.92737e-06
-7.02214e-05
-9.89227e-06
-6.97201e-05
-1.18573e-05
-6.89728e-05
-1.38433e-05
-6.79524e-05
-1.58677e-05
-6.66335e-05
-1.79427e-05
-6.49988e-05
-2.00758e-05
-6.3039e-05
-2.22694e-05
-6.07506e-05
-2.45209e-05
-5.81338e-05
-2.68226e-05
-5.51899e-05
-2.91606e-05
-5.19198e-05
-3.15145e-05
-4.83246e-05
-3.38563e-05
-4.44051e-05
-3.61504e-05
-4.01638e-05
-3.83541e-05
-3.56056e-05
-4.04187e-05
-3.07387e-05
-4.2293e-05
-2.55747e-05
-4.39273e-05
-2.01287e-05
-4.52792e-05
-1.44174e-05
-8.46207e-06
-4.6321e-05
-1.55157e-06
-6.74327e-05
-3.43133e-06
-6.84556e-05
-5.20069e-06
-6.87094e-05
-6.91388e-06
-6.85083e-05
-8.60673e-06
-6.80273e-05
-1.0306e-05
-6.72736e-05
-1.20314e-05
-6.62271e-05
-1.37958e-05
-6.48692e-05
-1.56065e-05
-6.31883e-05
-1.74658e-05
-6.11797e-05
-1.93725e-05
-5.8844e-05
-2.13219e-05
-5.61845e-05
-2.3306e-05
-5.32058e-05
-2.5313e-05
-4.99129e-05
-2.73266e-05
-4.63111e-05
-2.9325e-05
-4.24067e-05
-3.12808e-05
-3.82082e-05
-3.31598e-05
-3.37267e-05
-3.49217e-05
-2.89768e-05
-3.65219e-05
-2.39747e-05
-3.79148e-05
-1.87359e-05
-3.90617e-05
-1.32709e-05
-7.58183e-06
-3.99421e-05
-1.36925e-06
-6.60637e-05
-3.03262e-06
-6.67923e-05
-4.50375e-06
-6.72383e-05
-5.90921e-06
-6.71029e-05
-7.30648e-06
-6.66301e-05
-8.72549e-06
-6.58547e-05
-1.01819e-05
-6.47707e-05
-1.16825e-05
-6.33687e-05
-1.32281e-05
-6.16428e-05
-1.4816e-05
-5.95918e-05
-1.64417e-05
-5.72184e-05
-1.8099e-05
-5.45273e-05
-1.97802e-05
-5.15247e-05
-2.1476e-05
-4.82173e-05
-2.31744e-05
-4.46129e-05
-2.48601e-05
-4.07211e-05
-2.65136e-05
-3.65548e-05
-2.81096e-05
-3.21309e-05
-2.96158e-05
-2.74707e-05
-3.09921e-05
-2.25985e-05
-3.21925e-05
-1.75357e-05
-3.31733e-05
-1.229e-05
-6.83863e-06
-3.39168e-05
-1.38127e-06
-6.46823e-05
-2.75094e-06
-6.54227e-05
-3.86279e-06
-6.61266e-05
-4.92138e-06
-6.60444e-05
-6.00208e-06
-6.55495e-05
-7.13085e-06
-6.4726e-05
-8.31384e-06
-6.35878e-05
-9.54832e-06
-6.21343e-05
-1.08279e-05
-6.03633e-05
-1.2145e-05
-5.82748e-05
-1.34924e-05
-5.58711e-05
-1.48633e-05
-5.31565e-05
-1.6251e-05
-5.0137e-05
-1.7649e-05
-4.68194e-05
-1.90499e-05
-4.3212e-05
-2.04453e-05
-3.93259e-05
-2.18242e-05
-3.5176e-05
-2.31717e-05
-3.07835e-05
-2.44655e-05
-2.61771e-05
-2.56713e-05
-2.13928e-05
-2.67389e-05
-1.64682e-05
-2.76083e-05
-1.14209e-05
-6.19854e-06
-2.82484e-05
-1.75027e-06
-6.29322e-05
-2.60575e-06
-6.45672e-05
-3.27254e-06
-6.54598e-05
-3.94725e-06
-6.53698e-05
-4.69987e-06
-6.47969e-05
-5.53694e-06
-6.38889e-05
-6.44665e-06
-6.26782e-05
-7.41394e-06
-6.1167e-05
-8.42508e-06
-5.93522e-05
-9.46879e-06
-5.72311e-05
-1.05363e-05
-5.48036e-05
-1.16211e-05
-5.20718e-05
-1.2718e-05
-4.90401e-05
-1.38235e-05
-4.5714e-05
-1.49346e-05
-4.21009e-05
-1.60496e-05
-3.82109e-05
-1.71673e-05
-3.40584e-05
-1.82855e-05
-2.96653e-05
-1.93974e-05
-2.50652e-05
-2.04824e-05
-2.03079e-05
-2.14895e-05
-1.54613e-05
-2.23263e-05
-1.05838e-05
-5.60689e-06
-2.29181e-05
-2.55303e-06
-6.03792e-05
-2.58492e-06
-6.45354e-05
-2.70878e-06
-6.5336e-05
-2.9747e-06
-6.51039e-05
-3.40488e-06
-6.43668e-05
-3.95959e-06
-6.33343e-05
-4.60034e-06
-6.20375e-05
-5.29921e-06
-6.04682e-05
-6.03706e-06
-5.86144e-05
-6.80095e-06
-5.64673e-05
-7.58229e-06
-5.40223e-05
-8.37557e-06
-5.12786e-05
-9.17756e-06
-4.82382e-05
-9.98698e-06
-4.49046e-05
-1.08047e-05
-4.12833e-05
-1.16343e-05
-3.73813e-05
-1.24837e-05
-3.32091e-05
-1.33656e-05
-2.87835e-05
-1.42963e-05
-2.41345e-05
-1.52863e-05
-1.93179e-05
-1.63091e-05
-1.44385e-05
-1.7234e-05
-9.65926e-06
-4.98038e-06
-1.78605e-05
-3.8106e-06
-5.65688e-05
-2.66541e-06
-6.56808e-05
-2.10246e-06
-6.58991e-05
-1.97754e-06
-6.5229e-05
-2.1215e-06
-6.4223e-05
-2.41432e-06
-6.30416e-05
-2.79251e-06
-6.16594e-05
-3.22027e-06
-6.00406e-05
-3.67722e-06
-5.81576e-05
-4.1516e-06
-5.5993e-05
-4.63659e-06
-5.35374e-05
-5.12839e-06
-5.0787e-05
-5.62526e-06
-4.77414e-05
-6.12737e-06
-4.44026e-05
-6.6372e-06
-4.07736e-05
-7.16091e-06
-3.68578e-05
-7.71126e-06
-3.26589e-05
-8.31212e-06
-2.81828e-05
-9.00429e-06
-2.34425e-05
-9.84833e-06
-1.8474e-05
-1.09087e-05
-1.33784e-05
-1.21204e-05
-8.44763e-06
-4.21304e-06
-1.28878e-05
-7.65432e-06
-2.37525e-06
-1.23038e-06
-8.84561e-07
-8.31351e-07
-9.02288e-07
-1.03011e-06
-1.18489e-06
-1.35281e-06
-1.52704e-06
-1.704e-06
-1.88182e-06
-2.05973e-06
-2.23788e-06
-2.41773e-06
-2.60305e-06
-2.80257e-06
-3.03567e-06
-3.34448e-06
-3.81574e-06
-4.61773e-06
-6.06489e-06
-8.34405e-06
0.000195572
5.36675e-05
0.000168014
2.75581e-05
0.000152616
1.53974e-05
5.10704e-06
0.000147509
0.00027443
4.23888e-05
0.000276358
2.56299e-05
0.000278664
1.30908e-05
1.40976e-06
0.000282362
0.000268611
2.53464e-05
0.000277676
1.6565e-05
0.000283062
7.70529e-06
-9.80403e-07
0.000285452
0.000242308
1.14069e-05
0.000253176
5.6972e-06
0.000261663
-7.81765e-07
-7.5828e-06
0.000268265
0.000220959
-3.04295e-07
0.000231109
-4.45263e-06
0.000239563
-9.23524e-06
-1.44861e-05
0.000246466
0.000202356
-9.97047e-06
0.000211169
-1.32656e-05
0.000218961
-1.70276e-05
-2.11756e-05
0.000225651
0.000185407
-1.80598e-05
0.000192985
-2.08439e-05
0.000199932
-2.39742e-05
-2.73914e-05
0.000206148
0.000169344
-2.49312e-05
0.000175863
-2.73624e-05
0.000181962
-3.00729e-05
-3.30237e-05
0.000187594
0.000154197
-3.07616e-05
0.000159721
-3.2887e-05
0.00016492
-3.52717e-05
-3.79489e-05
0.000169845
0.000140647
-3.57243e-05
0.000145244
-3.74836e-05
0.00014944
-3.94681e-05
-4.1992e-05
0.000153483
0.000129487
-4.00382e-05
0.000133506
-4.15028e-05
0.000137183
-4.31452e-05
-4.57124e-05
0.000140903
0.000119945
-4.40958e-05
0.000124773
-4.63315e-05
0.00013136
-4.97316e-05
-5.18283e-05
0.000137476
0.000123794
-5.3503e-05
0.000131621
-5.41581e-05
0.000136594
-5.47039e-05
-5.54688e-05
0.000140235
0.000101554
-5.26519e-05
0.000101133
-5.37372e-05
9.9611e-05
-5.31812e-05
-5.1137e-05
9.52798e-05
7.0336e-05
-4.86446e-05
6.41773e-05
-4.75783e-05
5.6753e-05
-4.57566e-05
-4.3046e-05
4.86623e-05
3.1254e-05
-4.37689e-05
2.51397e-05
-4.1464e-05
1.79658e-05
-3.85824e-05
-3.50422e-05
9.96225e-06
-3.3055e-06
-3.84489e-05
-9.48904e-06
-3.52803e-05
-1.64571e-05
-3.16141e-05
-2.74404e-05
-2.40588e-05
-3.28911e-05
-3.29864e-05
-3.89079e-05
-2.92637e-05
-4.5371e-05
-2.51509e-05
-2.067e-05
-5.21412e-05
-5.72033e-05
-2.77901e-05
-6.26803e-05
-2.37866e-05
-6.83292e-05
-1.95019e-05
-1.49736e-05
-7.40255e-05
-7.61777e-05
-2.31594e-05
-8.08819e-05
-1.90824e-05
-8.55626e-05
-1.4821e-05
-1.04139e-05
-9.01222e-05
-9.00831e-05
-1.92163e-05
-9.3954e-05
-1.52115e-05
-9.76782e-05
-1.10968e-05
-6.90683e-06
-0.000101185
-9.94535e-05
-1.59564e-05
-0.000102549
-1.21159e-05
-0.000105428
-8.21756e-06
-4.28904e-06
-0.000108046
-0.000104961
-1.33049e-05
-0.000107395
-9.68152e-06
-0.00010958
-6.03287e-06
-2.38032e-06
-0.000111488
-0.000107271
-1.11592e-05
-0.000109175
-7.77747e-06
-0.000110819
-4.38919e-06
-1.01011e-06
-0.000112189
-0.000106981
-9.41564e-06
-0.000108475
-6.28261e-06
-0.000109712
-3.15232e-06
-3.66317e-08
-0.000110686
-0.000104595
-7.98536e-06
-0.000105781
-5.0968e-06
-0.000106718
-2.21488e-06
6.51659e-07
-0.000107407
-0.000100557
-6.79593e-06
-0.000101513
-4.14057e-06
-0.000102235
-1.4927e-06
1.14099e-06
-0.000102724
-9.52514e-05
-5.79273e-06
-9.60375e-05
-3.35473e-06
-9.66065e-05
-9.23559e-07
1.49548e-06
-9.6961e-05
-8.90289e-05
-4.93522e-06
-8.96875e-05
-2.69597e-06
-9.01488e-05
-4.62411e-07
1.76131e-06
-9.04146e-05
-8.21959e-05
-4.19507e-06
-8.27576e-05
-2.13451e-06
-8.31416e-05
-7.82798e-08
1.9702e-06
-8.33505e-05
-7.50215e-05
-3.55225e-06
-7.55059e-05
-1.64984e-06
-7.58341e-05
2.49751e-07
2.14341e-06
-7.60072e-05
-6.77279e-05
-2.99286e-06
-6.81497e-05
-1.22831e-06
-6.84347e-05
5.34841e-07
2.29358e-06
-6.85849e-05
-6.0493e-05
-2.50685e-06
-6.08605e-05
-8.60558e-07
-6.11114e-05
7.85434e-07
2.42848e-06
-6.12462e-05
-5.34469e-05
-2.08707e-06
-5.37671e-05
-5.40763e-07
-5.39883e-05
1.00666e-06
2.55237e-06
-5.41123e-05
-4.66813e-05
-1.72687e-06
-4.69584e-05
-2.63437e-07
-4.71546e-05
1.20264e-06
2.66846e-06
-4.72707e-05
-4.02495e-05
-1.41965e-06
-4.04898e-05
-2.36147e-08
-4.06651e-05
1.37802e-06
2.78059e-06
-4.07774e-05
-3.41801e-05
-1.15651e-06
-3.43917e-05
1.88171e-07
-3.4555e-05
1.5409e-06
2.89647e-06
-3.46709e-05
-2.84817e-05
-9.23439e-07
-2.86796e-05
3.85622e-07
-2.88457e-05
1.70708e-06
3.03172e-06
-2.89811e-05
-2.31464e-05
-6.95148e-07
-2.3361e-05
6.00468e-07
-2.35655e-05
1.91131e-06
3.22082e-06
-2.37546e-05
-1.81479e-05
-4.07885e-07
-1.84537e-05
9.05729e-07
-1.87735e-05
2.23122e-06
3.53802e-06
-1.90908e-05
-1.34667e-05
1.70795e-07
-1.40487e-05
1.48807e-06
-1.46513e-05
2.83357e-06
4.09999e-06
-1.52134e-05
-9.34168e-06
-1.043e-05
-1.14056e-05
-1.22659e-05
0.000203367
-3.67853e-05
0.000229612
-7.83706e-05
0.000245636
-0.000108777
0.000252141
-0.000129132
0.00025252
-0.000141456
0.000252646
-0.000146107
0.00025682
-0.000145182
0.000264772
-0.000142478
0.000275055
-0.000139514
0.000286188
-0.000135002
0.000297036
-0.000126295
0.000307778
-0.00011215
0.000303747
-7.98592e-05
0.000239851
3.04592e-05
0.000167911
0.000157072
0.000100406
0.000259513
4.25428e-05
0.000346267
6.22338e-06
0.000417347
0.000457965
0.000283857
-3.82803e-05
0.000281773
-7.6287e-05
0.000277415
-0.000104419
0.00027225
-0.000123968
0.000267166
-0.000136372
0.000264033
-0.000142975
0.000264413
-0.000145562
0.000268097
-0.000146162
0.000273923
-0.000145341
0.000280604
-0.000141684
0.000287315
-0.000133005
0.000290098
-0.000114933
0.000240461
-3.02214e-05
0.000168204
0.000102716
0.000108919
0.000216357
5.77765e-05
0.000310656
1.84168e-05
0.000385627
-1.04717e-06
0.000436811
0.000456918
0.000287745
-4.05735e-05
0.000285592
-7.41336e-05
0.000281094
-9.99216e-05
0.000275624
-0.000118498
0.000270421
-0.000131169
0.000266786
-0.00013934
0.000265646
-0.000144422
0.000266963
-0.000147479
0.000269997
-0.000148375
0.000273781
-0.000145467
0.000276297
-0.000135521
0.000235116
-7.37514e-05
0.000162789
4.21059e-05
0.000105692
0.000159813
5.93931e-05
0.000262656
2.26128e-05
0.000347436
-6.35871e-07
0.000408875
-7.0407e-06
0.000443216
0.000449877
0.000274621
-4.693e-05
0.000275885
-7.53975e-05
0.000273902
-9.79387e-05
0.000270302
-0.000114898
0.000266416
-0.000127283
0.000263394
-0.000136317
0.000262008
-0.000143036
0.000262403
-0.000147874
0.000263974
-0.000149946
0.000265437
-0.000146929
0.000230437
-0.00010052
0.000162356
-5.67091e-06
0.000101662
0.0001028
5.47521e-05
0.000206723
1.89834e-05
0.000298425
-4.58057e-06
0.000371
-1.39974e-05
0.000418292
-1.08513e-05
0.00044007
0.000439026
0.000255994
-5.64577e-05
0.000260358
-7.97619e-05
0.000261192
-9.87727e-05
0.000259879
-0.000113585
0.000257709
-0.000125112
0.000255834
-0.000134442
0.000255084
-0.000142286
0.000255464
-0.000148254
0.000256345
-0.000150827
0.000224538
-0.000115122
0.000162422
-3.84036e-05
0.000100815
5.59369e-05
5.07695e-05
0.000152845
1.26139e-05
0.000244879
-1.27685e-05
0.000323807
-2.42018e-05
0.000382434
-2.29222e-05
0.000417013
-1.34399e-05
0.000430588
0.000425586
0.000236577
-6.7384e-05
0.000243058
-8.62423e-05
0.000246043
-0.000101758
0.000246634
-0.000114177
0.000246113
-0.000124591
0.000245733
-0.000134062
0.000246048
-0.0001426
0.000247141
-0.000149348
0.000217804
-0.000121491
0.000161035
-5.83525e-05
0.000101235
2.13965e-05
4.92705e-05
0.000107902
7.69161e-06
0.000194424
-2.11096e-05
0.00027368
-3.5647e-05
0.000338345
-3.69409e-05
0.000383728
-2.85643e-05
0.000408636
-1.51648e-05
0.000417188
0.000410421
0.000217482
-7.87179e-05
0.000225187
-9.39473e-05
0.000229599
-0.00010617
0.000231659
-0.000116236
0.000232784
-0.000125716
0.000234011
-0.000135289
0.000236129
-0.000144718
0.00020913
-0.000122348
0.000157101
-6.94611e-05
0.000100718
-1.9691e-06
4.85449e-05
7.35696e-05
4.89286e-06
0.000151554
-2.73012e-05
0.000226618
-4.5671e-05
0.00029205
-5.07658e-05
0.00034344
-4.48039e-05
0.000377766
-3.2003e-05
0.000395835
-1.63078e-05
0.000401494
0.000394113
0.000198741
-8.98646e-05
0.00020701
-0.000102217
0.00021226
-0.00011142
0.000215513
-0.00011949
0.000218275
-0.000128477
0.000222003
-0.000139017
0.000197368
-0.000120082
0.000149758
-7.47386e-05
9.71821e-05
-1.6885e-05
4.66556e-05
4.85576e-05
2.83905e-06
0.000117386
-3.13501e-05
0.000185743
-5.30842e-05
0.000248352
-6.22891e-05
0.000301255
-6.00479e-05
0.000341199
-4.92992e-05
0.000367017
-3.39727e-05
0.000380509
-1.70166e-05
0.000384537
0.000377097
0.000180338
-0.000100357
0.00018863
-0.000110509
0.000194189
-0.000116979
0.000198605
-0.000123906
0.000203981
-0.000133853
0.000181672
-0.000116709
0.000138343
-7.67532e-05
8.99498e-05
-2.6345e-05
4.24522e-05
3.06127e-05
1.93346e-08
9.09906e-05
-3.44296e-05
0.000151835
-5.82583e-05
0.000209572
-7.09061e-05
0.000261
-7.26345e-05
0.000302983
-6.51634e-05
0.000333728
-5.15448e-05
0.000353399
-3.49364e-05
0.0003639
-1.73829e-05
0.000366984
0.000359714
0.000162992
-0.000109866
0.000170635
-0.000118152
0.000176515
-0.000122859
0.000181588
-0.000128979
0.000161614
-0.000113879
0.000122656
-7.77503e-05
7.88984e-05
-3.29955e-05
3.53051e-05
1.72484e-05
-4.5227e-06
7.04406e-05
-3.76983e-05
0.000124166
-6.2162e-05
0.000176299
-7.70975e-05
0.000224507
-8.22015e-05
0.000266104
-7.82976e-05
0.00029908
-6.74428e-05
0.000322873
-5.23083e-05
0.000338264
-3.51909e-05
0.000346783
-1.7471e-05
0.000349264
0.000342243
0.000149491
-0.000118454
0.000156411
-0.000125071
0.000160376
-0.000126824
0.000140777
-0.00010938
0.000105347
-7.8449e-05
6.59105e-05
-3.83135e-05
2.61768e-05
6.73829e-06
-1.05697e-05
5.39949e-05
-4.16118e-05
0.000101483
-6.55707e-05
0.000148125
-8.16238e-05
0.000192352
-8.91801e-05
0.000232064
-8.84414e-05
0.000265366
-8.06706e-05
0.000291309
-6.78627e-05
0.000310065
-5.20897e-05
0.000322491
-3.49321e-05
0.000329626
-1.73403e-05
0.000331673
0.000324903
0.000145032
-0.00012601
0.000150266
-0.000130306
0.000130094
-0.000106652
9.48654e-05
-7.41517e-05
5.60296e-05
-3.96132e-05
1.78963e-05
-1.80213e-07
-1.66561e-05
4.12907e-05
-4.5695e-05
8.30339e-05
-6.86761e-05
0.000124464
-8.5034e-05
0.000164483
-9.41637e-05
0.000201482
-9.59348e-05
0.000233835
-9.10307e-05
0.000260462
-8.086e-05
0.000281138
-6.70893e-05
0.000296294
-5.12109e-05
0.000306613
-3.42964e-05
0.000312711
-1.70342e-05
0.00031441
0.000307869
0.000138403
-0.000124179
0.000116313
-0.000108216
8.16531e-05
-7.19916e-05
4.58963e-05
-3.8395e-05
1.00961e-05
-3.81291e-06
-2.23652e-05
3.22811e-05
-4.95681e-05
6.84936e-05
-7.14332e-05
0.000104899
-8.76291e-05
0.00014066
-9.76591e-05
0.000174513
-0.000101275
0.000205098
-9.87973e-05
0.000231357
-9.11662e-05
0.000252831
-7.96643e-05
0.000269636
-6.55548e-05
0.000282185
-4.98791e-05
0.000290938
-3.33818e-05
0.000296214
-1.65934e-05
0.000297622
0.000291275
7.77198e-05
-0.000106618
5.20153e-05
-8.25112e-05
2.57642e-05
-4.57403e-05
-2.51397e-06
-1.01168e-05
-3.01536e-05
2.38267e-05
-5.42558e-05
5.63832e-05
-7.43504e-05
8.85883e-05
-8.98352e-05
0.000120384
-0.00010016
0.000150985
-0.000104992
0.000179345
-0.000104417
0.000204523
-9.90217e-05
0.000225961
-8.97461e-05
0.000243555
-7.76122e-05
0.000257503
-6.3531e-05
0.000268103
-4.82348e-05
0.000275641
-3.22642e-05
0.000280243
-1.60483e-05
0.000281406
0.000275227
2.90524e-05
-8.70077e-05
4.68043e-06
-5.81389e-05
-1.8643e-05
-2.24168e-05
-4.08592e-05
1.20996e-05
-6.0934e-05
4.39015e-05
-7.83219e-05
7.37711e-05
-9.23237e-05
0.00010259
-0.000102255
0.000130315
-0.000107653
0.000156383
-0.00010841
0.000180102
-0.000104832
0.000200945
-9.75577e-05
0.000218687
-8.73726e-05
0.00023337
-7.50329e-05
0.000245163
-6.11908e-05
0.000254261
-4.63762e-05
0.000260827
-3.10034e-05
0.000264871
-1.5429e-05
0.000265832
0.000259798
-1.07618e-05
-6.62835e-05
-3.24725e-05
-3.6428e-05
-5.19718e-05
-2.91749e-06
-6.89932e-05
2.91211e-05
-8.35551e-05
5.84634e-05
-9.55545e-05
8.57706e-05
-0.000104469
0.000111504
-0.000109801
0.000135648
-0.000111305
0.000157887
-0.000109063
0.00017786
-0.000103457
0.000195339
-9.50445e-05
0.000210274
-8.44185e-05
0.000222744
-7.21274e-05
0.000232872
-5.86478e-05
0.000240782
-4.43788e-05
0.000246558
-2.96495e-05
0.000250141
-1.47583e-05
0.00025094
0.00024504
-4.30381e-05
-4.73041e-05
-6.1184e-05
-1.82821e-05
-7.66215e-05
1.25201e-05
-8.92102e-05
4.17098e-05
-9.93534e-05
6.86067e-05
-0.000106983
9.34001e-05
-0.000111797
0.000116318
-0.00011354
0.000137391
-0.000112161
0.000156508
-0.000107841
0.000173541
-0.000100937
0.000188434
-9.18802e-05
0.000201218
-8.11079e-05
0.000211972
-6.90227e-05
0.000220787
-5.59838e-05
0.000227743
-4.23012e-05
0.000232875
-2.82434e-05
0.000236084
-1.40588e-05
0.000236756
0.000230981
-6.80955e-05
-3.13496e-05
-8.24658e-05
-3.91169e-06
-9.40721e-05
2.41264e-05
-0.000103014
5.06519e-05
-0.000109555
7.51473e-05
-0.000113709
9.75544e-05
-0.000115368
0.000117977
-0.000114466
0.000136489
-0.000111068
0.00015311
-0.000105376
0.000167848
-9.76805e-05
0.000180739
-8.83076e-05
0.000191845
-7.75814e-05
0.000201246
-6.58067e-05
0.000209012
-5.32615e-05
0.000215198
-4.01924e-05
0.000219806
-2.6819e-05
0.00022271
-1.33468e-05
0.000223283
0.000217634
-8.67987e-05
-1.85763e-05
-9.76174e-05
6.90707e-06
-0.000105859
3.23684e-05
-0.000111721
5.65137e-05
-0.00011536
7.87865e-05
-0.000116841
9.9035e-05
-0.000116177
0.000117313
-0.00011341
0.000133722
-0.000108652
0.000148353
-0.000102089
0.000161285
-9.39493e-05
0.000172599
-8.44824e-05
0.000182378
-7.39357e-05
0.000190699
-6.25458e-05
0.000197622
-5.05314e-05
0.000203183
-3.80902e-05
0.000207365
-2.54024e-05
0.000210023
-1.2637e-05
0.000210518
0.000204997
-9.98805e-05
-8.81785e-06
-0.000107621
1.4648e-05
-0.000113118
3.78655e-05
-0.00011649
5.98848e-05
-0.000117869
8.01655e-05
-0.000117357
9.85237e-05
-0.000115034
0.00011499
-0.000110988
0.000129676
-0.000105343
0.000142707
-9.82572e-05
0.000154199
-8.9916e-05
0.000164258
-8.05135e-05
0.000172976
-7.02437e-05
0.000180429
-5.92923e-05
0.000186671
-4.78326e-05
0.000191724
-3.60239e-05
0.000195556
-2.40124e-05
0.000198011
-1.19387e-05
0.000198445
0.000193059
-0.000108352
-1.65076e-06
-0.000113606
1.99018e-05
-0.000116899
4.11588e-05
-0.000118316
6.13015e-05
-0.000117983
7.9832e-05
-0.000116019
9.65605e-05
-0.000112533
0.000111504
-0.00010763
0.000124773
-0.00010143
0.000136507
-9.40712e-05
0.00014684
-8.57037e-05
0.00015589
-7.64826e-05
0.000163755
-6.65611e-05
0.000170508
-5.60856e-05
0.000176195
-4.51933e-05
0.000180831
-3.40119e-05
0.000184375
-2.2661e-05
0.00018666
-1.12591e-05
0.000187043
0.000181799
-0.000113124
3.4276e-06
-0.00011645
2.3228e-05
-0.000118037
4.27455e-05
-0.000117967
6.12317e-05
-0.000116367
7.82317e-05
-0.000113366
9.35596e-05
-0.000109082
0.00010722
-0.000103628
0.000119318
-9.71158e-05
0.000129995
-8.96662e-05
0.000139391
-8.14029e-05
0.000147627
-7.245e-05
0.000154802
-6.29281e-05
0.000160986
-5.29519e-05
0.000166219
-4.263e-05
0.000170509
-3.20649e-05
0.00017381
-2.1354e-05
0.000175949
-1.06007e-05
0.000176289
0.000171199
-0.000114953
6.89215e-06
-0.000116834
2.51095e-05
-0.000117148
4.30591e-05
-0.000115985
6.0069e-05
-0.000113477
7.57236e-05
-0.000109759
8.98419e-05
-0.000104956
0.000102417
-9.91808e-05
0.000113543
-9.25399e-05
0.000123354
-8.5138e-05
0.000131989
-7.70771e-05
0.000139566
-6.8456e-05
0.000146181
-5.93687e-05
0.000151898
-4.99046e-05
0.000156755
-4.01494e-05
0.000160754
-3.0185e-05
0.000163846
-2.00926e-05
0.000165857
-9.96516e-06
0.000166162
0.000161234
-0.000114455
9.15897e-06
-0.000115276
2.593e-05
-0.000114672
4.24552e-05
-0.000112741
5.81379e-05
-0.000109617
7.25997e-05
-0.00010544
8.56649e-05
-0.000100338
9.73149e-05
-9.44233e-05
0.000107629
-8.77969e-05
0.000116728
-8.05497e-05
0.000124742
-7.27656e-05
0.000131782
-6.45224e-05
0.000137938
-5.58928e-05
0.000143269
-4.69461e-05
0.000147809
-3.77496e-05
0.000151558
-2.83697e-05
0.000154466
-1.88748e-05
0.000156362
-9.35131e-06
0.000156638
0.000151882
-0.000112086
1.05594e-05
-0.000112157
2.60011e-05
-0.000110927
4.1225e-05
-0.000108495
5.57058e-05
-0.000104996
6.91009e-05
-0.000100572
8.12403e-05
-9.53507e-05
9.20939e-05
-8.94445e-05
0.000101722
-8.29472e-05
0.000110231
-7.59387e-05
0.000117733
-6.8488e-05
0.000124331
-6.06562e-05
0.000130106
-5.24994e-05
0.000135112
-4.4071e-05
0.00013938
-3.54241e-05
0.000142911
-2.66128e-05
0.000145655
-1.76969e-05
0.000147446
-8.75813e-06
0.0001477
0.000143124
-0.000108204
1.13565e-05
-0.000107776
2.55732e-05
-0.000106156
3.9605e-05
-0.000103442
5.29924e-05
-9.97679e-05
6.54264e-05
-9.52713e-05
7.67437e-05
-9.00801e-05
8.69027e-05
-8.43028e-05
9.5945e-05
-7.80272e-05
0.000103955
-7.1324e-05
0.00011103
-6.42506e-05
0.000117258
-5.68552e-05
0.00012271
-4.91812e-05
0.000127438
-4.12699e-05
0.000131469
-3.31636e-05
0.000134804
-2.49075e-05
0.000137398
-1.65545e-05
0.000139093
-8.18356e-06
0.000139329
0.000134941
-0.000103117
1.17488e-05
-0.000102385
2.48417e-05
-0.000100563
3.77832e-05
-9.77453e-05
5.01742e-05
-9.40566e-05
6.17377e-05
-8.96307e-05
7.23178e-05
-8.45906e-05
8.18626e-05
-7.90397e-05
9.03941e-05
-7.30603e-05
9.79757e-05
-6.67153e-05
0.000104685
-6.00534e-05
0.000110596
-5.31133e-05
0.00011577
-4.5929e-05
0.000120254
-3.8533e-05
0.000124073
-3.09595e-05
0.000127231
-2.3247e-05
0.000129686
-1.54438e-05
0.00013129
-7.62633e-06
0.000131512
0.000127314
-9.71006e-05
1.18884e-05
-9.6215e-05
2.39561e-05
-9.43362e-05
3.59044e-05
-9.15506e-05
4.73886e-05
-8.79745e-05
5.81615e-05
-8.3732e-05
6.80752e-05
-7.89384e-05
7.7069e-05
-7.36912e-05
8.51468e-05
-6.80664e-05
9.23508e-05
-6.21208e-05
9.87394e-05
-5.58966e-05
0.000104372
-4.94258e-05
0.0001093
-4.27358e-05
0.000113564
-3.58528e-05
0.00011719
-2.88051e-05
0.000120183
-2.16266e-05
0.000122507
-1.43616e-05
0.000124025
-7.08502e-06
0.000124235
0.000120229
-9.04101e-05
1.18839e-05
-8.94795e-05
2.30255e-05
-8.76505e-05
3.40754e-05
-8.49993e-05
4.47374e-05
-8.16301e-05
5.47922e-05
-7.76551e-05
6.41002e-05
-7.318e-05
7.25939e-05
-6.82942e-05
8.02609e-05
-6.30676e-05
8.71242e-05
-5.75519e-05
9.32237e-05
-5.17842e-05
9.8604e-05
-4.57922e-05
0.000103308
-3.95985e-05
0.00010737
-3.32252e-05
0.000110817
-2.66968e-05
0.000113655
-2.00433e-05
0.000115854
-1.33066e-05
0.000117288
-6.55906e-06
0.000117487
0.00011367
-8.3279e-05
1.18124e-05
-8.23793e-05
2.21258e-05
-8.06739e-05
3.237e-05
-7.82278e-05
4.22912e-05
-7.51308e-05
5.16953e-05
-7.14818e-05
6.04512e-05
-6.73748e-05
6.84868e-05
-6.28902e-05
7.57763e-05
-5.80915e-05
8.23255e-05
-5.30256e-05
8.81577e-05
-4.7726e-05
9.33044e-05
-4.22172e-05
9.77987e-05
-3.65191e-05
0.000101672
-3.06508e-05
0.000104948
-2.46342e-05
0.000107638
-1.84969e-05
0.000109717
-1.22782e-05
0.00011107
-6.04807e-06
0.000111257
0.000107622
-7.59178e-05
1.1723e-05
-7.50975e-05
2.13055e-05
-7.35625e-05
3.08349e-05
-7.13653e-05
4.0094e-05
-6.85811e-05
4.89109e-05
-6.52937e-05
5.71637e-05
-6.15845e-05
6.47776e-05
-5.75245e-05
7.17162e-05
-5.31703e-05
7.79712e-05
-4.85642e-05
8.35516e-05
-4.37368e-05
8.8477e-05
-3.87106e-05
9.27724e-05
-3.35036e-05
9.64648e-05
-2.81334e-05
9.95781e-05
-2.26198e-05
0.000102124
-1.69886e-05
0.000104085
-1.12773e-05
0.000105358
-5.55233e-06
0.000105532
0.00010207
-6.85077e-05
1.16457e-05
-6.77947e-05
2.05924e-05
-6.64555e-05
2.94957e-05
-6.45301e-05
3.81685e-05
-6.20783e-05
4.6459e-05
-5.9169e-05
5.42543e-05
-5.58706e-05
6.1479e-05
-5.22438e-05
6.80894e-05
-4.83386e-05
7.40658e-05
-4.41929e-05
7.94058e-05
-3.98349e-05
8.41188e-05
-3.52854e-05
8.82229e-05
-3.05616e-05
9.17409e-05
-2.56797e-05
9.46961e-05
-2.06584e-05
9.71031e-05
-1.5522e-05
9.89488e-05
-1.03054e-05
0.000100142
-5.07241e-06
0.000100299
9.69974e-05
-6.11969e-05
1.15963e-05
-6.06045e-05
1.99999e-05
-5.9471e-05
2.83621e-05
-5.78241e-05
3.65215e-05
-5.57087e-05
4.43435e-05
-5.31788e-05
5.17243e-05
-5.02899e-05
5.859e-05
-4.7093e-05
6.48924e-05
-4.36311e-05
7.06038e-05
-3.99382e-05
7.57128e-05
-3.60401e-05
8.02206e-05
-3.19566e-05
8.41393e-05
-2.77041e-05
8.74883e-05
-2.32981e-05
9.02901e-05
-1.87561e-05
9.2561e-05
-1.41008e-05
9.42933e-05
-9.36529e-06
9.54061e-05
-4.60929e-06
9.55431e-05
9.23879e-05
-5.40997e-05
1.15837e-05
-5.36321e-05
1.95321e-05
-5.27043e-05
2.74343e-05
-5.13317e-05
3.51488e-05
-4.9545e-05
4.25566e-05
-4.73842e-05
4.95634e-05
-4.48928e-05
5.60985e-05
-4.21126e-05
6.2112e-05
-3.908e-05
6.75711e-05
-3.58252e-05
7.24579e-05
-3.23721e-05
7.67674e-05
-2.87395e-05
8.05066e-05
-2.49431e-05
8.36918e-05
-2.09978e-05
8.63446e-05
-1.69199e-05
8.8483e-05
-1.27304e-05
9.01037e-05
-8.4599e-06
9.11356e-05
-4.16439e-06
9.12472e-05
8.82236e-05
-4.72995e-05
1.16124e-05
-4.69567e-05
1.91891e-05
-4.62291e-05
2.67065e-05
-4.512e-05
3.40395e-05
-4.36468e-05
4.10832e-05
-4.1837e-05
4.77534e-05
-3.97232e-05
5.39846e-05
-3.73389e-05
5.97275e-05
-3.47149e-05
6.49469e-05
-3.18779e-05
6.96208e-05
-2.88501e-05
7.37394e-05
-2.56494e-05
7.73057e-05
-2.22909e-05
8.03332e-05
-1.87887e-05
8.28422e-05
-1.51576e-05
8.48518e-05
-1.14165e-05
8.63625e-05
-7.59344e-06
8.73122e-05
-3.73954e-06
8.73935e-05
8.44838e-05
-4.08551e-05
1.16899e-05
-4.06382e-05
1.89721e-05
-4.01042e-05
2.61724e-05
-3.92446e-05
3.31798e-05
-3.80652e-05
3.99037e-05
-3.65827e-05
4.62708e-05
-3.48209e-05
5.22226e-05
-3.28061e-05
5.77126e-05
-3.05648e-05
6.27054e-05
-2.81207e-05
6.71766e-05
-2.54945e-05
7.11131e-05
-2.27034e-05
7.45144e-05
-1.97617e-05
7.73914e-05
-1.66825e-05
7.97629e-05
-1.34788e-05
8.16479e-05
-1.01669e-05
8.30504e-05
-6.77088e-06
8.39162e-05
-3.3375e-06
8.39597e-05
8.11465e-05
-3.48127e-05
1.18316e-05
-3.47286e-05
1.88879e-05
-3.4384e-05
2.58276e-05
-3.37595e-05
3.25551e-05
-3.28515e-05
3.89955e-05
-3.16688e-05
4.50879e-05
-3.02285e-05
5.07821e-05
-2.85523e-05
5.60362e-05
-2.6663e-05
6.0816e-05
-2.45825e-05
6.50959e-05
-2.23302e-05
6.88606e-05
-1.99227e-05
7.21067e-05
-1.73736e-05
7.48422e-05
-1.46945e-05
7.70836e-05
-1.18963e-05
7.88496e-05
-8.99151e-06
8.01455e-05
-6.00012e-06
8.09246e-05
-2.96232e-06
8.09221e-05
7.81839e-05
-2.92219e-05
1.20723e-05
-2.9289e-05
1.8955e-05
-2.91345e-05
2.56729e-05
-2.87309e-05
3.21515e-05
-2.80696e-05
3.8334e-05
-2.71551e-05
4.41733e-05
-2.60015e-05
4.96284e-05
-2.46279e-05
5.46624e-05
-2.30551e-05
5.9243e-05
-2.13038e-05
6.33445e-05
-1.93929e-05
6.69496e-05
-1.73384e-05
7.00521e-05
-1.51533e-05
7.26569e-05
-1.28476e-05
7.47778e-05
-1.04293e-05
7.64311e-05
-7.90652e-06
7.76227e-05
-5.29267e-06
7.83107e-05
-2.62076e-06
7.82497e-05
7.55633e-05
-2.41597e-05
1.24773e-05
-2.44106e-05
1.92058e-05
-2.44517e-05
2.57138e-05
-2.42544e-05
3.19541e-05
-2.38112e-05
3.78907e-05
-2.31284e-05
4.34905e-05
-2.22209e-05
4.87208e-05
-2.11077e-05
5.35491e-05
-1.98095e-05
5.79448e-05
-1.83468e-05
6.18817e-05
-1.67383e-05
6.5341e-05
-1.49999e-05
6.83136e-05
-1.3144e-05
7.08009e-05
-1.11791e-05
7.28128e-05
-9.11007e-06
7.4362e-05
-6.93898e-06
7.54515e-05
-4.67017e-06
7.60417e-05
-2.32487e-06
7.59047e-05
7.32382e-05
-1.97585e-05
1.31449e-05
-2.02363e-05
1.96836e-05
-2.04802e-05
2.59576e-05
-2.04707e-05
3.19445e-05
-2.02115e-05
3.76314e-05
-1.97173e-05
4.29962e-05
-1.9008e-05
4.80114e-05
-1.81055e-05
5.26465e-05
-1.70321e-05
5.68712e-05
-1.58088e-05
6.06583e-05
-1.44549e-05
6.3987e-05
-1.29866e-05
6.68452e-05
-1.14164e-05
6.92305e-05
-9.7518e-06
7.11482e-05
-7.99494e-06
7.2605e-05
-6.14115e-06
7.35976e-05
-4.17949e-06
7.40801e-05
-2.10747e-06
7.38324e-05
7.11307e-05
-1.62309e-05
1.41622e-05
-1.69917e-05
2.04443e-05
-1.744e-05
2.64058e-05
-1.75902e-05
3.20946e-05
-1.74714e-05
3.75125e-05
-1.71137e-05
4.26383e-05
-1.65458e-05
4.74434e-05
-1.57948e-05
5.18953e-05
-1.48853e-05
5.59616e-05
-1.38401e-05
5.96129e-05
-1.26792e-05
6.2826e-05
-1.14199e-05
6.55857e-05
-1.00756e-05
6.78861e-05
-8.65494e-06
6.97274e-05
-7.16049e-06
7.11105e-05
-5.58476e-06
7.20218e-05
-3.90166e-06
7.23968e-05
-2.05207e-06
7.19827e-05
6.90786e-05
-1.39826e-05
-1.50682e-05
-1.56892e-05
-1.59457e-05
-1.59046e-05
-1.56165e-05
-1.51199e-05
-1.44465e-05
-1.36231e-05
-1.26733e-05
-1.16177e-05
-1.04741e-05
-9.25705e-06
-7.97733e-06
-6.64039e-06
-5.24261e-06
-3.75706e-06
-2.08791e-06
)
;

boundaryField
{
    leftWall
    {
        type            calculated;
        value           uniform 0;
    }
    rightWall
    {
        type            calculated;
        value           uniform 0;
    }
    lowerWall
    {
        type            calculated;
        value           uniform 0;
    }
    atmosphere
    {
        type            calculated;
        value           nonuniform List<scalar> 
46
(
-4.89145e-05
-7.09599e-05
-6.70441e-05
-6.55748e-05
-6.42763e-05
-6.29707e-05
-6.15316e-05
-5.98859e-05
-5.79897e-05
-5.58188e-05
-5.33605e-05
-5.06092e-05
-4.75636e-05
-4.42246e-05
-4.05938e-05
-3.66725e-05
-3.24594e-05
-2.79497e-05
-2.31337e-05
-1.80028e-05
-1.25764e-05
-7.00059e-06
-1.93401e-06
1.16826e-06
2.57603e-06
3.80899e-06
4.96025e-06
1.58789e-05
2.15298e-05
2.70267e-05
3.2351e-05
3.74714e-05
4.23501e-05
4.69468e-05
5.12218e-05
5.51381e-05
5.86631e-05
6.17703e-05
6.44421e-05
6.6669e-05
6.84476e-05
6.97735e-05
7.06239e-05
7.09112e-05
7.03135e-05
6.69907e-05
)
;
    }
    defaultFaces
    {
        type            empty;
    }
}


// ************************************************************************* //
