/*--------------------------------*- C++ -*----------------------------------*\
  =========                 |
  \\      /  F ield         | OpenFOAM: The Open Source CFD Toolbox
   \\    /   O peration     | Website:  https://openfoam.org
    \\  /    A nd           | Version:  13
     \\/     M anipulation  |
\*---------------------------------------------------------------------------*/
FoamFile
{
    format      ascii;
    class       volVectorField;
    location    "1.7";
    object      U;
}
// * * * * * * * * * * * * * * * * * * * * * * * * * * * * * * * * * * * * * //

dimensions      [0 1 -1 0 0 0 0];

internalField   nonuniform List<vector> 
2268
(
(-0.0156382 0.00597394 0)
(-0.0239937 0.00195322 0)
(-0.03019 0.00117907 0)
(-0.037465 0.00152246 0)
(-0.0450547 0.00197139 0)
(-0.0533845 0.00241408 0)
(-0.0625912 0.00286395 0)
(-0.072795 0.00328854 0)
(-0.0839178 0.00359953 0)
(-0.09548 0.00367557 0)
(-0.106718 0.00348968 0)
(-0.116995 0.00311881 0)
(-0.12577 0.00254226 0)
(-0.132339 0.00171156 0)
(-0.135998 0.000710423 0)
(-0.136351 -0.000293828 0)
(-0.132972 -0.00137154 0)
(-0.125424 -0.00244164 0)
(-0.113859 -0.0033765 0)
(-0.0984605 -0.00454121 0)
(-0.0787007 -0.00650354 0)
(-0.0556885 -0.00912612 0)
(-0.0291063 -0.0160637 0)
(-0.00959929 0.0126063 0)
(-0.0165719 0.00617 0)
(-0.0244851 0.00542802 0)
(-0.0334619 0.00564359 0)
(-0.0423142 0.00601134 0)
(-0.0514875 0.00652427 0)
(-0.0612595 0.00714586 0)
(-0.0718336 0.0078468 0)
(-0.0831933 0.00838103 0)
(-0.0949327 0.0084566 0)
(-0.106331 0.00798772 0)
(-0.116706 0.00710255 0)
(-0.125515 0.00577742 0)
(-0.132111 0.00390696 0)
(-0.13577 0.00157748 0)
(-0.136013 -0.00101061 0)
(-0.132197 -0.00407541 0)
(-0.123768 -0.0072682 0)
(-0.110939 -0.0102416 0)
(-0.0940975 -0.0133051 0)
(-0.0731611 -0.0167382 0)
(-0.0503313 -0.0198246 0)
(-0.022315 -0.0275181 0)
(-0.0037461 0.0173439 0)
(-0.0123487 0.0101956 0)
(-0.021477 0.00980276 0)
(-0.0313553 0.0100447 0)
(-0.0408641 0.0104332 0)
(-0.0504955 0.0110678 0)
(-0.0605247 0.0119767 0)
(-0.0711606 0.0129685 0)
(-0.0824278 0.0136782 0)
(-0.0939426 0.0136654 0)
(-0.105017 0.0127898 0)
(-0.114994 0.0112052 0)
(-0.123361 0.0090291 0)
(-0.129496 0.00602317 0)
(-0.132691 0.00229902 0)
(-0.13253 -0.00189139 0)
(-0.128336 -0.00690339 0)
(-0.119539 -0.0120797 0)
(-0.106493 -0.0168442 0)
(-0.0897436 -0.0215477 0)
(-0.0692781 -0.026549 0)
(-0.0472866 -0.0314719 0)
(-0.0191534 -0.0430248 0)
(0.00169537 0.019935 0)
(-0.00962271 0.0145338 0)
(-0.0195523 0.0144358 0)
(-0.0298866 0.0146663 0)
(-0.039768 0.015115 0)
(-0.0496664 0.0159684 0)
(-0.0598944 0.0171183 0)
(-0.070582 0.0184005 0)
(-0.0816523 0.019259 0)
(-0.0927975 0.0191277 0)
(-0.10339 0.0177761 0)
(-0.11276 0.0155704 0)
(-0.120449 0.0124302 0)
(-0.125903 0.00813393 0)
(-0.128426 0.00287524 0)
(-0.127739 -0.00300918 0)
(-0.123144 -0.0100058 0)
(-0.114063 -0.0171437 0)
(-0.100997 -0.0236532 0)
(-0.0845902 -0.0299286 0)
(-0.0648209 -0.0364609 0)
(-0.0438044 -0.0432854 0)
(-0.0162972 -0.0577273 0)
(0.00283507 0.0170278 0)
(-0.00894504 0.0174754 0)
(-0.0184185 0.0179552 0)
(-0.0286152 0.0182444 0)
(-0.0386114 0.0187855 0)
(-0.0488211 0.0198219 0)
(-0.0592384 0.0212292 0)
(-0.0698101 0.0228529 0)
(-0.0805482 0.0240622 0)
(-0.0911656 0.024054 0)
(-0.101059 0.0225025 0)
(-0.109772 0.0196319 0)
(-0.116784 0.01555 0)
(-0.121398 0.009914 0)
(-0.123085 0.00310536 0)
(-0.121727 -0.00438137 0)
(-0.116625 -0.0134399 0)
(-0.107271 -0.0226242 0)
(-0.0942459 -0.0307722 0)
(-0.0781929 -0.0384894 0)
(-0.0591635 -0.0464479 0)
(-0.0392946 -0.0550598 0)
(-0.0128241 -0.071141 0)
(-0.00318289 0.0246907 0)
(-0.00966471 0.0226357 0)
(-0.017602 0.0227213 0)
(-0.0271315 0.0227751 0)
(-0.0370194 0.0232007 0)
(-0.0472384 0.0242415 0)
(-0.0577899 0.0257357 0)
(-0.0683366 0.027179 0)
(-0.0787079 0.0281728 0)
(-0.0886707 0.0278475 0)
(-0.0979889 0.0258414 0)
(-0.106009 0.022409 0)
(-0.112083 0.0176047 0)
(-0.115694 0.0109743 0)
(-0.116411 0.00287948 0)
(-0.114383 -0.00613959 0)
(-0.108804 -0.017256 0)
(-0.0992156 -0.0283492 0)
(-0.0862598 -0.0380966 0)
(-0.0705163 -0.0471385 0)
(-0.0521708 -0.0563538 0)
(-0.0334774 -0.0664002 0)
(-0.00833803 -0.0822973 0)
(0.00656681 0.0293247 0)
(-0.000751633 0.0281327 0)
(-0.00735657 0.0289174 0)
(-0.0161005 0.0290262 0)
(-0.0260872 0.029112 0)
(-0.0371157 0.0297565 0)
(-0.04901 0.0302453 0)
(-0.0613116 0.0312101 0)
(-0.0729084 0.0319754 0)
(-0.0831504 0.0314646 0)
(-0.0922071 0.0292309 0)
(-0.0999385 0.0254781 0)
(-0.105393 0.0196358 0)
(-0.108012 0.0117915 0)
(-0.108038 0.00250461 0)
(-0.105378 -0.00772939 0)
(-0.0990737 -0.0204048 0)
(-0.0896738 -0.0328335 0)
(-0.0772004 -0.044037 0)
(-0.0616741 -0.0543271 0)
(-0.043773 -0.0644009 0)
(-0.0259091 -0.0749587 0)
(-0.00374256 -0.0886938 0)
(0.0143178 0.0226704 0)
(0.010137 0.0292033 0)
(0.00613309 0.0321739 0)
(2.70701e-05 0.0339349 0)
(-0.00725087 0.0355007 0)
(-0.0152008 0.0375407 0)
(-0.0240942 0.0401759 0)
(-0.0343373 0.0416752 0)
(-0.0459224 0.0414884 0)
(-0.0583296 0.0390779 0)
(-0.070721 0.0348317 0)
(-0.0819327 0.0282441 0)
(-0.0905802 0.0207759 0)
(-0.0949221 0.0119678 0)
(-0.0954765 0.00203673 0)
(-0.0922431 -0.00887897 0)
(-0.0856313 -0.0232761 0)
(-0.0771148 -0.0372503 0)
(-0.0655823 -0.0498089 0)
(-0.0507765 -0.0613556 0)
(-0.0334359 -0.0723249 0)
(-0.0162369 -0.0833056 0)
(-0.00027588 -0.0957884 0)
(0.0253663 -0.0159416 0)
(0.0604635 -0.0174118 0)
(0.0994572 -0.0119317 0)
(0.125143 -0.00568263 0)
(0.135536 -0.0017077 0)
(0.133055 0.00246472 0)
(0.133257 -0.00258692 0)
(0.143497 -0.00322967 0)
(0.149194 0.00161362 0)
(0.138505 0.0106914 0)
(0.102553 0.0148482 0)
(0.0659391 0.0132046 0)
(0.0332316 0.00928765 0)
(0.00991396 0.00484171 0)
(-0.00542289 0.00348133 0)
(-0.013275 0.000264141 0)
(-0.0153825 -0.00205463 0)
(-0.00569954 -0.00579793 0)
(0.00414183 0.00063232 0)
(0.016814 -0.0256014 0)
(0.0513511 -0.0289792 0)
(0.0874855 -0.0232393 0)
(0.112585 -0.0112687 0)
(0.122886 -0.00314424 0)
(0.126952 0.000801933 0)
(0.132551 -0.00478165 0)
(0.138883 -0.00545218 0)
(0.140739 0.00219369 0)
(0.132265 0.014244 0)
(0.111175 0.021511 0)
(0.0833917 0.0232077 0)
(0.0539661 0.0192488 0)
(0.0298495 0.0120676 0)
(0.0146854 0.00832943 0)
(0.00558228 0.00345281 0)
(-0.00168544 -0.000185526 0)
(-0.00471539 -0.00429919 0)
(-0.0103286 -0.000990441 0)
(0.0160739 -0.0343447 0)
(0.0608261 -0.0409529 0)
(0.0928857 -0.032845 0)
(0.113186 -0.0185194 0)
(0.126061 -0.00593753 0)
(0.133677 -0.00116888 0)
(0.13628 -0.00547954 0)
(0.136654 -0.00578348 0)
(0.134113 0.00427 0)
(0.125271 0.0184912 0)
(0.108861 0.0291396 0)
(0.0877276 0.0318086 0)
(0.0661864 0.0290754 0)
(0.0467706 0.019663 0)
(0.0337763 0.0133166 0)
(0.0253973 0.00665727 0)
(0.0169994 0.0028965 0)
(0.00884529 -0.00168283 0)
(-0.00322605 -0.00517626 0)
(0.0679286 -0.0373493 0)
(0.120391 -0.0553445 0)
(0.134411 -0.0360391 0)
(0.131857 -0.0232414 0)
(0.1365 -0.010932 0)
(0.144612 -0.00260152 0)
(0.145176 -0.00495815 0)
(0.138677 -0.00497413 0)
(0.127993 0.00664532 0)
(0.116488 0.021934 0)
(0.103556 0.0360691 0)
(0.0885331 0.040017 0)
(0.0724642 0.0369835 0)
(0.0598153 0.0252197 0)
(0.0519803 0.0172159 0)
(0.0459948 0.00978474 0)
(0.0400505 0.00597175 0)
(0.0324307 0.00144819 0)
(0.0285154 0.0015266 0)
(0.136557 -0.103649 0)
(0.200874 -0.0962334 0)
(0.232329 -0.0242128 0)
(0.171298 -0.0141135 0)
(0.14716 -0.0135237 0)
(0.153235 -0.00628421 0)
(0.162177 -0.00306552 0)
(0.148287 -0.00148389 0)
(0.124559 0.0115001 0)
(0.10708 0.0278612 0)
(0.0971235 0.0420151 0)
(0.0904512 0.045322 0)
(0.0812912 0.0424183 0)
(0.0734791 0.0280762 0)
(0.0720854 0.0195777 0)
(0.0681674 0.0127556 0)
(0.0584035 0.00872052 0)
(0.044191 0.00350051 0)
(0.0353217 0.0207384 0)
(0.164932 -0.18838 0)
(0.194536 -0.140554 0)
(0.282718 -0.0216316 0)
(0.218297 0.0158738 0)
(0.157588 -0.00475985 0)
(0.149359 -0.0112999 0)
(0.164193 -0.00490285 0)
(0.161579 0.0113245 0)
(0.135302 0.0248445 0)
(0.107979 0.0333878 0)
(0.0959695 0.0437791 0)
(0.0922141 0.0464835 0)
(0.0931484 0.0463093 0)
(0.0948045 0.0291277 0)
(0.0972665 0.0197962 0)
(0.094658 0.0159755 0)
(0.0759417 0.015844 0)
(0.0453056 0.0121913 0)
(0.00915596 0.0392342 0)
(0.185357 -0.262705 0)
(0.178652 -0.183011 0)
(0.263553 -0.0371841 0)
(0.245117 0.0522234 0)
(0.16549 0.0126006 0)
(0.142658 -0.0112683 0)
(0.150939 -0.00970854 0)
(0.15375 0.0177151 0)
(0.133968 0.0354544 0)
(0.11411 0.0458751 0)
(0.104494 0.0471207 0)
(0.104964 0.0473855 0)
(0.111271 0.0432359 0)
(0.115826 0.027418 0)
(0.11797 0.0191146 0)
(0.116345 0.0203144 0)
(0.0918301 0.0311826 0)
(0.0463166 0.0318335 0)
(-0.00773975 0.0436276 0)
(0.20559 -0.312071 0)
(0.168546 -0.20357 0)
(0.221875 -0.0485861 0)
(0.228858 0.0682941 0)
(0.167583 0.0361854 0)
(0.13686 -0.00626295 0)
(0.135323 -0.0123617 0)
(0.13768 0.0204546 0)
(0.126563 0.0416962 0)
(0.114684 0.0485113 0)
(0.111176 0.0479973 0)
(0.114547 0.0444885 0)
(0.122748 0.0388477 0)
(0.128283 0.0263638 0)
(0.128366 0.0193633 0)
(0.124326 0.0247447 0)
(0.0994898 0.0490309 0)
(0.0466884 0.0544512 0)
(-0.0116507 0.0494996 0)
(0.0168192 0.0113498 0)
(0.0181598 0.0275809 0)
(0.0174412 0.0335672 0)
(0.0147836 0.0364512 0)
(0.0111607 0.0384868 0)
(0.00697722 0.0407953 0)
(0.00262171 0.0432104 0)
(-0.00179155 0.0458589 0)
(-0.00637445 0.0476876 0)
(-0.0112402 0.0480031 0)
(-0.0165202 0.0461416 0)
(-0.0225766 0.0415813 0)
(-0.0293851 0.0320146 0)
(-0.0372528 0.0177764 0)
(-0.0442958 0.00247745 0)
(-0.0490611 -0.012768 0)
(-0.0511495 -0.0290809 0)
(-0.049719 -0.0424128 0)
(-0.0413624 -0.0571617 0)
(-0.0273896 -0.0711559 0)
(-0.0108711 -0.083116 0)
(0.00609643 -0.0927315 0)
(0.00752085 -0.0997899 0)
(0.0104653 -0.00432425 0)
(0.0130624 0.0234436 0)
(0.0142446 0.0332655 0)
(0.01529 0.0373442 0)
(0.0159626 0.0398486 0)
(0.0162439 0.0422995 0)
(0.0162933 0.0448392 0)
(0.0165174 0.0467653 0)
(0.0172278 0.047584 0)
(0.0183606 0.0469207 0)
(0.0195923 0.04458 0)
(0.0207955 0.039869 0)
(0.022132 0.0325162 0)
(0.0237364 0.0217715 0)
(0.0262973 0.00785941 0)
(0.0301552 -0.00870189 0)
(0.0346722 -0.0287481 0)
(0.0409577 -0.0502871 0)
(0.0467838 -0.0726929 0)
(0.0537568 -0.0917774 0)
(0.0650288 -0.105471 0)
(0.0824879 -0.114587 0)
(0.105509 -0.122143 0)
(-0.00137347 -0.00998911 0)
(0.000341993 0.0203137 0)
(0.00322774 0.0302268 0)
(0.00743538 0.0342465 0)
(0.011711 0.0369584 0)
(0.0154627 0.0397333 0)
(0.0188006 0.0421899 0)
(0.0224151 0.0436672 0)
(0.0267799 0.0437808 0)
(0.0319474 0.0424943 0)
(0.0377545 0.0397332 0)
(0.0439903 0.0349577 0)
(0.0506865 0.0270782 0)
(0.0580703 0.0155146 0)
(0.0663917 0.000605338 0)
(0.0756326 -0.0166308 0)
(0.0850461 -0.0353576 0)
(0.0941823 -0.0546921 0)
(0.10227 -0.0755256 0)
(0.109856 -0.0957198 0)
(0.118023 -0.113853 0)
(0.127474 -0.128668 0)
(0.137643 -0.142066 0)
(-0.0115614 -0.00465778 0)
(-0.0101879 0.0187207 0)
(-0.00655975 0.025338 0)
(-0.000387523 0.0287023 0)
(0.00605845 0.0316739 0)
(0.0114586 0.0353946 0)
(0.0163603 0.0377983 0)
(0.0222067 0.0385462 0)
(0.029231 0.0378714 0)
(0.0371895 0.0358209 0)
(0.0460039 0.0323839 0)
(0.0557328 0.0269199 0)
(0.066368 0.0183886 0)
(0.0777118 0.00624349 0)
(0.0895683 -0.00929228 0)
(0.101532 -0.0266184 0)
(0.113017 -0.0446355 0)
(0.123427 -0.0631662 0)
(0.132218 -0.0818775 0)
(0.138832 -0.100987 0)
(0.143759 -0.119075 0)
(0.14682 -0.134167 0)
(0.146804 -0.14573 0)
(-0.0272914 0.0131535 0)
(-0.0165983 0.0185571 0)
(-0.0107937 0.0197257 0)
(-0.004026 0.0221216 0)
(0.00267023 0.0252976 0)
(0.00830944 0.030931 0)
(0.0134515 0.0326974 0)
(0.0203693 0.0316786 0)
(0.0293436 0.029807 0)
(0.039502 0.0268959 0)
(0.0506066 0.02251 0)
(0.0628725 0.0159113 0)
(0.0763281 0.00628015 0)
(0.0906176 -0.00680309 0)
(0.104871 -0.0226292 0)
(0.118249 -0.0398469 0)
(0.130564 -0.0570139 0)
(0.141403 -0.0742634 0)
(0.150277 -0.0908952 0)
(0.156647 -0.107642 0)
(0.159372 -0.122167 0)
(0.157293 -0.133073 0)
(0.150057 -0.138965 0)
(-0.0277608 0.0341132 0)
(-0.0117584 0.0106712 0)
(-0.0077469 0.0124512 0)
(-0.00439607 0.0158258 0)
(-0.00113203 0.0192867 0)
(0.00360536 0.0250369 0)
(0.00989514 0.0252881 0)
(0.0176045 0.0217717 0)
(0.0271436 0.0178248 0)
(0.0385552 0.0133009 0)
(0.0516676 0.00732166 0)
(0.0661802 -0.000937408 0)
(0.0816209 -0.0117836 0)
(0.0974356 -0.0251869 0)
(0.112895 -0.0403394 0)
(0.12734 -0.0562021 0)
(0.140395 -0.0717605 0)
(0.151934 -0.0867405 0)
(0.161687 -0.10056 0)
(0.169178 -0.112433 0)
(0.171768 -0.12114 0)
(0.16778 -0.125909 0)
(0.157132 -0.127168 0)
(0.00497836 0.0425111 0)
(0.0132462 0.0107895 0)
(0.00838246 0.0134512 0)
(0.00331056 0.0161382 0)
(-0.000320366 0.0174971 0)
(0.00123453 0.0195064 0)
(0.00721894 0.0177774 0)
(0.0154108 0.0128973 0)
(0.0253504 0.0072771 0)
(0.0374314 0.00109163 0)
(0.0516401 -0.00621801 0)
(0.0674778 -0.0151605 0)
(0.084323 -0.0258921 0)
(0.101367 -0.0383216 0)
(0.117948 -0.0518656 0)
(0.133519 -0.0656402 0)
(0.147755 -0.0790161 0)
(0.160186 -0.0916254 0)
(0.170369 -0.103266 0)
(0.176599 -0.113286 0)
(0.177994 -0.118317 0)
(0.172964 -0.117947 0)
(0.159076 -0.110884 0)
(0.0403979 0.0234212 0)
(0.0445434 0.0105815 0)
(0.0384376 0.0182213 0)
(0.0257619 0.0224751 0)
(0.00988317 0.0195265 0)
(0.00488568 0.0170528 0)
(0.00891832 0.0130293 0)
(0.0167095 0.00675169 0)
(0.026807 -0.000376994 0)
(0.0395248 -0.00782854 0)
(0.0546163 -0.0161644 0)
(0.0716298 -0.0256483 0)
(0.0898329 -0.0365453 0)
(0.108404 -0.0487847 0)
(0.126522 -0.0617365 0)
(0.143587 -0.0747589 0)
(0.159009 -0.0870173 0)
(0.171907 -0.0983019 0)
(0.181411 -0.107044 0)
(0.186542 -0.113739 0)
(0.180532 -0.11429 0)
(0.167307 -0.11056 0)
(0.146397 -0.100123 0)
(0.0287205 -0.0365511 0)
(0.0436969 -0.00506467 0)
(0.065454 0.0201564 0)
(0.065267 0.0297816 0)
(0.0273983 0.0171368 0)
(0.0103467 0.0138085 0)
(0.0137282 0.0101657 0)
(0.0224348 0.00279888 0)
(0.0329281 -0.00452282 0)
(0.0462441 -0.0125568 0)
(0.0623947 -0.0215649 0)
(0.0807304 -0.0318236 0)
(0.10025 -0.0435423 0)
(0.119723 -0.0565661 0)
(0.13828 -0.0703511 0)
(0.155414 -0.084121 0)
(0.17024 -0.0975489 0)
(0.180464 -0.109714 0)
(0.174637 -0.121159 0)
(0.145468 -0.102543 0)
(0.118755 -0.109393 0)
(0.107364 -0.0801259 0)
(0.108285 -0.0601319 0)
(-0.015814 -0.0234243 0)
(0.00204942 -0.0380263 0)
(0.0297757 -0.00399458 0)
(0.074481 0.097165 0)
(0.0836816 0.103912 0)
(0.0433083 0.0413374 0)
(0.0203486 -0.000429706 0)
(0.0134399 -0.0228975 0)
(0.0154576 -0.0414791 0)
(0.0242974 -0.060908 0)
(0.0381948 -0.0803348 0)
(0.0550211 -0.0970831 0)
(0.0715015 -0.111151 0)
(0.0860914 -0.123772 0)
(0.0993014 -0.134921 0)
(0.111049 -0.143462 0)
(0.119762 -0.145502 0)
(0.123937 -0.130974 0)
(0.119058 -0.0977959 0)
(0.105583 -0.0917482 0)
(0.0903417 -0.0637859 0)
(0.0780876 -0.0880337 0)
(0.0743094 -0.0716971 0)
(0.0168148 -0.0260687 0)
(-0.00742388 -0.0649849 0)
(-0.0107826 -0.0642209 0)
(0.0118404 0.0387442 0)
(0.0266929 0.0865208 0)
(0.0239076 0.0571854 0)
(0.0158056 0.0223799 0)
(0.00985815 -0.00495725 0)
(0.0090461 -0.027806 0)
(0.0141034 -0.0500662 0)
(0.0233067 -0.0701405 0)
(0.0339288 -0.0848236 0)
(0.0440517 -0.0951952 0)
(0.0520159 -0.105197 0)
(0.0575307 -0.115171 0)
(0.0607596 -0.12315 0)
(0.0609139 -0.126168 0)
(0.0589769 -0.118639 0)
(0.0609521 -0.095788 0)
(0.0625084 -0.0690155 0)
(0.0644369 -0.0803084 0)
(0.0617379 -0.0775684 0)
(0.0521762 -0.0572656 0)
(0.00556789 -0.0267395 0)
(0.00492413 -0.0313918 0)
(-0.0275029 -0.0528717 0)
(-0.0351184 0.0205524 0)
(-0.0170533 0.0676763 0)
(-0.00249015 0.0540725 0)
(0.00334233 0.025203 0)
(0.00398729 -0.00312261 0)
(0.00509424 -0.0288975 0)
(0.00825161 -0.0545901 0)
(0.0131192 -0.0756048 0)
(0.0181 -0.0901812 0)
(0.0223498 -0.0988084 0)
(0.0250795 -0.1062 0)
(0.0257982 -0.113821 0)
(0.0245131 -0.119053 0)
(0.0211998 -0.1195 0)
(0.0172904 -0.11234 0)
(0.0173107 -0.0971708 0)
(0.0245201 -0.0824889 0)
(0.0298708 -0.0720123 0)
(0.0273885 -0.0649565 0)
(0.0239389 -0.0455864 0)
(-0.00551953 -0.0283832 0)
(-0.0113747 -0.0148246 0)
(-0.0342663 -0.0159804 0)
(-0.0441903 0.0209583 0)
(-0.034036 0.0468418 0)
(-0.0173276 0.0407383 0)
(-0.00719108 0.0187039 0)
(-0.00202905 -0.00671128 0)
(0.0010261 -0.032136 0)
(0.00304084 -0.0580654 0)
(0.00415068 -0.079057 0)
(0.00481478 -0.0932305 0)
(0.00500908 -0.100812 0)
(0.00434784 -0.106798 0)
(0.00255827 -0.11265 0)
(-0.000663376 -0.116087 0)
(-0.00506637 -0.115362 0)
(-0.00935542 -0.108872 0)
(-0.0108599 -0.0966856 0)
(-0.00824579 -0.0829617 0)
(-0.00566141 -0.0729508 0)
(-0.00491158 -0.0615847 0)
(-0.00261318 -0.0435953 0)
(-0.0151565 -0.0168 0)
(-0.0218707 -0.00566833 0)
(-0.0371874 0.00339583 0)
(-0.0439913 0.0207165 0)
(-0.0369158 0.0333847 0)
(-0.0244527 0.0276145 0)
(-0.014469 0.0102233 0)
(-0.00817108 -0.0117414 0)
(-0.00453813 -0.0350265 0)
(-0.00346974 -0.0586706 0)
(-0.00496119 -0.0787189 0)
(-0.007476 -0.0921786 0)
(-0.0102612 -0.0994003 0)
(-0.0130625 -0.105172 0)
(-0.0163371 -0.109995 0)
(-0.0206203 -0.112555 0)
(-0.0255803 -0.111687 0)
(-0.0302289 -0.106557 0)
(-0.0330417 -0.0973312 0)
(-0.0331941 -0.0859843 0)
(-0.0326894 -0.0744943 0)
(-0.0311168 -0.0616916 0)
(-0.0260054 -0.0453971 0)
(-0.017014 0.000305285 0)
(-0.0251912 0.00762169 0)
(-0.0359172 0.0130028 0)
(-0.0402427 0.0211895 0)
(-0.0360036 0.0245477 0)
(-0.0274544 0.0176152 0)
(-0.0196632 0.00262709 0)
(-0.0143602 -0.0164981 0)
(-0.0116502 -0.0371565 0)
(-0.0116491 -0.0576204 0)
(-0.014365 -0.0754414 0)
(-0.0188424 -0.0881605 0)
(-0.0234182 -0.0957857 0)
(-0.0275142 -0.101505 0)
(-0.0319002 -0.105684 0)
(-0.0369215 -0.107677 0)
(-0.042246 -0.1068 0)
(-0.0471957 -0.102621 0)
(-0.0508728 -0.0952627 0)
(-0.0527232 -0.0856477 0)
(-0.0536381 -0.0748096 0)
(-0.0522025 -0.0625218 0)
(-0.0464379 -0.0478153 0)
(-0.0152273 0.0182137 0)
(-0.0236222 0.0191885 0)
(-0.0322838 0.0202478 0)
(-0.0358863 0.021479 0)
(-0.033823 0.0193251 0)
(-0.0286617 0.0109194 0)
(-0.0235542 -0.00284595 0)
(-0.0200928 -0.0197827 0)
(-0.0188293 -0.0379775 0)
(-0.0200652 -0.0557286 0)
(-0.0236373 -0.0712343 0)
(-0.0286862 -0.0829366 0)
(-0.0340055 -0.0909476 0)
(-0.0391413 -0.0967121 0)
(-0.0444412 -0.100536 0)
(-0.0500313 -0.102237 0)
(-0.0556931 -0.10147 0)
(-0.0609838 -0.0980143 0)
(-0.0653167 -0.091964 0)
(-0.0682445 -0.0838075 0)
(-0.0702646 -0.0741001 0)
(-0.0694707 -0.0629336 0)
(-0.0642293 -0.0496516 0)
(-0.0128433 0.0333996 0)
(-0.0206549 0.0295539 0)
(-0.0282042 0.0262195 0)
(-0.0318014 0.0226614 0)
(-0.0315185 0.0167933 0)
(-0.0290164 0.00712145 0)
(-0.0263493 -0.00599412 0)
(-0.024785 -0.0212866 0)
(-0.0249573 -0.0373886 0)
(-0.027146 -0.0529407 0)
(-0.0312253 -0.066603 0)
(-0.0365534 -0.0774403 0)
(-0.0423162 -0.0854006 0)
(-0.0481509 -0.0911025 0)
(-0.0540996 -0.0947421 0)
(-0.0601617 -0.0963594 0)
(-0.0661634 -0.0957979 0)
(-0.071798 -0.0929591 0)
(-0.0766687 -0.0879277 0)
(-0.0804161 -0.0809881 0)
(-0.0833312 -0.0724625 0)
(-0.083457 -0.0624946 0)
(-0.0792666 -0.0504028 0)
(-0.0109389 0.0470081 0)
(-0.017801 0.0388009 0)
(-0.0245595 0.0317503 0)
(-0.0282926 0.024692 0)
(-0.0293093 0.0162667 0)
(-0.028752 0.00560596 0)
(-0.0280081 -0.00713982 0)
(-0.0280339 -0.021214 0)
(-0.0294009 -0.0356553 0)
(-0.0323508 -0.0494618 0)
(-0.0367862 -0.0616928 0)
(-0.0422831 -0.0716988 0)
(-0.048316 -0.0793632 0)
(-0.054573 -0.0849073 0)
(-0.0609552 -0.0884664 0)
(-0.0673672 -0.0901121 0)
(-0.0736591 -0.089795 0)
(-0.0796154 -0.0874997 0)
(-0.0849414 -0.083303 0)
(-0.0893185 -0.0773832 0)
(-0.0930505 -0.0699405 0)
(-0.0940837 -0.0610609 0)
(-0.090965 -0.0499957 0)
(-0.00944482 0.0588824 0)
(-0.0153178 0.0469369 0)
(-0.0213719 0.0369165 0)
(-0.0251338 0.0273172 0)
(-0.0269843 0.0171153 0)
(-0.0277441 0.00574088 0)
(-0.0283817 -0.00675609 0)
(-0.0296012 -0.0199115 0)
(-0.0318682 -0.0330656 0)
(-0.035382 -0.0455031 0)
(-0.0400848 -0.0565662 0)
(-0.0457006 -0.0658008 0)
(-0.0518776 -0.0730561 0)
(-0.0583585 -0.0783894 0)
(-0.0649825 -0.0818807 0)
(-0.0716197 -0.0835852 0)
(-0.0781316 -0.083515 0)
(-0.0843435 -0.0816916 0)
(-0.0900263 -0.0781875 0)
(-0.0949251 -0.0731208 0)
(-0.0992739 -0.0666136 0)
(-0.101146 -0.0587044 0)
(-0.0990457 -0.0485582 0)
(-0.00810483 0.0691086 0)
(-0.0129882 0.0539909 0)
(-0.0183098 0.0416551 0)
(-0.0219066 0.0302246 0)
(-0.0241835 0.0188093 0)
(-0.0257493 0.00697044 0)
(-0.0272969 -0.00530356 0)
(-0.0293371 -0.0177274 0)
(-0.032229 -0.0298583 0)
(-0.0361303 -0.041201 0)
(-0.041009 -0.0512985 0)
(-0.0466824 -0.0598244 0)
(-0.0529057 -0.0666347 0)
(-0.0594619 -0.0717239 0)
(-0.0661849 -0.0751272 0)
(-0.0729326 -0.0768907 0)
(-0.0795668 -0.0770428 0)
(-0.0859454 -0.0756247 0)
(-0.0918786 -0.0727004 0)
(-0.0971244 -0.0683511 0)
(-0.101982 -0.0626568 0)
(-0.104476 -0.0556002 0)
(-0.103155 -0.0463191 0)
(-0.00665161 0.077697 0)
(-0.0105107 0.0599259 0)
(-0.0149812 0.045833 0)
(-0.0182053 0.0331246 0)
(-0.020578 0.0209288 0)
(-0.0225554 0.00885061 0)
(-0.0246381 -0.00316996 0)
(-0.027188 -0.014965 0)
(-0.0304703 -0.0262461 0)
(-0.0346036 -0.03668 0)
(-0.0395669 -0.0459539 0)
(-0.0452318 -0.0538359 0)
(-0.0514171 -0.060205 0)
(-0.0579431 -0.0650315 0)
(-0.0646509 -0.0683309 0)
(-0.0713985 -0.0701345 0)
(-0.0780554 -0.0704782 0)
(-0.0844958 -0.0694064 0)
(-0.0905546 -0.0669731 0)
(-0.0960399 -0.0632396 0)
(-0.101173 -0.0582491 0)
(-0.104143 -0.051963 0)
(-0.103469 -0.0435079 0)
(-0.00491602 0.0844431 0)
(-0.00763544 0.0646109 0)
(-0.0111116 0.0492872 0)
(-0.0137697 0.0357704 0)
(-0.0159793 0.0231534 0)
(-0.0180731 0.011044 0)
(-0.0204045 -0.000659437 0)
(-0.0232196 -0.0118703 0)
(-0.0267026 -0.0224083 0)
(-0.0309352 -0.0320581 0)
(-0.0358962 -0.0406113 0)
(-0.0414864 -0.0479068 0)
(-0.0475631 -0.0538514 0)
(-0.0539736 -0.0584122 0)
(-0.0605724 -0.0615934 0)
(-0.0672241 -0.0634194 0)
(-0.0738056 -0.0639237 0)
(-0.0802056 -0.063148 0)
(-0.0862804 -0.0611374 0)
(-0.0918297 -0.0579359 0)
(-0.0971357 -0.0535677 0)
(-0.10037 -0.0479832 0)
(-0.10007 -0.0403233 0)
(-0.00281382 0.0890033 0)
(-0.00428124 0.0678647 0)
(-0.00660751 0.0518542 0)
(-0.00853561 0.0379624 0)
(-0.0103851 0.0252432 0)
(-0.0123762 0.0132994 0)
(-0.0147397 0.00199636 0)
(-0.0176317 -0.00863612 0)
(-0.0211636 -0.0184912 0)
(-0.0253835 -0.0274383 0)
(-0.0302622 -0.035345 0)
(-0.0357142 -0.0421035 0)
(-0.0416192 -0.0476465 0)
(-0.0478442 -0.0519462 0)
(-0.0542564 -0.0550034 0)
(-0.0607295 -0.0568365 0)
(-0.0671494 -0.0574754 0)
(-0.073414 -0.0569556 0)
(-0.079391 -0.0553142 0)
(-0.0849184 -0.0525806 0)
(-0.0901962 -0.0487718 0)
(-0.0935832 -0.0438275 0)
(-0.0935889 -0.0369434 0)
(-0.000405224 0.0910004 0)
(-0.000518017 0.0694855 0)
(-0.00158892 0.0533902 0)
(-0.0026548 0.0395407 0)
(-0.00399227 0.0270142 0)
(-0.00571259 0.0154245 0)
(-0.00793655 0.00461865 0)
(-0.0107579 -0.00541431 0)
(-0.0142137 -0.0146152 0)
(-0.018324 -0.0229114 0)
(-0.0230465 -0.0302248 0)
(-0.0282993 -0.0364868 0)
(-0.033975 -0.0416526 0)
(-0.0399539 -0.0457017 0)
(-0.0461145 -0.048634 0)
(-0.0523395 -0.0504645 0)
(-0.0585225 -0.0512178 0)
(-0.0645716 -0.0509238 0)
(-0.070366 -0.049611 0)
(-0.0757331 -0.0472999 0)
(-0.080924 -0.0440006 0)
(-0.0843042 -0.0396584 0)
(-0.084441 -0.0335143 0)
(0.00205807 0.0900284 0)
(0.00333129 0.0693698 0)
(0.00364468 0.0537989 0)
(0.00352219 0.0403915 0)
(0.00281388 0.0283333 0)
(0.00150415 0.0172767 0)
(-0.000433283 0.0070692 0)
(-0.00304887 -0.00233257 0)
(-0.00631983 -0.0108863 0)
(-0.0102316 -0.0185603 0)
(-0.0147264 -0.0253168 0)
(-0.0197201 -0.031115 0)
(-0.0251117 -0.0359265 0)
(-0.0307902 -0.039737 0)
(-0.0366429 -0.0425473 0)
(-0.0425609 -0.0443691 0)
(-0.0484459 -0.0452224 0)
(-0.0542118 -0.0451311 0)
(-0.0597443 -0.0441163 0)
(-0.0649069 -0.0421941 0)
(-0.0698688 -0.0393679 0)
(-0.0731839 -0.035582 0)
(-0.0734471 -0.0301548 0)
(0.00433984 0.08623 0)
(0.00693924 0.0675058 0)
(0.00866034 0.0530076 0)
(0.00954696 0.0404093 0)
(0.00956152 0.0290705 0)
(0.00877262 0.0187127 0)
(0.00722781 0.00920397 0)
(0.0049386 0.000498276 0)
(0.00196451 -0.00739379 0)
(-0.00165095 -0.0144625 0)
(-0.00584384 -0.0206889 0)
(-0.0105185 -0.0260457 0)
(-0.0155719 -0.0305212 0)
(-0.0208984 -0.034105 0)
(-0.026393 -0.0367971 0)
(-0.0319534 -0.038606 0)
(-0.0374878 -0.0395473 0)
(-0.0429169 -0.0396395 0)
(-0.0481381 -0.0388979 0)
(-0.0530011 -0.0373326 0)
(-0.0577177 -0.0349397 0)
(-0.0608757 -0.0316795 0)
(-0.0611123 -0.0269233 0)
(0.00616105 0.0799421 0)
(0.00994761 0.0639501 0)
(0.0130286 0.0510022 0)
(0.0149423 0.0395338 0)
(0.0157464 0.0291405 0)
(0.0155701 0.0196371 0)
(0.0145191 0.0109237 0)
(0.012654 0.00296067 0)
(0.0100623 -0.00425183 0)
(0.00682149 -0.0107072 0)
(0.00301444 -0.0164047 0)
(-0.00126453 -0.0213377 0)
(-0.00592202 -0.0254923 0)
(-0.0108471 -0.0288556 0)
(-0.0159363 -0.031431 0)
(-0.0210935 -0.0332228 0)
(-0.0262335 -0.034241 0)
(-0.0312811 -0.0344985 0)
(-0.0361384 -0.0340058 0)
(-0.0406859 -0.0327656 0)
(-0.0450641 -0.0307762 0)
(-0.0480392 -0.0279914 0)
(-0.048293 -0.0238754 0)
(0.00731708 0.0717391 0)
(0.0121132 0.0589149 0)
(0.0163921 0.0478313 0)
(0.0192929 0.0377343 0)
(0.0209132 0.0284727 0)
(0.0214118 0.0199602 0)
(0.0209329 0.0121357 0)
(0.0195782 0.004973 0)
(0.0174492 -0.00153215 0)
(0.0146563 -0.00737329 0)
(0.0112941 -0.0125505 0)
(0.00746504 -0.0170583 0)
(0.0032708 -0.0208902 0)
(-0.00118975 -0.0240396 0)
(-0.00582649 -0.0264976 0)
(-0.0105396 -0.0282623 0)
(-0.0152454 -0.0293439 0)
(-0.0198743 -0.0297486 0)
(-0.0243369 -0.0294809 0)
(-0.0285039 -0.0285387 0)
(-0.0325486 -0.0269155 0)
(-0.0352801 -0.0245788 0)
(-0.0354654 -0.0210459 0)
(0.00776979 0.0623922 0)
(0.0133268 0.0527283 0)
(0.0185708 0.043626 0)
(0.0223484 0.0350417 0)
(0.0247527 0.0270435 0)
(0.0259401 0.0196278 0)
(0.0260736 0.0127697 0)
(0.0252831 0.00645885 0)
(0.02368 0.000692169 0)
(0.0213958 -0.00452104 0)
(0.018536 -0.00917669 0)
(0.0152086 -0.0132671 0)
(0.0115162 -0.0167806 0)
(0.00755677 -0.0197053 0)
(0.00342368 -0.0220349 0)
(-0.000795815 -0.0237669 0)
(-0.00503193 -0.0248961 0)
(-0.00921159 -0.0254244 0)
(-0.0132451 -0.0253553 0)
(-0.0170314 -0.024683 0)
(-0.0206817 -0.0233963 0)
(-0.0231586 -0.0214633 0)
(-0.0233317 -0.0184666 0)
(0.00763198 0.052703 0)
(0.0136852 0.0457866 0)
(0.0195842 0.0385966 0)
(0.0240578 0.0315613 0)
(0.0271459 0.024893 0)
(0.0289761 0.0186391 0)
(0.0297122 0.0127988 0)
(0.0294948 0.00737473 0)
(0.0284505 0.00236945 0)
(0.0267114 -0.00220372 0)
(0.0243928 -0.00633253 0)
(0.0216048 -0.0100026 0)
(0.0184497 -0.0131964 0)
(0.015023 -0.0158966 0)
(0.0114141 -0.0180891 0)
(0.00770625 -0.0197647 0)
(0.00397227 -0.0209201 0)
(0.000277038 -0.0215549 0)
(-0.00330957 -0.0216579 0)
(-0.00667165 -0.0212199 0)
(-0.00994408 -0.0202249 0)
(-0.0121306 -0.0186632 0)
(-0.0121973 -0.0161379 0)
(0.00710324 0.0431834 0)
(0.013381 0.0384662 0)
(0.0196217 0.0330072 0)
(0.024556 0.0274694 0)
(0.0281629 0.0221301 0)
(0.0305283 0.0170536 0)
(0.0318018 0.0122482 0)
(0.0321245 0.00772186 0)
(0.0316254 0.00348459 0)
(0.0304336 -0.000445023 0)
(0.0286665 -0.00404563 0)
(0.0264321 -0.00729362 0)
(0.0238303 -0.0101635 0)
(0.0209522 -0.0126311 0)
(0.0178829 -0.0146764 0)
(0.0147005 -0.0162843 0)
(0.0114735 -0.0174447 0)
(0.00826139 -0.018149 0)
(0.0051386 -0.0183883 0)
(0.00219845 -0.0181495 0)
(-0.000653665 -0.0174188 0)
(-0.00254429 -0.0161691 0)
(-0.00256788 -0.0141004 0)
(0.00635224 0.0342022 0)
(0.012656 0.0310946 0)
(0.0189334 0.0271405 0)
(0.0240757 0.0229892 0)
(0.0279993 0.0189194 0)
(0.0307477 0.014986 0)
(0.0324488 0.0111934 0)
(0.0332347 0.00754766 0)
(0.0332272 0.0040641 0)
(0.0325484 0.000767157 0)
(0.0313101 -0.00231269 0)
(0.0296151 -0.00514213 0)
(0.0275573 -0.00768701 0)
(0.0252223 -0.00991583 0)
(0.0226892 -0.0118021 0)
(0.0200304 -0.0133253 0)
(0.0173099 -0.0144701 0)
(0.0145824 -0.015223 0)
(0.0119165 -0.0155687 0)
(0.00940517 -0.0154886 0)
(0.00694052 -0.0149687 0)
(0.00533236 -0.0139947 0)
(0.00540278 -0.0123377 0)
(0.0055905 0.0259792 0)
(0.0117087 0.0239417 0)
(0.0177731 0.0212692 0)
(0.022877 0.018359 0)
(0.0269034 0.0154545 0)
(0.0298611 0.0125873 0)
(0.031854 0.0097482 0)
(0.0329963 0.00693712 0)
(0.0333952 0.00417101 0)
(0.0331634 0.00147943 0)
(0.0324017 -0.00109886 0)
(0.031204 -0.00352163 0)
(0.0296558 -0.00574648 0)
(0.0278351 -0.00773473 0)
(0.025814 -0.00945392 0)
(0.0236582 -0.0108782 0)
(0.0214261 -0.0119875 0)
(0.0191682 -0.0127644 0)
(0.0169486 -0.013189 0)
(0.0148375 -0.0132412 0)
(0.0127706 -0.012901 0)
(0.0114168 -0.0121612 0)
(0.0115129 -0.010824 0)
(0.00497095 0.0185736 0)
(0.010682 0.017238 0)
(0.0163111 0.0156412 0)
(0.0211655 0.0138057 0)
(0.0251029 0.0119301 0)
(0.0281043 0.0100191 0)
(0.030248 0.008045 0)
(0.0316256 0.00599836 0)
(0.0323304 0.00389407 0)
(0.0324596 0.00176507 0)
(0.0321008 -0.000343189 0)
(0.031337 -0.00238079 0)
(0.0302433 -0.00429806 0)
(0.0288887 -0.00605012 0)
(0.0273367 -0.00759905 0)
(0.0256462 -0.00891457 0)
(0.023869 -0.0099724 0)
(0.0220507 -0.0107513 0)
(0.020246 -0.0112281 0)
(0.0185288 -0.0113789 0)
(0.0168193 -0.0111797 0)
(0.015718 -0.0106366 0)
(0.0159027 -0.00955363 0)
(0.00447145 0.0118816 0)
(0.00958414 0.0111717 0)
(0.0146417 0.0104669 0)
(0.0190877 0.0095217 0)
(0.0227809 0.0085153 0)
(0.0256823 0.00742976 0)
(0.0278453 0.00621471 0)
(0.0293414 0.00484668 0)
(0.0302479 0.00333389 0)
(0.0306439 0.00171211 0)
(0.0306042 3.16133e-05 0)
(0.0301988 -0.00165129 0)
(0.0294916 -0.00328108 0)
(0.0285412 -0.00480766 0)
(0.0274026 -0.00618891 0)
(0.0261263 -0.00739071 0)
(0.0247578 -0.0083856 0)
(0.0233372 -0.00914879 0)
(0.0219147 -0.00965436 0)
(0.0205448 -0.00987344 0)
(0.0191796 -0.00978354 0)
(0.0183142 -0.00938633 0)
(0.0185242 -0.00852797 0)
(0.00396041 0.00590926 0)
(0.00838994 0.00583306 0)
(0.0127772 0.00585401 0)
(0.0167162 0.00562323 0)
(0.0200598 0.00533199 0)
(0.0227535 0.00494098 0)
(0.0248292 0.00437371 0)
(0.0263405 0.00358916 0)
(0.0273498 0.00258988 0)
(0.0279209 0.00141174 0)
(0.0281148 0.000109104 0)
(0.0279883 -0.0012567 0)
(0.0275937 -0.00262543 0)
(0.0269793 -0.00394321 0)
(0.0261905 -0.00516467 0)
(0.02527 -0.00625305 0)
(0.0242567 -0.00717836 0)
(0.0231846 -0.00791336 0)
(0.0220965 -0.00842925 0)
(0.021048 -0.00869448 0)
(0.0199817 -0.00868338 0)
(0.0193277 -0.00840672 0)
(0.0195954 -0.00773374 0)
(0.00331645 0.000695528 0)
(0.00706547 0.00129728 0)
(0.0107461 0.00188392 0)
(0.0141254 0.00219699 0)
(0.0170516 0.00247333 0)
(0.0194574 0.00264984 0)
(0.0213588 0.00261942 0)
(0.0227967 0.0023223 0)
(0.0238206 0.00175451 0)
(0.0244814 0.000951877 0)
(0.0248268 -2.77164e-05 0)
(0.024901 -0.00111887 0)
(0.0247446 -0.00225791 0)
(0.0243958 -0.00338832 0)
(0.0238908 -0.00446265 0)
(0.0232644 -0.00544262 0)
(0.0225484 -0.00629652 0)
(0.0217718 -0.00699583 0)
(0.020973 -0.00750898 0)
(0.0201901 -0.00780441 0)
(0.0193913 -0.00785451 0)
(0.0189263 -0.00766613 0)
(0.0191907 -0.00716351 0)
(0.00245783 -0.00360052 0)
(0.00565275 -0.00240567 0)
(0.00859777 -0.00143729 0)
(0.011398 -0.000733507 0)
(0.013867 -1.22467e-05 0)
(0.0159252 0.000622375 0)
(0.0175811 0.00102707 0)
(0.018869 0.00112451 0)
(0.0198296 0.000905988 0)
(0.0205022 0.000409264 0)
(0.0209223 -0.000304368 0)
(0.0211222 -0.00116609 0)
(0.0211317 -0.00211001 0)
(0.0209793 -0.00307794 0)
(0.0206924 -0.00402166 0)
(0.0202982 -0.00490194 0)
(0.0198219 -0.00568673 0)
(0.0192873 -0.0063461 0)
(0.0187236 -0.00684859 0)
(0.0181708 -0.00716061 0)
(0.0175957 -0.00725089 0)
(0.0172758 -0.00714319 0)
(0.0175772 -0.00678434 0)
(0.0013277 -0.00691641 0)
(0.00418107 -0.00532377 0)
(0.00641855 -0.00416742 0)
(0.0086456 -0.00319826 0)
(0.0106298 -0.00212396 0)
(0.0122898 -0.00112071 0)
(0.0136378 -0.000372189 0)
(0.0147085 3.17991e-05 0)
(0.0155359 8.31364e-05 0)
(0.016149 -0.000176374 0)
(0.0165722 -0.000681226 0)
(0.016827 -0.00136004 0)
(0.0169334 -0.00214537 0)
(0.0169108 -0.00297865 0)
(0.0167789 -0.0038114 0)
(0.0165574 -0.00460457 0)
(0.0162652 -0.00532585 0)
(0.0159201 -0.00594542 0)
(0.0155475 -0.00643115 0)
(0.0151741 -0.00674749 0)
(0.014777 -0.00687088 0)
(0.0145784 -0.00681122 0)
(0.0148445 -0.00659674 0)
(-5.56203e-05 -0.00908577 0)
(0.00262005 -0.00711753 0)
(0.0042599 -0.00606971 0)
(0.00596261 -0.00497548 0)
(0.00745205 -0.00364505 0)
(0.00867197 -0.00237081 0)
(0.00965867 -0.00137701 0)
(0.0104537 -0.000758372 0)
(0.0110862 -0.000518188 0)
(0.0115757 -0.000609096 0)
(0.0119365 -0.000962067 0)
(0.0121806 -0.00150422 0)
(0.0123193 -0.00216787 0)
(0.0123645 -0.00289495 0)
(0.0123286 -0.00363752 0)
(0.0122247 -0.00435722 0)
(0.0120654 -0.00502205 0)
(0.0118634 -0.00560259 0)
(0.0116365 -0.00606609 0)
(0.0114047 -0.00637899 0)
(0.0111581 -0.00650802 0)
(0.0110171 -0.00647728 0)
(0.0112443 -0.00640686 0)
(-0.00172251 -0.0102634 0)
(0.000615391 -0.00794411 0)
(0.00210547 -0.00690644 0)
(0.0033822 -0.005619 0)
(0.00438423 -0.00407758 0)
(0.00514174 -0.00262957 0)
(0.00573563 -0.0014965 0)
(0.00621737 -0.000761843 0)
(0.0066109 -0.0004197 0)
(0.00692711 -0.000417282 0)
(0.0071719 -0.000683631 0)
(0.00734978 -0.00114571 0)
(0.00746554 -0.00173695 0)
(0.0075247 -0.00240022 0)
(0.00753375 -0.00308893 0)
(0.00749967 -0.00376536 0)
(0.00742966 -0.00439869 0)
(0.00733118 -0.00495975 0)
(0.00721535 -0.0054169 0)
(0.0070952 -0.00573426 0)
(0.00695926 -0.00587572 0)
(0.00685162 -0.00586184 0)
(0.00689585 -0.00596423 0)
(-0.006842 -0.00640027 0)
(-0.000770489 -0.0128044 0)
(0.000253678 -0.0103062 0)
(0.000962365 -0.00804924 0)
(0.00139851 -0.0060193 0)
(0.00167569 -0.00430892 0)
(0.00187879 -0.00302545 0)
(0.00204347 -0.00219474 0)
(0.00218171 -0.00178159 0)
(0.00229704 -0.00171971 0)
(0.00239031 -0.00193244 0)
(0.00246197 -0.00234513 0)
(0.00251277 -0.00289076 0)
(0.00254401 -0.00351273 0)
(0.00255744 -0.00416454 0)
(0.00255517 -0.00480912 0)
(0.0025394 -0.00541593 0)
(0.00251269 -0.00595706 0)
(0.00247904 -0.0064021 0)
(0.00244323 -0.00671569 0)
(0.00240925 -0.00685716 0)
(0.00237112 -0.00680584 0)
(0.00233835 -0.00679841 0)
(0.0428054 -0.107243 0)
(0.0963064 -0.0931764 0)
(0.152147 -0.0873846 0)
(0.213557 -0.124771 0)
(0.12751 -0.129191 0)
(0.143895 -0.130405 0)
(0.165009 -0.13622 0)
(0.181296 -0.174203 0)
(0.144585 -0.150835 0)
(0.148962 -0.154635 0)
(0.152684 -0.161114 0)
(0.150793 -0.172716 0)
(0.143832 -0.148782 0)
(0.140981 -0.149384 0)
(0.135562 -0.14923 0)
(0.126434 -0.150049 0)
(0.140672 -0.138106 0)
(0.13405 -0.136391 0)
(0.126648 -0.132004 0)
(0.117395 -0.126539 0)
(0.143735 -0.125636 0)
(0.132662 -0.123191 0)
(0.120675 -0.117664 0)
(0.10863 -0.108822 0)
(0.142193 -0.0941747 0)
(0.128576 -0.0859794 0)
(0.114147 -0.0800694 0)
(0.0990389 -0.0760441 0)
(0.129333 -0.0863557 0)
(0.120956 -0.0805907 0)
(0.104104 -0.0741657 0)
(0.0882754 -0.0698003 0)
(0.0968797 -0.0290075 0)
(0.0880529 -0.00294833 0)
(0.073936 0.0186403 0)
(0.060394 0.0349616 0)
(0.0572202 -0.0475422 0)
(0.0519358 -0.02351 0)
(0.0492468 -0.00515019 0)
(0.0479549 0.00796051 0)
(0.0375321 -0.028188 0)
(0.032773 -0.00740154 0)
(0.0320451 0.00821068 0)
(0.0326393 0.019211 0)
(0.0144168 -0.0224768 0)
(0.0129461 -0.00717956 0)
(0.0151005 0.00577236 0)
(0.0187294 0.0166148 0)
(-0.00849403 -0.0239742 0)
(-0.00803517 -0.0118665 0)
(-0.00452603 -0.000677868 0)
(0.000406638 0.00963976 0)
(-0.030515 -0.0281759 0)
(-0.0295692 -0.0178793 0)
(-0.0262285 -0.0078348 0)
(-0.021407 0.00179183 0)
(-0.0510681 -0.0321058 0)
(-0.0505351 -0.0229201 0)
(-0.0478791 -0.0137016 0)
(-0.0437156 -0.00488221 0)
(-0.0697025 -0.0349078 0)
(-0.0697322 -0.0264059 0)
(-0.0678683 -0.0179581 0)
(-0.0645199 -0.0101427 0)
(-0.0855282 -0.0363171 0)
(-0.0862036 -0.0283723 0)
(-0.0850209 -0.0206462 0)
(-0.0823125 -0.0139296 0)
(-0.0980373 -0.0364789 0)
(-0.0991361 -0.0290425 0)
(-0.0985215 -0.0220555 0)
(-0.0964677 -0.0164234 0)
(-0.106559 -0.0355824 0)
(-0.108094 -0.0286776 0)
(-0.107911 -0.022401 0)
(-0.106274 -0.0178246 0)
(-0.111092 -0.0339399 0)
(-0.112815 -0.0275548 0)
(-0.112983 -0.021968 0)
(-0.111825 -0.0183353 0)
(-0.111432 -0.0317613 0)
(-0.113396 -0.0259098 0)
(-0.113808 -0.0209475 0)
(-0.112875 -0.0181514 0)
(-0.108109 -0.0292289 0)
(-0.110076 -0.0238944 0)
(-0.11066 -0.01951 0)
(-0.110056 -0.017438 0)
(-0.10135 -0.0264824 0)
(-0.1034 -0.0216522 0)
(-0.104074 -0.0177997 0)
(-0.103545 -0.0163572 0)
(-0.0920282 -0.0237118 0)
(-0.0939518 -0.0193622 0)
(-0.0946787 -0.0159942 0)
(-0.0943541 -0.0150812 0)
(-0.0805572 -0.0210364 0)
(-0.0824694 -0.0171525 0)
(-0.0831986 -0.0142174 0)
(-0.0828479 -0.0137325 0)
(-0.0679039 -0.0184868 0)
(-0.069631 -0.0150514 0)
(-0.0703412 -0.0125014 0)
(-0.0701338 -0.0123764 0)
(-0.0545245 -0.0160888 0)
(-0.0561937 -0.0130682 0)
(-0.056863 -0.0108776 0)
(-0.0565984 -0.0110445 0)
(-0.0413064 -0.0138897 0)
(-0.0427766 -0.0112551 0)
(-0.0434083 -0.00937986 0)
(-0.0432593 -0.00978814 0)
(-0.0285794 -0.0119228 0)
(-0.0299809 -0.00963546 0)
(-0.0305644 -0.00804121 0)
(-0.0303482 -0.00862662 0)
(-0.0170324 -0.0101434 0)
(-0.0182388 -0.00817585 0)
(-0.0187693 -0.00682103 0)
(-0.0186544 -0.00756182 0)
(-0.00682591 -0.00856862 0)
(-0.00795191 -0.0068584 0)
(-0.00842272 -0.00572996 0)
(-0.0082358 -0.00659846 0)
(0.00160633 -0.00721337 0)
(0.000665181 -0.00572344 0)
(0.000227587 -0.0047637 0)
(0.000357024 -0.00570229 0)
(0.008294 -0.00609011 0)
(0.0074574 -0.00479121 0)
(0.00711168 -0.00397409 0)
(0.00730425 -0.00493727 0)
(0.013107 -0.00518198 0)
(0.0124645 -0.00406727 0)
(0.0122022 -0.00338488 0)
(0.0123422 -0.00440448 0)
(0.0162564 -0.00449397 0)
(0.0157214 -0.00353732 0)
(0.0155439 -0.00297682 0)
(0.0157738 -0.00401117 0)
(0.0177134 -0.00403325 0)
(0.0173597 -0.00322904 0)
(0.0172656 -0.00276181 0)
(0.0174663 -0.00378928 0)
(0.0177717 -0.00381116 0)
(0.0175189 -0.00314481 0)
(0.0175008 -0.00276032 0)
(0.017787 -0.00374045 0)
(0.0164873 -0.00377432 0)
(0.0163839 -0.00324962 0)
(0.0164429 -0.0029233 0)
(0.0166995 -0.00385226 0)
(0.0141216 -0.0039004 0)
(0.0141177 -0.00350193 0)
(0.0142499 -0.00324285 0)
(0.0145783 -0.00408723 0)
(0.0107729 -0.00413049 0)
(0.0108998 -0.0039148 0)
(0.0111485 -0.00370114 0)
(0.0114908 -0.004427 0)
(0.00667957 -0.00399241 0)
(0.0069657 -0.00414146 0)
(0.00736967 -0.0040524 0)
(0.00784491 -0.00459298 0)
(0.00233391 -0.00572474 0)
(0.00249963 -0.00592763 0)
(0.00270855 -0.00593108 0)
(0.00287897 -0.00619669 0)
(0.234361 -0.288815 0)
(0.163256 -0.207697 0)
(0.160101 -0.0535316 0)
(0.17338 0.0746808 0)
(0.157692 0.0655821 0)
(0.128486 0.00601163 0)
(0.114133 -0.010192 0)
(0.109378 0.0208302 0)
(0.108882 0.0460546 0)
(0.110144 0.0501568 0)
(0.115366 0.0453398 0)
(0.123906 0.0398251 0)
(0.132434 0.0340938 0)
(0.135839 0.0253334 0)
(0.131619 0.0222963 0)
(0.119666 0.0346376 0)
(0.0940247 0.0774518 0)
(0.0459783 0.0932109 0)
(0.00242971 0.0588532 0)
(0.174039 -0.264476 0)
(0.0875234 -0.182259 0)
(0.0722068 -0.0505431 0)
(0.0994064 0.0539678 0)
(0.119267 0.079543 0)
(0.110618 0.0299849 0)
(0.0897963 0.00022474 0)
(0.0801301 0.0212907 0)
(0.0829827 0.0413732 0)
(0.0936266 0.0422078 0)
(0.1054 0.0361074 0)
(0.116068 0.030816 0)
(0.122447 0.0291692 0)
(0.120214 0.0293061 0)
(0.106719 0.0345413 0)
(0.0824426 0.0567502 0)
(0.0541316 0.107475 0)
(0.0304211 0.126892 0)
(0.0200199 0.083632 0)
(0.1275 -0.195269 0)
(0.0597505 -0.139243 0)
(0.0392789 -0.0517775 0)
(0.0547537 0.026157 0)
(0.0792266 0.0621018 0)
(0.0890693 0.0434748 0)
(0.0755915 0.0169321 0)
(0.0620828 0.0238226 0)
(0.0648927 0.0337173 0)
(0.0743284 0.0317827 0)
(0.0847518 0.026517 0)
(0.0909999 0.0255409 0)
(0.0905031 0.0312011 0)
(0.0797038 0.0409984 0)
(0.0581353 0.0538916 0)
(0.0329449 0.0822349 0)
(0.0182003 0.120565 0)
(0.0130978 0.135688 0)
(0.0189314 0.0997186 0)
(0.101461 -0.146526 0)
(0.0627556 -0.106394 0)
(0.0408843 -0.0478652 0)
(0.0429813 0.0100425 0)
(0.0583789 0.0421142 0)
(0.0671646 0.0409224 0)
(0.0614841 0.0304155 0)
(0.0514726 0.0290599 0)
(0.0487215 0.0292988 0)
(0.0514504 0.0248661 0)
(0.0518186 0.0228001 0)
(0.0478547 0.026399 0)
(0.0378483 0.0384012 0)
(0.0242558 0.0553424 0)
(0.0104664 0.0737468 0)
(-0.000852144 0.0964581 0)
(-0.00335661 0.121061 0)
(0.00112207 0.132327 0)
(0.0143604 0.107499 0)
(0.0976735 -0.116485 0)
(0.0663028 -0.082468 0)
(0.0449 -0.0363497 0)
(0.0389884 0.00705362 0)
(0.0432133 0.0334426 0)
(0.0463132 0.0396521 0)
(0.0415331 0.0366302 0)
(0.0333559 0.0348517 0)
(0.0264161 0.0331647 0)
(0.0193946 0.0279499 0)
(0.00967107 0.02737 0)
(-0.00010093 0.0337992 0)
(-0.00943163 0.0491736 0)
(-0.016466 0.0650466 0)
(-0.0211354 0.0806538 0)
(-0.0221318 0.098008 0)
(-0.0166497 0.115149 0)
(-0.00702204 0.123469 0)
(0.0098737 0.110007 0)
(0.0880693 -0.0925514 0)
(0.0609199 -0.0605474 0)
(0.0407779 -0.0227761 0)
(0.0302982 0.0113399 0)
(0.0271292 0.0337946 0)
(0.0245511 0.0424783 0)
(0.0181917 0.04326 0)
(0.00905394 0.0424673 0)
(-0.00086052 0.0409807 0)
(-0.0118504 0.0389612 0)
(-0.0234476 0.0390847 0)
(-0.0340579 0.0443225 0)
(-0.0416756 0.0552557 0)
(-0.0446957 0.0675906 0)
(-0.0437045 0.0800618 0)
(-0.0382541 0.0928939 0)
(-0.0273765 0.104791 0)
(-0.0142124 0.111426 0)
(0.00508767 0.107925 0)
(0.0745198 -0.0710024 0)
(0.0451217 -0.0425955 0)
(0.0260866 -0.0107004 0)
(0.0153182 0.0172076 0)
(0.00860719 0.0372895 0)
(0.00198407 0.0483469 0)
(-0.00663325 0.0527796 0)
(-0.0172441 0.0534127 0)
(-0.0290505 0.0522681 0)
(-0.0412379 0.049928 0)
(-0.0528019 0.0491017 0)
(-0.0622975 0.0517193 0)
(-0.0679864 0.0584875 0)
(-0.0685166 0.0666435 0)
(-0.0638769 0.0749761 0)
(-0.0541068 0.0834162 0)
(-0.0394182 0.0912724 0)
(-0.0228278 0.0965656 0)
(-0.00035789 0.100497 0)
(0.0487903 -0.0596538 0)
(0.00649032 -0.0299069 0)
(-0.00594792 -0.000914448 0)
(-0.00956895 0.0230038 0)
(-0.013382 0.0407668 0)
(-0.0202369 0.0517785 0)
(-0.0309444 0.0589645 0)
(-0.0437171 0.0630355 0)
(-0.05776 0.0651933 0)
(-0.0706833 0.0631793 0)
(-0.0816232 0.059505 0)
(-0.0896965 0.0582938 0)
(-0.0933384 0.0602275 0)
(-0.0919622 0.063231 0)
(-0.0850706 0.0668676 0)
(-0.0725237 0.0708829 0)
(-0.054954 0.0750391 0)
(-0.0349934 0.0786108 0)
(-0.00894349 0.0852489 0)
(0.0396695 0.0443979 0)
(0.0114234 0.0194239 0)
(-0.0167343 0.00846046 0)
(-0.0271791 0.0261545 0)
(-0.0380968 0.0426079 0)
(-0.0486035 0.0567942 0)
(-0.0583196 0.0648999 0)
(-0.0726415 0.0701586 0)
(-0.0867805 0.0710401 0)
(-0.0991959 0.0703505 0)
(-0.109911 0.0682713 0)
(-0.116643 0.065597 0)
(-0.119242 0.0622977 0)
(-0.11684 0.059309 0)
(-0.108289 0.0572813 0)
(-0.093848 0.056023 0)
(-0.0740608 0.0564625 0)
(-0.0511088 0.0571595 0)
(-0.0217169 0.0592962 0)
(0.0477066 0.0340585 0)
(0.0255942 0.0344814 0)
(0.00475598 0.0425114 0)
(-0.0138254 0.051019 0)
(-0.0335537 0.0719846 0)
(-0.0489649 0.0674363 0)
(-0.0637776 0.0663358 0)
(-0.0985679 0.0678305 0)
(-0.115961 0.0760095 0)
(-0.127079 0.0749852 0)
(-0.135834 0.069918 0)
(-0.141264 0.0655129 0)
(-0.144173 0.0627994 0)
(-0.141997 0.0569412 0)
(-0.133006 0.0481175 0)
(-0.116849 0.0403007 0)
(-0.094313 0.0359687 0)
(-0.0681586 0.0316888 0)
(-0.0361424 0.0183824 0)
(0.0414004 0.0318467 0)
(0.0322319 0.0455482 0)
(0.0177107 0.0468008 0)
(0.00196308 0.0583584 0)
(-0.0132424 0.0848293 0)
(-0.0285643 0.107962 0)
(-0.0587802 0.134982 0)
(-0.0849198 0.149546 0)
(-0.101925 0.0883221 0)
(-0.136551 0.0677613 0)
(-0.158597 0.0659678 0)
(-0.162172 0.0658765 0)
(-0.166643 0.059774 0)
(-0.163377 0.0484149 0)
(-0.155728 0.0376273 0)
(-0.138816 0.0237061 0)
(-0.112384 0.0124512 0)
(-0.0794713 -0.000381273 0)
(-0.0410706 -0.0306579 0)
(0.0301745 0.0306006 0)
(0.0290552 0.044347 0)
(0.0256205 0.0584194 0)
(0.0155728 0.0762931 0)
(0.000465911 0.0935939 0)
(-0.0198326 0.114507 0)
(-0.0432461 0.13403 0)
(-0.0584664 0.146137 0)
(-0.061825 0.147939 0)
(-0.0851008 0.164273 0)
(-0.129313 0.0908073 0)
(-0.158563 0.0473657 0)
(-0.184788 0.0462577 0)
(-0.179203 0.0426013 0)
(-0.17283 0.0248084 0)
(-0.152926 0.00211918 0)
(-0.126484 -0.0138073 0)
(-0.0870092 -0.0368518 0)
(-0.0423513 -0.074543 0)
(0.0136535 0.0237648 0)
(0.0150436 0.0434694 0)
(0.0159024 0.0618804 0)
(0.0134861 0.0832911 0)
(0.00640811 0.107512 0)
(-0.00412577 0.131771 0)
(-0.0145695 0.148209 0)
(-0.0199871 0.141156 0)
(-0.0284887 0.137837 0)
(-0.0475137 0.152186 0)
(-0.0644753 0.165795 0)
(-0.103033 0.14867 0)
(-0.15351 0.0871904 0)
(-0.164112 0.0172227 0)
(-0.179391 0.00335899 0)
(-0.161269 -0.0142491 0)
(-0.135325 -0.0375393 0)
(-0.093337 -0.0623456 0)
(-0.0533914 -0.107781 0)
(-0.00811947 0.0154672 0)
(-0.00552721 0.0375423 0)
(-0.00149091 0.0600059 0)
(0.00152924 0.0844651 0)
(0.0024849 0.110093 0)
(0.00266278 0.134468 0)
(0.00494091 0.147881 0)
(0.00682639 0.144202 0)
(0.004488 0.148042 0)
(-0.00576421 0.168264 0)
(-0.0291006 0.163596 0)
(-0.068067 0.151855 0)
(-0.0770774 0.125965 0)
(-0.0672502 0.0868438 0)
(-0.103804 0.0313761 0)
(-0.123546 -0.0590233 0)
(-0.117283 -0.062788 0)
(-0.0689748 -0.106076 0)
(-0.0661824 -0.197806 0)
(-0.0316178 0.00770829 0)
(-0.0286692 0.0304422 0)
(-0.0221247 0.0545515 0)
(-0.0145625 0.0799775 0)
(-0.00689397 0.10595 0)
(0.00245083 0.129519 0)
(0.0132423 0.142995 0)
(0.0187304 0.141781 0)
(0.0192832 0.148982 0)
(0.0186813 0.169533 0)
(0.0160978 0.189522 0)
(-0.000483882 0.174979 0)
(-0.00449293 0.105953 0)
(0.00390269 0.0597123 0)
(0.0352129 0.0500813 0)
(0.0472119 -0.0159583 0)
(0.0271445 -0.114833 0)
(0.0292209 -0.177061 0)
(0.0109155 -0.307067 0)
(-0.053686 0.000666964 0)
(-0.0511375 0.0228077 0)
(-0.0432852 0.0466829 0)
(-0.0329908 0.0712871 0)
(-0.0211405 0.0957054 0)
(-0.00658154 0.117579 0)
(0.00906936 0.132114 0)
(0.0208005 0.137817 0)
(0.0254922 0.147774 0)
(0.0317635 0.168017 0)
(0.0426542 0.182538 0)
(0.0586248 0.165873 0)
(0.0626528 0.106115 0)
(0.0668035 0.0523106 0)
(0.0783059 0.00832108 0)
(0.0968306 -0.0264193 0)
(0.102779 -0.0717524 0)
(0.0964289 -0.124837 0)
(0.0859775 -0.16837 0)
(-0.0727985 -0.0052494 0)
(-0.0710563 0.0152495 0)
(-0.0631111 0.0377184 0)
(-0.0518669 0.0604971 0)
(-0.0384578 0.082696 0)
(-0.0223995 0.102571 0)
(-0.00479628 0.117512 0)
(0.0105673 0.127873 0)
(0.0230036 0.139386 0)
(0.0375002 0.156157 0)
(0.0590111 0.164713 0)
(0.0854691 0.14923 0)
(0.103946 0.092043 0)
(0.108127 0.0391422 0)
(0.110584 -0.00141956 0)
(0.111175 -0.0381247 0)
(0.10366 -0.0760093 0)
(0.08563 -0.0943182 0)
(0.046492 -0.109434 0)
(-0.0879886 -0.00995752 0)
(-0.0873866 0.00836851 0)
(-0.0801581 0.0288557 0)
(-0.0692932 0.049407 0)
(-0.0561094 0.069209 0)
(-0.0403284 0.0871104 0)
(-0.0229321 0.101879 0)
(-0.00560209 0.113508 0)
(0.0113683 0.125252 0)
(0.031255 0.136753 0)
(0.057341 0.141012 0)
(0.0862373 0.124748 0)
(0.107183 0.0837893 0)
(0.114809 0.0359537 0)
(0.113193 -0.000500739 0)
(0.106249 -0.0309775 0)
(0.0915028 -0.0545021 0)
(0.0675974 -0.0659489 0)
(0.0314273 -0.0590573 0)
(-0.0988817 -0.0134728 0)
(-0.0994301 0.00255971 0)
(-0.0933869 0.0208663 0)
(-0.0836898 0.0391084 0)
(-0.0717446 0.0565526 0)
(-0.05734 0.0724246 0)
(-0.0410619 0.0860163 0)
(-0.0238028 0.097376 0)
(-0.00538838 0.107286 0)
(0.0160769 0.115194 0)
(0.0414942 0.115718 0)
(0.068216 0.101606 0)
(0.0879542 0.0714913 0)
(0.0958391 0.03695 0)
(0.09459 0.00630239 0)
(0.0864774 -0.0175843 0)
(0.0707907 -0.0337213 0)
(0.0482553 -0.0366288 0)
(0.0205734 -0.0251949 0)
(-0.105166 -0.0158989 0)
(-0.106877 -0.00204893 0)
(-0.102147 0.0141162 0)
(-0.0939512 0.0301575 0)
(-0.0836994 0.0453985 0)
(-0.0711781 0.0592726 0)
(-0.0567305 0.0713029 0)
(-0.0407526 0.0813085 0)
(-0.0231378 0.0893408 0)
(-0.00306038 0.0943167 0)
(0.0196704 0.093043 0)
(0.0421494 0.0817698 0)
(0.058969 0.0598476 0)
(0.0667942 0.03406 0)
(0.0662483 0.0108575 0)
(0.0589439 -0.00733329 0)
(0.0457832 -0.0173917 0)
(0.0287168 -0.0159737 0)
(0.010295 -0.00225711 0)
(-0.107049 -0.0173862 0)
(-0.109656 -0.00551167 0)
(-0.106191 0.00868045 0)
(-0.0995206 0.0227208 0)
(-0.0910281 0.0359712 0)
(-0.0805011 0.0479872 0)
(-0.0681442 0.0583869 0)
(-0.0541664 0.066889 0)
(-0.038559 0.0731703 0)
(-0.0211457 0.0762861 0)
(-0.00234215 0.0743072 0)
(0.0158039 0.0652407 0)
(0.029523 0.0494541 0)
(0.036407 0.0306875 0)
(0.0367059 0.0132874 0)
(0.0316551 0.000192938 0)
(0.0227236 -0.00603267 0)
(0.0122414 -0.00306796 0)
(0.00182605 0.0104299 0)
(-0.104712 -0.0181128 0)
(-0.108074 -0.00797869 0)
(-0.105677 0.00445389 0)
(-0.100371 0.0167203 0)
(-0.093482 0.0282129 0)
(-0.0848081 0.0385641 0)
(-0.0744963 0.0474458 0)
(-0.0626982 0.0545426 0)
(-0.049514 0.059455 0)
(-0.035085 0.0614455 0)
(-0.0200313 0.0593854 0)
(-0.00590035 0.0523679 0)
(0.00501238 0.0408027 0)
(0.0110724 0.0271762 0)
(0.0122956 0.0144546 0)
(0.00973652 0.00486004 0)
(0.0048348 0.000376455 0)
(0.000480636 0.00260063 0)
(-0.00394736 0.0123729 0)
(-0.0988044 -0.0182605 0)
(-0.102615 -0.00964371 0)
(-0.101087 0.00124448 0)
(-0.0969088 0.0119528 0)
(-0.0913684 0.0219154 0)
(-0.084281 0.0308164 0)
(-0.0757752 0.0383703 0)
(-0.0659959 0.0442782 0)
(-0.0551121 0.0481719 0)
(-0.043398 0.0495279 0)
(-0.0314598 0.0477093 0)
(-0.0204207 0.0423407 0)
(-0.0117143 0.0338862 0)
(-0.0063328 0.0238981 0)
(-0.00425552 0.0143262 0)
(-0.00468321 0.00683798 0)
(-0.00614464 0.00281491 0)
(-0.00644153 0.00324641 0)
(-0.00728345 0.00801628 0)
(-0.0898664 -0.0180013 0)
(-0.0940245 -0.010701 0)
(-0.0931357 -0.00116185 0)
(-0.0898404 0.00817777 0)
(-0.0853798 0.0168152 0)
(-0.0795811 0.0244701 0)
(-0.0725703 0.0308974 0)
(-0.0644939 0.0358365 0)
(-0.0555508 0.0389861 0)
(-0.0460452 0.0399874 0)
(-0.0364956 0.0384901 0)
(-0.0276916 0.0343745 0)
(-0.0205335 0.0280398 0)
(-0.0156146 0.0204986 0)
(-0.0128983 0.013019 0)
(-0.0117189 0.00672833 0)
(-0.0110411 0.00252446 0)
(-0.00899771 0.000920665 0)
(-0.00782032 0.0015416 0)
(-0.0787974 -0.0174741 0)
(-0.0830542 -0.0113136 0)
(-0.0826506 -0.00296238 0)
(-0.0800338 0.00517402 0)
(-0.0764187 0.012661 0)
(-0.0716421 0.0192464 0)
(-0.0658292 0.0247229 0)
(-0.0591258 0.0288748 0)
(-0.0517327 0.0314669 0)
(-0.0439368 0.0322561 0)
(-0.0361571 0.0310513 0)
(-0.0289487 0.0278426 0)
(-0.0228868 0.0229451 0)
(-0.0183347 0.017024 0)
(-0.0152494 0.0108989 0)
(-0.0131988 0.00531277 0)
(-0.0113242 0.000800697 0)
(-0.00848339 -0.0024133 0)
(-0.0065502 -0.0048451 0)
(-0.0662515 -0.0167706 0)
(-0.0705611 -0.011605 0)
(-0.0704927 -0.00430872 0)
(-0.0683973 0.00276491 0)
(-0.0654481 0.0092485 0)
(-0.0614839 0.0149109 0)
(-0.0566299 0.0195804 0)
(-0.0510259 0.0230832 0)
(-0.0448607 0.0252393 0)
(-0.0383879 0.0258829 0)
(-0.0319412 0.0249092 0)
(-0.0259199 0.0223493 0)
(-0.02071 0.018441 0)
(-0.016552 0.0136258 0)
(-0.0134359 0.00843591 0)
(-0.0110521 0.00334242 0)
(-0.00895992 -0.00135731 0)
(-0.00618096 -0.00562965 0)
(-0.00433701 -0.00979664 0)
(-0.0530975 -0.0159612 0)
(-0.0572909 -0.0116652 0)
(-0.057479 -0.00530915 0)
(-0.055797 0.000822413 0)
(-0.0533843 0.00642717 0)
(-0.0500809 0.0112893 0)
(-0.0460115 0.015269 0)
(-0.0413068 0.0182289 0)
(-0.0361386 0.020032 0)
(-0.0307264 0.0205637 0)
(-0.0253386 0.0197656 0)
(-0.0202753 0.0176806 0)
(-0.0158154 0.0144852 0)
(-0.0121411 0.0104783 0)
(-0.00927218 0.00600784 0)
(-0.0070792 0.00136972 0)
(-0.00520701 -0.0032893 0)
(-0.0031652 -0.00798372 0)
(-0.00204971 -0.0127892 0)
(-0.0398916 -0.0150977 0)
(-0.0439847 -0.0115593 0)
(-0.0443426 -0.00604029 0)
(-0.0429983 -0.000740156 0)
(-0.0410317 0.00409244 0)
(-0.0382842 0.0082599 0)
(-0.0348784 0.0116492 0)
(-0.0309353 0.0141526 0)
(-0.0266093 0.0156666 0)
(-0.0220899 0.0161109 0)
(-0.0175989 0.0154538 0)
(-0.0133738 0.0137383 0)
(-0.00963402 0.0110972 0)
(-0.00653586 0.00773774 0)
(-0.00414108 0.00389371 0)
(-0.00238126 -0.000249052 0)
(-0.00119046 -0.00461023 0)
(-0.000145242 -0.00917499 0)
(-3.19884e-05 -0.0137136 0)
(-0.0273346 -0.0142214 0)
(-0.0312002 -0.0113318 0)
(-0.031697 -0.00655472 0)
(-0.0306417 -0.00198211 0)
(-0.0290541 0.00217215 0)
(-0.0267892 0.00573967 0)
(-0.0239626 0.00862642 0)
(-0.0206862 0.0107487 0)
(-0.0170976 0.0120287 0)
(-0.0133625 0.0124111 0)
(-0.00966951 0.0118801 0)
(-0.00621637 0.0104756 0)
(-0.00319003 0.00830121 0)
(-0.000738146 0.00551279 0)
(0.0010526 0.00228613 0)
(0.00213894 -0.00125339 0)
(0.00261061 -0.00508712 0)
(0.00247413 -0.00915513 0)
(0.00142248 -0.0126949 0)
(-0.0157877 -0.0133557 0)
(-0.0194475 -0.0110066 0)
(-0.020038 -0.00688856 0)
(-0.0192303 -0.00294986 0)
(-0.017969 0.000614081 0)
(-0.0161309 0.00366898 0)
(-0.0138203 0.006133 0)
(-0.0111398 0.00794188 0)
(-0.00821224 0.00903784 0)
(-0.00518376 0.00938411 0)
(-0.00222091 0.00897773 0)
(0.000502809 0.00786656 0)
(0.00282054 0.0061446 0)
(0.00459242 0.00392296 0)
(0.0057106 0.00131536 0)
(0.00612073 -0.00158697 0)
(0.00570476 -0.00475855 0)
(0.00461171 -0.00804572 0)
(0.00255547 -0.0101088 0)
(-0.00568501 -0.0125216 0)
(-0.00905141 -0.0106153 0)
(-0.00973551 -0.00707463 0)
(-0.00913207 -0.00368648 0)
(-0.00815273 -0.000627003 0)
(-0.00669454 0.00199625 0)
(-0.00484635 0.00410949 0)
(-0.00270321 0.00566533 0)
(-0.00037524 0.00662574 0)
(0.00200587 0.00698034 0)
(0.00429252 0.00673607 0)
(0.00633565 0.00592291 0)
(0.00798451 0.00461741 0)
(0.00910277 0.00292261 0)
(0.0095716 0.00093943 0)
(0.00926355 -0.00125974 0)
(0.00815905 -0.00364531 0)
(0.00615645 -0.00596665 0)
(0.00325806 -0.00644436 0)
(0.00284055 -0.0116824 0)
(-0.000284602 -0.0102623 0)
(-0.00103749 -0.00717931 0)
(-0.000594461 -0.00423878 0)
(0.00014445 -0.00159533 0)
(0.00126362 0.000678923 0)
(0.00269441 0.00252208 0)
(0.00435277 0.0038976 0)
(0.00614061 0.0047808 0)
(0.00794359 0.00516596 0)
(0.00963311 0.00507105 0)
(0.0110702 0.00454147 0)
(0.0121138 0.00365155 0)
(0.0126303 0.00249097 0)
(0.012493 0.00114726 0)
(0.0116003 -0.000316538 0)
(0.00978309 -0.00185494 0)
(0.00717274 -0.00312052 0)
(0.003745 -0.00209185 0)
(0.00941817 -0.0108987 0)
(0.00665587 -0.00988576 0)
(0.00596355 -0.00717717 0)
(0.00625583 -0.00459966 0)
(0.00677669 -0.00228739 0)
(0.00760568 -0.000297129 0)
(0.00867666 0.00132623 0)
(0.00991648 0.0025579 0)
(0.0112393 0.00338982 0)
(0.0125434 0.00383078 0)
(0.0137123 0.00390919 0)
(0.014619 0.00367538 0)
(0.0151326 0.00320145 0)
(0.0151258 0.00257144 0)
(0.0144778 0.00186537 0)
(0.0130454 0.00114229 0)
(0.010804 0.000462459 0)
(0.00766003 0.000243763 0)
(0.0038426 0.00266399 0)
(0.0142967 -0.0102801 0)
(0.0118376 -0.00947813 0)
(0.0112151 -0.00710562 0)
(0.0113975 -0.00483778 0)
(0.0117476 -0.00279061 0)
(0.0123362 -0.00102008 0)
(0.0131012 0.000444096 0)
(0.013983 0.00158281 0)
(0.0149092 0.00240116 0)
(0.0157909 0.00292237 0)
(0.016522 0.00318661 0)
(0.0169857 0.00325091 0)
(0.0170607 0.00318781 0)
(0.0166266 0.00307769 0)
(0.0155652 0.00299485 0)
(0.0137808 0.00299368 0)
(0.0111212 0.00314123 0)
(0.00775289 0.00390882 0)
(0.0038122 0.00753162 0)
(0.0174475 -0.00975351 0)
(0.0153322 -0.00910957 0)
(0.0147692 -0.00700348 0)
(0.0148803 -0.00497587 0)
(0.0151046 -0.00312987 0)
(0.0155026 -0.00151849 0)
(0.0160176 -0.000163962 0)
(0.0166044 0.000919579 0)
(0.0172065 0.00174905 0)
(0.0177474 0.00236513 0)
(0.0181305 0.00282114 0)
(0.018247 0.00318109 0)
(0.0179843 0.00351851 0)
(0.0172316 0.0039105 0)
(0.0158833 0.00442505 0)
(0.0138138 0.00510946 0)
(0.0110349 0.00603093 0)
(0.00748653 0.00767733 0)
(0.00349797 0.0122787 0)
(0.0190299 -0.00931972 0)
(0.0172103 -0.0087972 0)
(0.0167322 -0.00689669 0)
(0.0168083 -0.0050514 0)
(0.0169534 -0.00334941 0)
(0.0172131 -0.00184246 0)
(0.0175369 -0.000553076 0)
(0.0178937 0.000504698 0)
(0.0182461 0.00136053 0)
(0.0185324 0.0020778 0)
(0.0186617 0.00272532 0)
(0.0185315 0.0033733 0)
(0.0180377 0.00409557 0)
(0.0170782 0.00496522 0)
(0.0155537 0.00604306 0)
(0.0133936 0.00736667 0)
(0.0104801 0.00899058 0)
(0.00702229 0.0114025 0)
(0.00319257 0.0167315 0)
(0.0191116 -0.0089971 0)
(0.0176277 -0.00855175 0)
(0.0172441 -0.00681381 0)
(0.0173206 -0.00510484 0)
(0.0174371 -0.00349907 0)
(0.0176193 -0.00204672 0)
(0.0178156 -0.000783615 0)
(0.0180076 0.000271462 0)
(0.0181874 0.00115697 0)
(0.0183084 0.00197326 0)
(0.0182805 0.00280619 0)
(0.0180047 0.00372994 0)
(0.0173846 0.00481633 0)
(0.0163298 0.00613363 0)
(0.0147559 0.007735 0)
(0.0125605 0.00964554 0)
(0.00978904 0.0119042 0)
(0.00640559 0.0149621 0)
(0.00273518 0.0207963 0)
(0.0179085 -0.00878518 0)
(0.0167234 -0.00838415 0)
(0.0164543 -0.00677976 0)
(0.0165687 -0.00517704 0)
(0.0167153 -0.00363231 0)
(0.0168921 -0.00219313 0)
(0.0170361 -0.000910142 0)
(0.0171358 0.000163921 0)
(0.0172228 0.00106926 0)
(0.0172729 0.00197437 0)
(0.0171842 0.00298322 0)
(0.0168586 0.0041674 0)
(0.0162107 0.00559308 0)
(0.0151624 0.00732273 0)
(0.0136376 0.00940284 0)
(0.0115876 0.0118497 0)
(0.00890552 0.0146771 0)
(0.00580686 0.0182899 0)
(0.00242234 0.0244426 0)
(0.0155631 -0.00868322 0)
(0.0146746 -0.00829152 0)
(0.0145105 -0.00680992 0)
(0.0146905 -0.00530747 0)
(0.0149292 -0.00381024 0)
(0.0152003 -0.00234583 0)
(0.0153997 -0.00098406 0)
(0.015493 0.000107655 0)
(0.0155746 0.00100883 0)
(0.0156563 0.00198688 0)
(0.0156003 0.00316279 0)
(0.0153092 0.00459167 0)
(0.014715 0.00632823 0)
(0.01376 0.00842913 0)
(0.0123893 0.0109385 0)
(0.0105155 0.0138672 0)
(0.00817523 0.01722 0)
(0.0053052 0.0213586 0)
(0.00210208 0.027708 0)
(0.0123393 -0.00856018 0)
(0.0116409 -0.00814918 0)
(0.0115363 -0.00682466 0)
(0.0117831 -0.00545632 0)
(0.012169 -0.00403268 0)
(0.0126537 -0.00252903 0)
(0.0130354 -0.000990851 0)
(0.0132765 6.6517e-05 0)
(0.0134939 0.000918784 0)
(0.0137252 0.00197939 0)
(0.0137882 0.00333191 0)
(0.0135944 0.00499935 0)
(0.0131095 0.00701936 0)
(0.012305 0.00944387 0)
(0.0111432 0.0123174 0)
(0.0095984 0.0156608 0)
(0.00755467 0.0195035 0)
(0.00507835 0.0241276 0)
(0.00214339 0.0307801 0)
(0.00838094 -0.00848639 0)
(0.00775716 -0.00818932 0)
(0.00762507 -0.00714548 0)
(0.00789394 -0.00603512 0)
(0.00840856 -0.00482817 0)
(0.00918566 -0.00341042 0)
(0.00978528 -0.00164224 0)
(0.0105938 2.59966e-05 0)
(0.011289 0.00109412 0)
(0.0118313 0.00239392 0)
(0.0120728 0.00402238 0)
(0.012004 0.00597462 0)
(0.0116434 0.00827721 0)
(0.0110008 0.0109767 0)
(0.0100771 0.0141153 0)
(0.00883844 0.017719 0)
(0.00725849 0.0218161 0)
(0.00521636 0.0268877 0)
(0.00253355 0.0340491 0)
(0.00300934 -0.00845346 0)
(0.00271489 -0.00804017 0)
(0.00270666 -0.0071527 0)
(0.0029042 -0.00624481 0)
(0.00333859 -0.00538049 0)
(0.00414108 -0.00447538 0)
(0.00523938 -0.00244035 0)
(0.00833942 -0.00311337 0)
(0.00973206 -0.0015463 0)
(0.0105441 0.000217655 0)
(0.0109071 0.00219691 0)
(0.0108977 0.00445659 0)
(0.0105842 0.00705775 0)
(0.010002 0.0100717 0)
(0.00916916 0.0135741 0)
(0.00809534 0.0176489 0)
(0.00673846 0.0225143 0)
(0.00503911 0.0289117 0)
(0.00288644 0.0386654 0)
)
;

boundaryField
{
    leftWall
    {
        type            noSlip;
    }
    rightWall
    {
        type            noSlip;
    }
    lowerWall
    {
        type            noSlip;
    }
    atmosphere
    {
        type            pressureInletOutletVelocity;
        value           nonuniform List<vector> 
46
(
(0 -0.00640027 0)
(0 -0.0128044 0)
(0 -0.0103062 0)
(0 -0.00804924 0)
(0 -0.0060193 0)
(0 -0.00430892 0)
(0 -0.00302545 0)
(0 -0.00219474 0)
(0 -0.00178159 0)
(0 -0.00171971 0)
(0 -0.00193244 0)
(0 -0.00234513 0)
(0 -0.00289076 0)
(0 -0.00351273 0)
(0 -0.00416454 0)
(0 -0.00480912 0)
(0 -0.00541593 0)
(0 -0.00595706 0)
(0 -0.0064021 0)
(0 -0.00671569 0)
(0 -0.00685716 0)
(0 -0.00680584 0)
(0 -0.00679841 0)
(0 -0.00572474 0)
(0 -0.00592763 0)
(0 -0.00593108 0)
(0 -0.00619669 0)
(0 -0.00845346 0)
(0 -0.00804017 0)
(0 -0.0071527 0)
(0 -0.00624481 0)
(0 -0.00538049 0)
(0 -0.00447538 0)
(0 -0.00244035 0)
(0 -0.00311337 0)
(0 -0.0015463 0)
(0.0105441 0.000217655 0)
(0.0109071 0.00219691 0)
(0.0108977 0.00445659 0)
(0.0105842 0.00705775 0)
(0.010002 0.0100717 0)
(0.00916916 0.0135741 0)
(0.00809534 0.0176489 0)
(0.00673846 0.0225143 0)
(0.00503911 0.0289117 0)
(0.00288644 0.0386654 0)
)
;
    }
    defaultFaces
    {
        type            empty;
    }
}


// ************************************************************************* //
