/*--------------------------------*- C++ -*----------------------------------*\
  =========                 |
  \\      /  F ield         | OpenFOAM: The Open Source CFD Toolbox
   \\    /   O peration     | Website:  https://openfoam.org
    \\  /    A nd           | Version:  13
     \\/     M anipulation  |
\*---------------------------------------------------------------------------*/
FoamFile
{
    format      ascii;
    class       volVectorField;
    location    "2.1";
    object      U;
}
// * * * * * * * * * * * * * * * * * * * * * * * * * * * * * * * * * * * * * //

dimensions      [0 1 -1 0 0 0 0];

internalField   nonuniform List<vector> 
2268
(
(0.0143554 -0.00620385 0)
(0.0253335 0.000484294 0)
(0.0212409 0.00295426 0)
(0.0177242 0.00290495 0)
(0.0133432 0.0025975 0)
(0.00931133 0.00217875 0)
(0.00528264 0.00168963 0)
(0.00154043 0.00120623 0)
(-0.00154593 0.000703391 0)
(-0.00399966 0.000343902 0)
(-0.00579898 2.16102e-05 0)
(-0.00677827 -0.000301355 0)
(-0.00694328 -0.000639216 0)
(-0.00641327 -0.000897558 0)
(-0.00537696 -0.00104452 0)
(-0.00412387 -0.00108029 0)
(-0.0028733 -0.00108066 0)
(-0.00164035 -0.00114444 0)
(-0.000231633 -0.00138009 0)
(0.00183916 -0.00177856 0)
(0.00462084 -0.00220127 0)
(0.0090456 -0.00120322 0)
(0.00812912 0.00292069 0)
(0.00758479 -0.0137543 0)
(0.0173491 -0.00246411 0)
(0.0183186 0.00122509 0)
(0.0193252 0.00218394 0)
(0.0184423 0.00256995 0)
(0.016582 0.00275674 0)
(0.0137036 0.00277545 0)
(0.0102756 0.00257826 0)
(0.00691781 0.00214173 0)
(0.00386109 0.00171796 0)
(0.00123459 0.0012316 0)
(-0.000723528 0.00066622 0)
(-0.00189826 7.89687e-05 0)
(-0.00234383 -0.000400118 0)
(-0.00227765 -0.000667929 0)
(-0.00199633 -0.000717823 0)
(-0.00172953 -0.000674389 0)
(-0.00156745 -0.000683962 0)
(-0.00147248 -0.000908712 0)
(-0.0011973 -0.00142614 0)
(-0.000592936 -0.00207058 0)
(0.00156913 -0.0012221 0)
(0.00239144 0.00546653 0)
(0.00328984 -0.0180054 0)
(0.0140437 -0.00489377 0)
(0.0183058 -0.000330808 0)
(0.0221132 0.00157252 0)
(0.0232136 0.00270128 0)
(0.0224351 0.00352895 0)
(0.0199418 0.00408654 0)
(0.0163784 0.00410552 0)
(0.0125763 0.00366624 0)
(0.00892903 0.00315652 0)
(0.00564635 0.00243702 0)
(0.00301719 0.0015285 0)
(0.001178 0.000617423 0)
(8.78503e-05 -0.000140505 0)
(-0.000459307 -0.000588999 0)
(-0.00073958 -0.00069958 0)
(-0.000976872 -0.000637467 0)
(-0.00131811 -0.000589575 0)
(-0.00184191 -0.000768466 0)
(-0.00247544 -0.00134476 0)
(-0.00311215 -0.00222314 0)
(-0.00254084 -0.00184523 0)
(-0.00232255 0.00500019 0)
(0.0015807 -0.0216612 0)
(0.0135072 -0.00858571 0)
(0.0200789 -0.00303199 0)
(0.0255939 9.06572e-05 0)
(0.0278309 0.00233909 0)
(0.0275553 0.00416621 0)
(0.0250737 0.00556296 0)
(0.0211877 0.00600597 0)
(0.0169043 0.00566117 0)
(0.0127159 0.00502231 0)
(0.00887203 0.00406215 0)
(0.00570926 0.00278513 0)
(0.00337475 0.00148154 0)
(0.0018188 0.000383739 0)
(0.000850272 -0.00028083 0)
(0.000230149 -0.000497503 0)
(-0.000258172 -0.000447777 0)
(-0.000811936 -0.000333455 0)
(-0.00159998 -0.000403033 0)
(-0.00268772 -0.000899249 0)
(-0.00406371 -0.00183884 0)
(-0.00464319 -0.00201345 0)
(-0.00571418 0.00317683 0)
(0.00186382 -0.0254163 0)
(0.0147061 -0.0131539 0)
(0.0227605 -0.00652686 0)
(0.0291524 -0.00189421 0)
(0.0319128 0.00182047 0)
(0.0317748 0.00488887 0)
(0.0291217 0.00726193 0)
(0.0248621 0.00821092 0)
(0.0200891 0.00791527 0)
(0.0154223 0.00714676 0)
(0.0111753 0.00585209 0)
(0.0076568 0.00414244 0)
(0.00500544 0.00241674 0)
(0.00314893 0.000982627 0)
(0.00189867 7.52583e-05 0)
(0.00109223 -0.000279243 0)
(0.00055266 -0.00028098 0)
(2.91826e-05 -0.000125294 0)
(-0.000711376 -8.02342e-05 0)
(-0.00183778 -0.000426934 0)
(-0.0034754 -0.00128102 0)
(-0.0047596 -0.00192929 0)
(-0.00742851 0.000271501 0)
(0.00308895 -0.03025 0)
(0.0166663 -0.0183886 0)
(0.0254947 -0.0104338 0)
(0.0320682 -0.00406502 0)
(0.0347985 0.00131304 0)
(0.0344309 0.00575079 0)
(0.0315249 0.00907483 0)
(0.0270373 0.010313 0)
(0.0220119 0.0098768 0)
(0.0171007 0.00887942 0)
(0.0126525 0.00727244 0)
(0.00904213 0.00522731 0)
(0.00631327 0.00319102 0)
(0.00431362 0.00150597 0)
(0.00292978 0.000397979 0)
(0.00222081 -8.27411e-05 0)
(0.0019845 -0.000114986 0)
(0.00185799 9.53913e-05 0)
(0.00156162 0.000267139 0)
(0.000867283 8.04484e-05 0)
(-0.000509245 -0.000691988 0)
(-0.00199232 -0.00182947 0)
(-0.0056924 -0.00293158 0)
(0.00408372 -0.0353681 0)
(0.0180076 -0.0232438 0)
(0.0270216 -0.0138533 0)
(0.0331259 -0.00584498 0)
(0.0353951 0.00092057 0)
(0.0345747 0.00643067 0)
(0.0316063 0.0104262 0)
(0.0273934 0.0121155 0)
(0.0225099 0.0118814 0)
(0.0178551 0.0108358 0)
(0.013927 0.00903854 0)
(0.0107639 0.00676122 0)
(0.00832806 0.0045091 0)
(0.00647964 0.00268716 0)
(0.00514734 0.00139703 0)
(0.00479379 0.000596171 0)
(0.00536693 0.000377395 0)
(0.00627045 0.000540793 0)
(0.00713712 0.000804009 0)
(0.007677 0.00084443 0)
(0.00731612 0.000384288 0)
(0.00591823 -0.000487194 0)
(0.00384323 -0.00216049 0)
(0.00606257 -0.0319685 0)
(0.0182261 -0.025543 0)
(0.0258585 -0.0156989 0)
(0.0307331 -0.0066617 0)
(0.0322007 0.00112246 0)
(0.031242 0.00757995 0)
(0.0285723 0.0119606 0)
(0.0247547 0.0140283 0)
(0.0192133 0.0139959 0)
(0.0138012 0.0133127 0)
(0.0102828 0.0113895 0)
(0.00832038 0.00870794 0)
(0.00765623 0.00583145 0)
(0.0080027 0.00340063 0)
(0.0090302 0.00133554 0)
(0.0105498 -0.000242695 0)
(0.0126253 -0.000865245 0)
(0.0149687 -0.00076907 0)
(0.017186 -0.000328568 0)
(0.0188617 0.000124276 0)
(0.0190077 0.000345144 0)
(0.0166588 0.000602639 0)
(0.0118616 0.00283676 0)
(-1.69567e-05 0.00112959 0)
(-0.0104002 0.00365485 0)
(-0.0181292 0.00137682 0)
(-0.0149718 -0.0049197 0)
(-0.000605105 -0.00719468 0)
(0.0145086 -0.0084406 0)
(0.0310238 -0.008292 0)
(0.0405664 -0.000975159 0)
(0.0426516 -0.000856607 0)
(0.0471956 -0.00413038 0)
(0.055298 -0.00471742 0)
(0.0628316 -0.00343637 0)
(0.0611849 0.00390679 0)
(0.0445498 0.00647946 0)
(0.0322903 0.00189601 0)
(0.0252014 0.00124095 0)
(0.0202142 0.00183223 0)
(0.0158236 0.00351528 0)
(0.0118989 0.00571681 0)
(-0.00301237 0.00287861 0)
(-0.0043199 0.00449142 0)
(-0.00445936 0.00241741 0)
(-0.00027821 -0.00521618 0)
(0.0122219 -0.00888932 0)
(0.0219041 -0.00926896 0)
(0.0301754 -0.0082929 0)
(0.0418208 -0.00410248 0)
(0.0504785 -0.00238238 0)
(0.0548281 -0.00446906 0)
(0.056366 -0.00375267 0)
(0.0550947 -0.00193556 0)
(0.0521717 0.00581669 0)
(0.0464291 0.00925139 0)
(0.0362829 0.00696575 0)
(0.0228831 0.00585429 0)
(0.0136197 0.00388284 0)
(0.0105367 0.00298172 0)
(0.0137735 0.00614615 0)
(-0.00712318 0.00287215 0)
(-9.68494e-05 0.00151526 0)
(0.00486683 0.00157846 0)
(0.0104287 -0.00893105 0)
(0.0206078 -0.0128557 0)
(0.0271084 -0.0109231 0)
(0.0346858 -0.0106289 0)
(0.0484753 -0.00765296 0)
(0.0590525 -0.00391009 0)
(0.0608375 -0.00477882 0)
(0.0562647 -0.00280797 0)
(0.0482083 -0.000143827 0)
(0.0429201 0.00681776 0)
(0.0399822 0.0113822 0)
(0.0310229 0.0112144 0)
(0.0177467 0.0104212 0)
(0.00836908 0.00695572 0)
(0.00311085 0.00393726 0)
(0.0104293 0.0103518 0)
(-0.0148224 0.00735842 0)
(-0.00736161 -0.00220357 0)
(-0.000806195 -0.00149731 0)
(0.00515263 -0.0139798 0)
(0.0128265 -0.016863 0)
(0.0201854 -0.0141941 0)
(0.034015 -0.0160414 0)
(0.0544081 -0.01509 0)
(0.0695543 -0.00583629 0)
(0.067922 -0.00301667 0)
(0.0564659 0.000473559 0)
(0.0424523 0.00326461 0)
(0.0325525 0.00833012 0)
(0.0289453 0.0138903 0)
(0.0216824 0.0159932 0)
(0.0103845 0.0148578 0)
(0.00346404 0.00957256 0)
(-0.00504776 0.00566184 0)
(-0.00348709 0.00736453 0)
(-0.00879582 0.0121699 0)
(-0.00879469 -0.00262095 0)
(-0.00719568 -0.00375681 0)
(-0.00631202 -0.0148556 0)
(-0.0077629 -0.0184951 0)
(-0.000977437 -0.0202484 0)
(0.0188106 -0.0275402 0)
(0.0424373 -0.0271033 0)
(0.0605323 -0.0123109 0)
(0.0646229 0.000904024 0)
(0.0592041 0.00625957 0)
(0.045891 0.0124692 0)
(0.0300938 0.0114361 0)
(0.0232789 0.0156328 0)
(0.0170161 0.0202864 0)
(0.0106523 0.0183789 0)
(0.00672471 0.0124053 0)
(-0.00766618 0.00729843 0)
(0.00204568 0.01275 0)
(0.00864723 0.0152976 0)
(-0.00358573 0.00047519 0)
(-0.00963076 -0.00384082 0)
(-0.0151149 -0.0128708 0)
(-0.0219629 -0.0191824 0)
(-0.0172917 -0.026622 0)
(0.00304313 -0.0362701 0)
(0.0249048 -0.0337649 0)
(0.037334 -0.0155927 0)
(0.0434494 0.00167997 0)
(0.0439822 0.00665951 0)
(0.0423769 0.018218 0)
(0.0347425 0.0188212 0)
(0.0226464 0.0179788 0)
(0.0167881 0.0223058 0)
(0.0147311 0.0203944 0)
(0.0125612 0.0153113 0)
(0.00532306 0.0115557 0)
(0.0154911 5.9345e-05 0)
(0.0269029 0.00782278 0)
(0.00228993 0.0079487 0)
(-0.0102604 -0.000803278 0)
(-0.0201636 -0.0087524 0)
(-0.0289294 -0.0180353 0)
(-0.0267923 -0.0312512 0)
(-0.0125729 -0.0439561 0)
(0.00361672 -0.0383635 0)
(0.0122354 -0.0193187 0)
(0.0193959 -0.00118408 0)
(0.0246486 0.00601984 0)
(0.0261893 0.0165892 0)
(0.0264052 0.0220383 0)
(0.0232452 0.0229928 0)
(0.0192555 0.0236604 0)
(0.0216906 0.019515 0)
(0.0254236 0.0163154 0)
(0.0182164 0.0106741 0)
(0.0240225 0.0139343 0)
(0.0127672 -0.00125991 0)
(-0.00169185 0.0168716 0)
(-0.0134203 0.004825 0)
(-0.0239366 -0.00405424 0)
(-0.0327087 -0.0156794 0)
(-0.0347546 -0.0335932 0)
(-0.0280275 -0.0489825 0)
(-0.0197139 -0.0423672 0)
(-0.0128302 -0.0236919 0)
(-0.00227623 -0.00502208 0)
(0.00585056 0.0042957 0)
(0.0104696 0.0147344 0)
(0.0141076 0.0206891 0)
(0.0155824 0.0226996 0)
(0.0176059 0.0224613 0)
(0.0235676 0.017279 0)
(0.0322454 0.0146676 0)
(0.0378395 0.0106589 0)
(0.0491799 0.0185565 0)
(0.0108031 -0.0632248 0)
(0.0162279 -0.0391073 0)
(0.0212773 -0.0235501 0)
(0.0228683 -0.0106035 0)
(0.0193481 -9.97112e-05 0)
(0.0126069 0.00920097 0)
(0.00659998 0.015988 0)
(0.00264126 0.0205485 0)
(0.00109692 0.02081 0)
(0.00159684 0.0169886 0)
(0.00318463 0.012343 0)
(0.00520158 0.00800812 0)
(0.00734488 0.00432804 0)
(0.00948127 0.00153775 0)
(0.0115552 -0.000534055 0)
(0.0137093 -0.00222472 0)
(0.0161534 -0.00305276 0)
(0.0186446 -0.00296878 0)
(0.0206989 -0.00221864 0)
(0.0216346 -0.000948012 0)
(0.0200775 0.00163553 0)
(0.0140628 0.0065502 0)
(0.00320169 0.0202047 0)
(-0.0183984 -0.0593438 0)
(-0.0196006 -0.0426826 0)
(-0.020447 -0.0247118 0)
(-0.0198484 -0.00650597 0)
(-0.0173751 0.00757731 0)
(-0.013691 0.0149469 0)
(-0.00939283 0.0170658 0)
(-0.00489987 0.0171332 0)
(-0.000938071 0.0151757 0)
(0.0020083 0.0119436 0)
(0.00390068 0.00843883 0)
(0.00488558 0.00508552 0)
(0.0051987 0.0021324 0)
(0.0050102 -0.000131201 0)
(0.00444958 -0.00198635 0)
(0.00385594 -0.00368914 0)
(0.00344572 -0.00461024 0)
(0.00275806 -0.00411442 0)
(0.00114119 -0.00230257 0)
(-0.00171378 0.000525976 0)
(-0.00674447 0.00680922 0)
(-0.0150166 0.0169181 0)
(-0.0223688 0.033974 0)
(-0.0105791 -0.0266177 0)
(-0.0172298 -0.0290877 0)
(-0.0183825 -0.0210871 0)
(-0.0161109 -0.00962693 0)
(-0.0118344 0.00104821 0)
(-0.00701939 0.00776345 0)
(-0.00236011 0.0106664 0)
(0.00144585 0.0119389 0)
(0.00345863 0.0120281 0)
(0.00353349 0.0104888 0)
(0.00193466 0.00856466 0)
(-0.00115141 0.00639744 0)
(-0.00514153 0.0041355 0)
(-0.00968847 0.00233341 0)
(-0.0146516 0.000833357 0)
(-0.019611 -0.00125514 0)
(-0.0243757 -0.00202079 0)
(-0.0298307 -0.000395022 0)
(-0.0368178 0.00295543 0)
(-0.0453877 0.00755617 0)
(-0.0548304 0.0164472 0)
(-0.0659025 0.0281011 0)
(-0.0776532 0.0435568 0)
(0.00293028 -0.0222229 0)
(-0.000642077 -0.0261213 0)
(-0.000765081 -0.0222911 0)
(0.00118386 -0.013357 0)
(0.00358715 -0.003179 0)
(0.00518381 0.00427746 0)
(0.00607243 0.00767123 0)
(0.00569795 0.0106761 0)
(0.00263508 0.0132802 0)
(-0.00269572 0.0133543 0)
(-0.0096569 0.0131091 0)
(-0.0183906 0.0122211 0)
(-0.0282328 0.0106292 0)
(-0.0383792 0.00952361 0)
(-0.0488854 0.00838779 0)
(-0.059331 0.00629849 0)
(-0.0692496 0.00609794 0)
(-0.0798535 0.0094578 0)
(-0.0920968 0.0143137 0)
(-0.104772 0.0183389 0)
(-0.116475 0.0260233 0)
(-0.124649 0.0375486 0)
(-0.128781 0.0499251 0)
(0.0122779 -0.029435 0)
(0.00960764 -0.0266219 0)
(0.00923978 -0.0232321 0)
(0.00883134 -0.0147177 0)
(0.00797724 -0.00396864 0)
(0.00608305 0.00454246 0)
(0.00305001 0.00879008 0)
(-0.00279411 0.014141 0)
(-0.0125953 0.0199882 0)
(-0.0245903 0.0213949 0)
(-0.0381387 0.0232163 0)
(-0.0537415 0.0241182 0)
(-0.070559 0.0232203 0)
(-0.0874831 0.0226373 0)
(-0.103872 0.0216689 0)
(-0.118914 0.0181592 0)
(-0.131939 0.0176937 0)
(-0.143342 0.0218232 0)
(-0.153189 0.0253171 0)
(-0.159951 0.0286322 0)
(-0.164025 0.0339885 0)
(-0.166221 0.0407976 0)
(-0.163767 0.0468727 0)
(0.00457524 -0.0394073 0)
(0.000690463 -0.0299635 0)
(0.00127844 -0.0245104 0)
(-0.000588689 -0.0139684 0)
(-0.00318808 -0.00122743 0)
(-0.00720479 0.00976022 0)
(-0.0147807 0.0173272 0)
(-0.0271767 0.0270068 0)
(-0.0435523 0.0365143 0)
(-0.0618035 0.0391518 0)
(-0.0822548 0.042712 0)
(-0.104231 0.0447348 0)
(-0.126174 0.0438378 0)
(-0.146473 0.0416566 0)
(-0.163825 0.0379854 0)
(-0.176721 0.0322846 0)
(-0.185944 0.0292089 0)
(-0.192219 0.0301879 0)
(-0.194677 0.0305894 0)
(-0.195375 0.0313257 0)
(-0.195107 0.0346279 0)
(-0.192415 0.0383674 0)
(-0.186366 0.0401961 0)
(-0.00414478 -0.0452412 0)
(-0.0109595 -0.0331975 0)
(-0.00450902 -0.0244169 0)
(-0.00442182 -0.0119757 0)
(-0.00794023 0.00250106 0)
(-0.016227 0.016676 0)
(-0.0296341 0.0298213 0)
(-0.0475563 0.0449246 0)
(-0.0688017 0.0583952 0)
(-0.0923264 0.0652172 0)
(-0.117974 0.0705861 0)
(-0.143487 0.0730213 0)
(-0.167158 0.0706737 0)
(-0.187872 0.0646261 0)
(-0.204089 0.0545723 0)
(-0.215356 0.0429867 0)
(-0.221827 0.035177 0)
(-0.223708 0.0312215 0)
(-0.222186 0.0292804 0)
(-0.21889 0.0290804 0)
(-0.214592 0.0309206 0)
(-0.208727 0.032561 0)
(-0.200654 0.0318147 0)
(-0.0466695 -0.0154331 0)
(-0.0443158 -0.0280563 0)
(-0.0304985 -0.0227297 0)
(-0.0257545 -0.00974504 0)
(-0.0257654 0.00711005 0)
(-0.0325659 0.0237337 0)
(-0.0478407 0.0404309 0)
(-0.0677221 0.0564109 0)
(-0.089894 0.0711137 0)
(-0.115879 0.0808373 0)
(-0.143183 0.0878676 0)
(-0.169976 0.0912645 0)
(-0.194658 0.0890411 0)
(-0.216128 0.0815841 0)
(-0.233357 0.0687833 0)
(-0.243579 0.0534471 0)
(-0.247176 0.0404565 0)
(-0.245849 0.0312183 0)
(-0.240716 0.0255186 0)
(-0.234078 0.0234554 0)
(-0.226738 0.0239719 0)
(-0.218612 0.0242253 0)
(-0.209073 0.0219966 0)
(0.0663644 0.0656588 0)
(0.0122352 -0.0373038 0)
(-0.0204557 -0.0250832 0)
(-0.0326897 -0.00868127 0)
(-0.0374039 0.00929716 0)
(-0.0470527 0.0275985 0)
(-0.0664457 0.0413897 0)
(-0.0931269 0.0605702 0)
(-0.117518 0.0799028 0)
(-0.139617 0.0924289 0)
(-0.163341 0.100606 0)
(-0.187362 0.102193 0)
(-0.211137 0.0987046 0)
(-0.233977 0.0890748 0)
(-0.251361 0.0717684 0)
(-0.261034 0.0526508 0)
(-0.263766 0.0378374 0)
(-0.260753 0.0266832 0)
(-0.2542 0.0189855 0)
(-0.244906 0.0159373 0)
(-0.234746 0.0163874 0)
(-0.224805 0.0163049 0)
(-0.214918 0.0110654 0)
(0.0087589 -0.0392862 0)
(0.0223834 -0.00889379 0)
(0.00706149 -0.00895407 0)
(-0.0102493 0.000939278 0)
(-0.0352547 0.0315099 0)
(-0.0651921 0.0784613 0)
(-0.0969143 0.130551 0)
(-0.118499 0.137738 0)
(-0.123911 0.130769 0)
(-0.131479 0.128431 0)
(-0.146449 0.118913 0)
(-0.171113 0.111045 0)
(-0.197065 0.0969479 0)
(-0.229444 0.084255 0)
(-0.254548 0.0696703 0)
(-0.262682 0.0513308 0)
(-0.267296 0.0343312 0)
(-0.267478 0.0184454 0)
(-0.262414 0.0098339 0)
(-0.253787 0.0073264 0)
(-0.243198 0.00801224 0)
(-0.231193 0.00918911 0)
(-0.218632 0.00465765 0)
(-0.00544062 -0.026592 0)
(0.00287016 -0.000461291 0)
(-0.00475374 0.0133423 0)
(-0.0204686 0.0281697 0)
(-0.0416448 0.0567445 0)
(-0.0647836 0.0944562 0)
(-0.0847324 0.117574 0)
(-0.0961187 0.130698 0)
(-0.0998462 0.141108 0)
(-0.102264 0.168773 0)
(-0.111355 0.202473 0)
(-0.134171 0.222851 0)
(-0.168091 0.225058 0)
(-0.187226 0.200874 0)
(-0.20439 0.116642 0)
(-0.215831 0.0506254 0)
(-0.240009 0.0184912 0)
(-0.254922 0.00510353 0)
(-0.261153 0.000105126 0)
(-0.256625 -0.000705543 0)
(-0.245793 0.00254887 0)
(-0.230322 0.00597888 0)
(-0.214641 -0.00768009 0)
(-0.00817371 -0.0248183 0)
(-0.00994504 0.00115445 0)
(-0.0168859 0.0219412 0)
(-0.0274231 0.0439985 0)
(-0.0389676 0.0737403 0)
(-0.0460703 0.10603 0)
(-0.0504736 0.130948 0)
(-0.0575084 0.131225 0)
(-0.0680791 0.131714 0)
(-0.0798985 0.149184 0)
(-0.0885851 0.175889 0)
(-0.0975058 0.199503 0)
(-0.109955 0.197099 0)
(-0.116415 0.164655 0)
(-0.103706 0.141507 0)
(-0.107117 0.117143 0)
(-0.126926 0.0997641 0)
(-0.147916 0.0600319 0)
(-0.169597 0.012641 0)
(-0.182993 -0.0179332 0)
(-0.18591 -0.0340067 0)
(-0.174054 -0.0344007 0)
(-0.167895 -0.0398088 0)
(-0.0131333 -0.0154082 0)
(-0.0195463 0.0105611 0)
(-0.0281943 0.0311813 0)
(-0.0357661 0.052645 0)
(-0.0409435 0.0785856 0)
(-0.0412545 0.106033 0)
(-0.0372402 0.126995 0)
(-0.0357939 0.136573 0)
(-0.040952 0.140912 0)
(-0.0473092 0.153422 0)
(-0.0502722 0.173751 0)
(-0.0465814 0.193278 0)
(-0.0399022 0.195467 0)
(-0.0410253 0.164799 0)
(-0.0497326 0.117121 0)
(-0.0615543 0.103048 0)
(-0.072878 0.0914475 0)
(-0.0825893 0.0629853 0)
(-0.0968358 0.0336011 0)
(-0.113678 0.00554901 0)
(-0.129817 -0.0102625 0)
(-0.142282 -0.0121695 0)
(-0.139955 -0.0117737 0)
(-0.0173015 0.000648198 0)
(-0.025948 0.0208862 0)
(-0.0349907 0.0383027 0)
(-0.04099 0.0572983 0)
(-0.0432831 0.0793838 0)
(-0.0407362 0.102529 0)
(-0.0343749 0.122232 0)
(-0.0283868 0.134141 0)
(-0.026906 0.141164 0)
(-0.0268152 0.153161 0)
(-0.0235281 0.169105 0)
(-0.0155887 0.183615 0)
(-0.00378861 0.184186 0)
(0.00333488 0.16273 0)
(-0.00361222 0.131903 0)
(-0.0175391 0.109287 0)
(-0.0272086 0.0936558 0)
(-0.0353872 0.073179 0)
(-0.0475149 0.0461892 0)
(-0.0636273 0.0250695 0)
(-0.0814646 0.010761 0)
(-0.0961618 0.00149505 0)
(-0.0986587 -0.00196717 0)
(-0.0190004 0.0204935 0)
(-0.0286946 0.0332781 0)
(-0.0379192 0.0458073 0)
(-0.0433007 0.0607791 0)
(-0.0444991 0.0785264 0)
(-0.0411734 0.0975898 0)
(-0.0341067 0.115143 0)
(-0.0260411 0.128818 0)
(-0.0197996 0.139032 0)
(-0.0147632 0.150386 0)
(-0.00838844 0.163606 0)
(0.002148 0.174285 0)
(0.0149331 0.175003 0)
(0.0237168 0.160382 0)
(0.023567 0.137024 0)
(0.0168903 0.117039 0)
(0.0102177 0.10007 0)
(0.00379928 0.0807842 0)
(-0.00614324 0.0596566 0)
(-0.0199724 0.0404048 0)
(-0.034808 0.0257962 0)
(-0.0472588 0.0156351 0)
(-0.0493082 0.00874447 0)
(-0.0187373 0.0414587 0)
(-0.0286867 0.0460727 0)
(-0.0379505 0.0532644 0)
(-0.0432233 0.0639068 0)
(-0.044344 0.0773817 0)
(-0.0413227 0.0924752 0)
(-0.0347858 0.107378 0)
(-0.026291 0.120483 0)
(-0.017829 0.131842 0)
(-0.00967658 0.142815 0)
(-0.000120431 0.153894 0)
(0.0115999 0.162561 0)
(0.0245511 0.163597 0)
(0.0352907 0.155048 0)
(0.039877 0.139528 0)
(0.0391472 0.122865 0)
(0.0363607 0.106446 0)
(0.0322222 0.0887227 0)
(0.0253184 0.0699304 0)
(0.0156225 0.0527478 0)
(0.00465697 0.0387748 0)
(-0.00466632 0.027511 0)
(-0.00455224 0.0183139 0)
(-0.0172431 0.0619684 0)
(-0.0269443 0.0586839 0)
(-0.036047 0.06068 0)
(-0.0413686 0.067122 0)
(-0.042831 0.0766366 0)
(-0.0405408 0.0880579 0)
(-0.035009 0.100145 0)
(-0.0271802 0.111771 0)
(-0.0181357 0.122551 0)
(-0.0083411 0.132918 0)
(0.00261293 0.142546 0)
(0.0152391 0.149471 0)
(0.0286636 0.151301 0)
(0.0404073 0.146237 0)
(0.0482619 0.135675 0)
(0.0520429 0.12257 0)
(0.0531151 0.1083 0)
(0.0520656 0.0928388 0)
(0.0485474 0.0767245 0)
(0.0428085 0.0614225 0)
(0.0357424 0.0480094 0)
(0.0296588 0.0363805 0)
(0.0317951 0.0260012 0)
(-0.0150247 0.0805373 0)
(-0.0242024 0.0705792 0)
(-0.0329528 0.0679631 0)
(-0.0382813 0.0705731 0)
(-0.0401508 0.0765054 0)
(-0.0386713 0.0845907 0)
(-0.034198 0.0938605 0)
(-0.0273133 0.103498 0)
(-0.0186877 0.112995 0)
(-0.00865797 0.122107 0)
(0.00282005 0.130315 0)
(0.0155852 0.136307 0)
(0.0289349 0.138323 0)
(0.0413256 0.135494 0)
(0.0512083 0.128316 0)
(0.0580946 0.11827 0)
(0.0623849 0.106456 0)
(0.0643826 0.0933543 0)
(0.0640961 0.0795836 0)
(0.0619174 0.0661059 0)
(0.0583937 0.0536328 0)
(0.0554507 0.0421908 0)
(0.0598507 0.0314191 0)
(-0.0127249 0.0963866 0)
(-0.0210748 0.0814825 0)
(-0.0292481 0.0749589 0)
(-0.0344159 0.0741894 0)
(-0.0365657 0.0769486 0)
(-0.0357752 0.0820439 0)
(-0.032278 0.0886439 0)
(-0.0264109 0.0960673 0)
(-0.0185713 0.103794 0)
(-0.0090409 0.111391 0)
(0.00203174 0.118206 0)
(0.0143455 0.123192 0)
(0.0272881 0.125296 0)
(0.0397694 0.123832 0)
(0.050693 0.11893 0)
(0.0594897 0.111329 0)
(0.0661144 0.101795 0)
(0.0706093 0.0908825 0)
(0.0730492 0.0791859 0)
(0.0737953 0.0674085 0)
(0.0732691 0.0560707 0)
(0.0730573 0.045185 0)
(0.0794319 0.0345681 0)
(-0.0106309 0.110143 0)
(-0.0179292 0.0912518 0)
(-0.0253033 0.0814516 0)
(-0.0301004 0.0777796 0)
(-0.0323252 0.0777873 0)
(-0.0320165 0.0802514 0)
(-0.0293162 0.0844076 0)
(-0.0244118 0.0896541 0)
(-0.0175333 0.0954758 0)
(-0.00888417 0.101382 0)
(0.00134217 0.106758 0)
(0.0127904 0.110787 0)
(0.0249539 0.112691 0)
(0.0370417 0.111962 0)
(0.0482369 0.108539 0)
(0.0579917 0.102772 0)
(0.066055 0.0951461 0)
(0.0723114 0.0861372 0)
(0.076786 0.0762545 0)
(0.0798011 0.0660379 0)
(0.0815837 0.0558789 0)
(0.0835612 0.0457864 0)
(0.0916068 0.0356375 0)
(-0.00871696 0.121749 0)
(-0.0148647 0.0997168 0)
(-0.0212864 0.0872322 0)
(-0.0255318 0.0811291 0)
(-0.0276282 0.078803 0)
(-0.0275845 0.0789985 0)
(-0.0254778 0.0809831 0)
(-0.0214033 0.0842044 0)
(-0.015488 0.0881761 0)
(-0.00786976 0.0924171 0)
(0.00127029 0.0963715 0)
(0.0116054 0.099385 0)
(0.0227326 0.100875 0)
(0.0340575 0.100427 0)
(0.0449528 0.0979028 0)
(0.0549297 0.0934284 0)
(0.0636698 0.0872952 0)
(0.0709649 0.0798581 0)
(0.0767858 0.0715208 0)
(0.0813442 0.0626943 0)
(0.0848312 0.0536858 0)
(0.0884248 0.0444737 0)
(0.0976049 0.0349838 0)
(-0.00699155 0.131216 0)
(-0.011919 0.106787 0)
(-0.0172845 0.0921512 0)
(-0.0208351 0.0840564 0)
(-0.0226287 0.0797931 0)
(-0.0226563 0.0780764 0)
(-0.0209508 0.0781874 0)
(-0.0175498 0.0796053 0)
(-0.0125156 0.081877 0)
(-0.00593202 0.0845585 0)
(0.0020512 0.0871645 0)
(0.0111634 0.0891636 0)
(0.0211047 0.0900994 0)
(0.0314167 0.0896285 0)
(0.041616 0.0875794 0)
(0.0512864 0.0839623 0)
(0.0601031 0.0789323 0)
(0.0678196 0.0727327 0)
(0.0743503 0.065665 0)
(0.0798729 0.0580411 0)
(0.0844356 0.0500924 0)
(0.0891266 0.0417653 0)
(0.0991298 0.0330122 0)
(-0.00538204 0.138652 0)
(-0.00908126 0.112435 0)
(-0.0133272 0.0961112 0)
(-0.016084 0.0864223 0)
(-0.0174415 0.0805902 0)
(-0.017383 0.0773039 0)
(-0.0159121 0.0758473 0)
(-0.0130308 0.0757208 0)
(-0.00875695 0.0765024 0)
(-0.00313797 0.0777887 0)
(0.0037128 0.0791628 0)
(0.0116053 0.0801929 0)
(0.0203071 0.0805065 0)
(0.0294708 0.0798179 0)
(0.0387277 0.0779505 0)
(0.0477346 0.0748531 0)
(0.0561926 0.0705931 0)
(0.0638476 0.065326 0)
(0.0705956 0.0592664 0)
(0.076531 0.0526478 0)
(0.0817085 0.0456314 0)
(0.0870234 0.0381422 0)
(0.0973176 0.0301212 0)
(-0.00389243 0.144147 0)
(-0.00635271 0.116654 0)
(-0.00944151 0.099048 0)
(-0.0113363 0.0881256 0)
(-0.0121614 0.0810659 0)
(-0.0118966 0.0765338 0)
(-0.0105245 0.0738116 0)
(-0.00802262 0.072413 0)
(-0.00437752 0.0719422 0)
(0.000383471 0.0720307 0)
(0.00618538 0.0723193 0)
(0.0129206 0.0724583 0)
(0.020402 0.0721402 0)
(0.0283753 0.0711249 0)
(0.0365638 0.0692437 0)
(0.0446932 0.0664177 0)
(0.0525033 0.0626611 0)
(0.0597546 0.0580647 0)
(0.0663278 0.052777 0)
(0.072313 0.0469657 0)
(0.0776684 0.0407395 0)
(0.0832264 0.0339908 0)
(0.0935369 0.026666 0)
(-0.00244765 0.147801 0)
(-0.00371672 0.119458 0)
(-0.00563802 0.100931 0)
(-0.00663697 0.0891059 0)
(-0.00687125 0.0811354 0)
(-0.00631696 0.0756617 0)
(-0.00494007 0.0719633 0)
(-0.00270158 0.0695594 0)
(0.000420815 0.0680683 0)
(0.00443338 0.0671634 0)
(0.00931665 0.0665351 0)
(0.014993 0.0658887 0)
(0.0213263 0.0649731 0)
(0.0281371 0.0635852 0)
(0.0352238 0.0615707 0)
(0.0423723 0.0588429 0)
(0.0493657 0.0553858 0)
(0.0559893 0.0512471 0)
(0.0621359 0.0465267 0)
(0.0678425 0.0413392 0)
(0.0731045 0.0357545 0)
(0.0786013 0.0296474 0)
(0.0885206 0.0229419 0)
(-0.00107226 0.149726 0)
(-0.00119437 0.120878 0)
(-0.00194877 0.101765 0)
(-0.00203941 0.0893452 0)
(-0.00165477 0.0807559 0)
(-0.0007663 0.0746168 0)
(0.000674354 0.0701992 0)
(0.00272414 0.0670327 0)
(0.00543368 0.0647578 0)
(0.00883414 0.0630678 0)
(0.0129224 0.0616892 0)
(0.0176526 0.0603801 0)
(0.0229381 0.0589313 0)
(0.0286599 0.0571682 0)
(0.0346747 0.0549572 0)
(0.0408204 0.0522141 0)
(0.0469221 0.0489088 0)
(0.0527966 0.0450625 0)
(0.0583388 0.0407404 0)
(0.0636074 0.0360208 0)
(0.0685347 0.0309483 0)
(0.0737452 0.0253717 0)
(0.0831991 0.0192194 0)
(0.000223669 0.149887 0)
(0.00119534 0.120917 0)
(0.00158466 0.101538 0)
(0.00236859 0.0887877 0)
(0.00335756 0.0798411 0)
(0.00459954 0.073308 0)
(0.00615978 0.0684368 0)
(0.00810567 0.0647538 0)
(0.0105003 0.0619108 0)
(0.0133888 0.0596271 0)
(0.0167895 0.057665 0)
(0.0206888 0.0558185 0)
(0.0250416 0.0539122 0)
(0.0297744 0.0518002 0)
(0.0347889 0.0493688 0)
(0.0399666 0.0465424 0)
(0.045171 0.0432871 0)
(0.0502483 0.0396101 0)
(0.055117 0.0355541 0)
(0.0598047 0.0311768 0)
(0.0642879 0.026494 0)
(0.0690776 0.0213645 0)
(0.0777953 0.0156787 0)
(0.00146593 0.148337 0)
(0.00347894 0.119695 0)
(0.0049522 0.100337 0)
(0.00655383 0.0875275 0)
(0.00812891 0.078478 0)
(0.00972143 0.0717803 0)
(0.0114128 0.0666695 0)
(0.013287 0.0626707 0)
(0.0154208 0.0594486 0)
(0.017875 0.0567445 0)
(0.0206877 0.0543477 0)
(0.0238712 0.0520824 0)
(0.027411 0.0498012 0)
(0.0312671 0.0473825 0)
(0.0353772 0.0447323 0)
(0.0396586 0.0417872 0)
(0.0440079 0.0385157 0)
(0.0483004 0.0349193 0)
(0.0524658 0.031029 0)
(0.0565562 0.0268862 0)
(0.0605098 0.0224975 0)
(0.064792 0.0177157 0)
(0.0727768 0.0124329 0)
(0.00264262 0.145288 0)
(0.00555589 0.117291 0)
(0.00803752 0.0981999 0)
(0.0103956 0.085585 0)
(0.0125072 0.0766658 0)
(0.0144233 0.0700153 0)
(0.0162432 0.064861 0)
(0.0180674 0.0607298 0)
(0.0199871 0.0572988 0)
(0.0220778 0.0543285 0)
(0.0243945 0.0516316 0)
(0.0269694 0.0490566 0)
(0.0298113 0.0464804 0)
(0.0329062 0.043804 0)
(0.0362197 0.0409524 0)
(0.0396973 0.037875 0)
(0.0432637 0.0345471 0)
(0.0468188 0.0309695 0)
(0.0503161 0.027169 0)
(0.0537835 0.0231759 0)
(0.0572044 0.0189922 0)
(0.0609662 0.0144854 0)
(0.0680708 0.00953073 0)
(0.00362978 0.140901 0)
(0.00733538 0.113769 0)
(0.0107426 0.095195 0)
(0.0137819 0.0830102 0)
(0.0163678 0.0744355 0)
(0.0185664 0.0680265 0)
(0.0204986 0.0630052 0)
(0.022282 0.0589034 0)
(0.0240221 0.0554108 0)
(0.0258076 0.0523061 0)
(0.0277077 0.0494232 0)
(0.0297703 0.0466333 0)
(0.0320215 0.0438354 0)
(0.0344671 0.0409511 0)
(0.0370936 0.0379229 0)
(0.0398693 0.034714 0)
(0.0427405 0.0313077 0)
(0.0456311 0.027709 0)
(0.0485011 0.0239432 0)
(0.0514044 0.0200369 0)
(0.0542997 0.0159964 0)
(0.057528 0.011689 0)
(0.0638766 0.0070179 0)
(0.00446999 0.135368 0)
(0.00884408 0.109268 0)
(0.0130467 0.0914371 0)
(0.0166593 0.0798966 0)
(0.0196348 0.0718569 0)
(0.0220576 0.0658575 0)
(0.0240704 0.0611185 0)
(0.025808 0.0571799 0)
(0.0273891 0.053746 0)
(0.0289144 0.0506146 0)
(0.030464 0.0476404 0)
(0.0320975 0.0447158 0)
(0.0338541 0.0417603 0)
(0.0357534 0.0387145 0)
(0.0377981 0.0355376 0)
(0.0399728 0.0322056 0)
(0.0422424 0.0287117 0)
(0.044548 0.0250668 0)
(0.046869 0.021298 0)
(0.0492404 0.0174361 0)
(0.0516554 0.013481 0)
(0.0543996 0.0093319 0)
(0.0599064 0.00489001 0)
(0.00512201 0.128875 0)
(0.0100892 0.103938 0)
(0.0149514 0.0870531 0)
(0.0190191 0.0763488 0)
(0.0222858 0.0690095 0)
(0.0248591 0.0635611 0)
(0.0269054 0.0592267 0)
(0.028577 0.0555585 0)
(0.0300052 0.0522789 0)
(0.0313003 0.0492059 0)
(0.0325509 0.0462155 0)
(0.0338245 0.043221 0)
(0.0351686 0.0401613 0)
(0.0366129 0.0369949 0)
(0.0381705 0.033696 0)
(0.039839 0.0302534 0)
(0.0415967 0.02667 0)
(0.0434013 0.0229634 0)
(0.0452376 0.0191661 0)
(0.0471577 0.0153107 0)
(0.0491436 0.0114067 0)
(0.0514185 0.00736181 0)
(0.056206 0.00311409 0)
(0.00569675 0.121591 0)
(0.0111696 0.0979357 0)
(0.0165377 0.0821876 0)
(0.0209243 0.0724905 0)
(0.0243641 0.0659921 0)
(0.0269946 0.0612089 0)
(0.029009 0.0573733 0)
(0.0305776 0.0540556 0)
(0.0318432 0.051 0)
(0.0329234 0.0480474 0)
(0.0339117 0.0450964 0)
(0.0348796 0.0420809 0)
(0.0358792 0.038959 0)
(0.0369454 0.0357055 0)
(0.0380983 0.0323087 0)
(0.0393435 0.0287689 0)
(0.0406703 0.0250982 0)
(0.0420481 0.0213212 0)
(0.0434763 0.0174762 0)
(0.0449898 0.0135998 0)
(0.0465955 0.0097086 0)
(0.0484724 0.00574566 0)
(0.052505 0.00164268 0)
(0.0061869 0.11362 0)
(0.0121545 0.0913877 0)
(0.0179101 0.0769828 0)
(0.0224844 0.0684577 0)
(0.0259656 0.0629217 0)
(0.0285402 0.0588921 0)
(0.0304375 0.0556207 0)
(0.0318487 0.0527044 0)
(0.0329268 0.0499154 0)
(0.0337933 0.0471215 0)
(0.0345426 0.0442453 0)
(0.0352458 0.0412422 0)
(0.0359551 0.0380884 0)
(0.0367065 0.0347739 0)
(0.0375227 0.0312998 0)
(0.0384144 0.0276762 0)
(0.0393779 0.0239233 0)
(0.0403945 0.0200718 0)
(0.0414646 0.0161656 0)
(0.0426384 0.0122475 0)
(0.0439209 0.00835068 0)
(0.0454169 0.00443499 0)
(0.048858 0.000456127 0)
(0.00675157 0.104939 0)
(0.0132239 0.0843679 0)
(0.0192618 0.071567 0)
(0.0238727 0.064397 0)
(0.0272326 0.059936 0)
(0.0296093 0.056723 0)
(0.0312824 0.0540494 0)
(0.0324655 0.0515534 0)
(0.0333189 0.0490443 0)
(0.0339626 0.0464222 0)
(0.0344863 0.0436362 0)
(0.0349555 0.0406633 0)
(0.0354174 0.037497 0)
(0.0359049 0.034141 0)
(0.0364398 0.0306069 0)
(0.0370338 0.0269131 0)
(0.0376882 0.0230855 0)
(0.0383912 0.0191599 0)
(0.039156 0.0151841 0)
(0.0400228 0.0112109 0)
(0.0410077 0.00728079 0)
(0.0422063 0.00340399 0)
(0.0450303 -0.000484518 0)
(0.00744804 0.0953877 0)
(0.0145685 0.0768749 0)
(0.0208184 0.0660642 0)
(0.0252912 0.0604834 0)
(0.0283248 0.0572055 0)
(0.0303276 0.0548405 0)
(0.0316481 0.0527583 0)
(0.0325217 0.0506629 0)
(0.0331076 0.0484145 0)
(0.033516 0.0459514 0)
(0.0338237 0.0432511 0)
(0.0340841 0.040312 0)
(0.0343346 0.0371429 0)
(0.0346004 0.0337594 0)
(0.0348982 0.0301811 0)
(0.0352381 0.0264319 0)
(0.0356227 0.0225407 0)
(0.0360479 0.0185454 0)
(0.0365294 0.0144956 0)
(0.0371207 0.0104495 0)
(0.0378526 0.00647091 0)
(0.0387543 0.00259627 0)
(0.0410764 -0.0012087 0)
(0.00857572 0.0846251 0)
(0.0165584 0.068838 0)
(0.0229242 0.0606298 0)
(0.0269797 0.0569561 0)
(0.0293973 0.0549536 0)
(0.0308056 0.0534145 0)
(0.0316306 0.0518605 0)
(0.0321139 0.050098 0)
(0.032396 0.0480545 0)
(0.0325626 0.0457112 0)
(0.0326677 0.0430741 0)
(0.0327455 0.0401601 0)
(0.0328181 0.0369911 0)
(0.0328991 0.0335908 0)
(0.032997 0.0299844 0)
(0.0331161 0.026198 0)
(0.0332581 0.0222606 0)
(0.033421 0.0182066 0)
(0.033632 0.0140839 0)
(0.0339476 0.00995018 0)
(0.0344064 0.00588583 0)
(0.0350778 0.00199658 0)
(0.0368732 -0.00174522 0)
(0.0104279 0.0720909 0)
(0.0196653 0.0600788 0)
(0.0259642 0.0555369 0)
(0.0291496 0.0541764 0)
(0.0305449 0.0534707 0)
(0.0311012 0.0526362 0)
(0.0312953 0.0514645 0)
(0.0313303 0.0499094 0)
(0.0312955 0.0479772 0)
(0.0312326 0.0456911 0)
(0.0311609 0.0430804 0)
(0.0310889 0.0401751 0)
(0.0310195 0.0370051 0)
(0.030952 0.0335988 0)
(0.0308831 0.0299838 0)
(0.030809 0.0261857 0)
(0.0307243 0.0222292 0)
(0.0306287 0.0181413 0)
(0.0305482 0.0139555 0)
(0.0305564 0.0097163 0)
(0.0307522 0.00553198 0)
(0.0311549 0.00158111 0)
(0.0325216 -0.00207628 0)
(0.0135318 0.0565322 0)
(0.024465 0.0502311 0)
(0.0303806 0.0513116 0)
(0.0318875 0.0526993 0)
(0.0317247 0.0530994 0)
(0.0311825 0.0526698 0)
(0.0306663 0.0516242 0)
(0.0302516 0.0500911 0)
(0.0299309 0.0481468 0)
(0.0296803 0.0458422 0)
(0.029476 0.043216 0)
(0.0292975 0.0403019 0)
(0.0291275 0.0371312 0)
(0.0289496 0.0337334 0)
(0.028748 0.0301357 0)
(0.028506 0.026362 0)
(0.0282078 0.0224305 0)
(0.0278411 0.0183534 0)
(0.0274279 0.014134 0)
(0.0270646 0.00978495 0)
(0.0269022 0.00538864 0)
(0.0270805 0.00129503 0)
(0.0279704 -0.00222397 0)
(0.0168172 0.0332979 0)
(0.0309448 0.0390531 0)
(0.0363009 0.0492344 0)
(0.0348921 0.0534664 0)
(0.0326337 0.0542792 0)
(0.030909 0.053681 0)
(0.0297473 0.0523826 0)
(0.0289787 0.0506402 0)
(0.0284614 0.0485482 0)
(0.0280979 0.0461482 0)
(0.0278223 0.0434664 0)
(0.027589 0.0405272 0)
(0.0273635 0.0373566 0)
(0.0271164 0.033982 0)
(0.0268186 0.0304302 0)
(0.0264394 0.0267243 0)
(0.0259435 0.0228786 0)
(0.0252942 0.0188881 0)
(0.0244856 0.0147163 0)
(0.0235969 0.0102793 0)
(0.0229437 0.00553284 0)
(0.022825 0.00135553 0)
(0.0233776 -0.00193696 0)
(0.0207796 0.0224287 0)
(0.0409036 0.0338283 0)
(0.0435677 0.0528453 0)
(0.0371658 0.0571471 0)
(0.0326632 0.0566409 0)
(0.030107 0.0549979 0)
(0.0285955 0.0530329 0)
(0.0276755 0.0508989 0)
(0.0270939 0.0485909 0)
(0.026705 0.0460847 0)
(0.0264195 0.0433682 0)
(0.0261785 0.0404451 0)
(0.0259384 0.0373311 0)
(0.0256609 0.034051 0)
(0.0253072 0.0306339 0)
(0.0248321 0.0271093 0)
(0.0241787 0.0234982 0)
(0.0232721 0.0197989 0)
(0.0220283 0.0159524 0)
(0.0204049 0.0117867 0)
(0.0190783 0.00704075 0)
(0.0184226 0.00195769 0)
(0.0182352 -0.000945545 0)
(-0.00459355 -0.0249694 0)
(0.0267392 -0.00589219 0)
(0.0383363 0.0534525 0)
(0.034063 0.0630615 0)
(0.0307554 0.0614405 0)
(0.0287839 0.0583993 0)
(0.0275022 0.0554711 0)
(0.0266843 0.052728 0)
(0.0261561 0.0500344 0)
(0.0258013 0.047279 0)
(0.0255403 0.0444011 0)
(0.0253168 0.0413787 0)
(0.0250865 0.0382164 0)
(0.0248086 0.0349369 0)
(0.0244397 0.0315753 0)
(0.0239276 0.0281733 0)
(0.0232031 0.0247721 0)
(0.0221658 0.0213947 0)
(0.0206714 0.0180052 0)
(0.0184743 0.0143586 0)
(0.0161663 0.00808467 0)
(0.0119341 0.00254887 0)
(0.0107134 0.000413976 0)
(-0.0209458 0.0178896 0)
(-0.0339688 -0.00207544 0)
(-0.0358377 -0.00599327 0)
(-0.0346931 -0.0114344 0)
(-0.0301701 0.0431187 0)
(-0.0435266 0.0336613 0)
(-0.0592418 0.0175271 0)
(-0.0698246 0.000273977 0)
(-0.083321 0.054557 0)
(-0.0849907 0.0493801 0)
(-0.0867492 0.033489 0)
(-0.0909591 0.0155259 0)
(-0.126569 0.0517472 0)
(-0.12385 0.0447492 0)
(-0.122767 0.03394 0)
(-0.123319 0.0232288 0)
(-0.158486 0.044613 0)
(-0.155088 0.0392144 0)
(-0.152845 0.0321359 0)
(-0.152389 0.0247523 0)
(-0.180187 0.0368157 0)
(-0.176741 0.0329961 0)
(-0.174132 0.0280871 0)
(-0.172377 0.0230917 0)
(-0.194116 0.0290141 0)
(-0.190479 0.0262799 0)
(-0.18741 0.0229288 0)
(-0.184921 0.0191788 0)
(-0.201943 0.0202202 0)
(-0.198071 0.0187381 0)
(-0.194933 0.016293 0)
(-0.192417 0.0133694 0)
(-0.206151 0.00975606 0)
(-0.201679 0.0102931 0)
(-0.199652 0.0106298 0)
(-0.196553 0.0087123 0)
(-0.211695 0.00760508 0)
(-0.204623 0.00904067 0)
(-0.192175 0.0156348 0)
(-0.193498 0.00752264 0)
(-0.208698 -0.019124 0)
(-0.204116 -0.00348323 0)
(-0.194226 -0.00293217 0)
(-0.181145 0.000320805 0)
(-0.183114 -0.0387811 0)
(-0.191418 -0.0439829 0)
(-0.19704 -0.0184519 0)
(-0.204236 -0.00602846 0)
(-0.166778 -0.00784607 0)
(-0.173759 0.00338352 0)
(-0.175919 0.00820236 0)
(-0.173333 0.00835168 0)
(-0.121937 0.0036789 0)
(-0.126331 0.00734248 0)
(-0.126494 0.00986383 0)
(-0.124228 0.0103631 0)
(-0.0701072 0.0103516 0)
(-0.0745705 0.0107599 0)
(-0.0755658 0.0110585 0)
(-0.0737584 0.0109047 0)
(-0.0236863 0.0171353 0)
(-0.0283401 0.015484 0)
(-0.0299357 0.0145796 0)
(-0.0285372 0.0134444 0)
(0.0146343 0.0232139 0)
(0.0103735 0.0204349 0)
(0.0087031 0.0186421 0)
(0.00974086 0.0164745 0)
(0.0445869 0.0280928 0)
(0.0410492 0.0246688 0)
(0.0396931 0.0220722 0)
(0.0406887 0.0188346 0)
(0.0662599 0.031272 0)
(0.0634115 0.0276229 0)
(0.0626134 0.0246688 0)
(0.0640602 0.0206464 0)
(0.0801471 0.0326549 0)
(0.0782078 0.02903 0)
(0.0779967 0.0259483 0)
(0.0797459 0.0214807 0)
(0.0878938 0.0324565 0)
(0.0865626 0.028964 0)
(0.0869237 0.025948 0)
(0.0891996 0.0212676 0)
(0.0906398 0.0310106 0)
(0.0900131 0.0277454 0)
(0.0908105 0.0248941 0)
(0.0932396 0.0201793 0)
(0.0900736 0.0286973 0)
(0.0897914 0.0257051 0)
(0.0909368 0.0230774 0)
(0.0936972 0.0184291 0)
(0.0870477 0.0257475 0)
(0.0872028 0.0230482 0)
(0.088537 0.0206737 0)
(0.0912361 0.0161853 0)
(0.0828816 0.0224129 0)
(0.083124 0.0199801 0)
(0.0845705 0.017878 0)
(0.0874108 0.0136253 0)
(0.0779733 0.0189914 0)
(0.0784343 0.0167915 0)
(0.0798797 0.0149559 0)
(0.0824785 0.0109577 0)
(0.0731372 0.0156902 0)
(0.0735374 0.0137038 0)
(0.0749359 0.0120898 0)
(0.0775205 0.00835331 0)
(0.0683628 0.0125927 0)
(0.0688535 0.0107771 0)
(0.0701359 0.00936377 0)
(0.0723786 0.0058773 0)
(0.0641187 0.00973631 0)
(0.0644681 0.00806387 0)
(0.0656164 0.00681756 0)
(0.0677661 0.00359206 0)
(0.0601322 0.00723665 0)
(0.0605089 0.0056742 0)
(0.0615058 0.00457794 0)
(0.0632751 0.00156862 0)
(0.0565919 0.00510854 0)
(0.0568295 0.00366269 0)
(0.0576827 0.00266097 0)
(0.0593351 -0.00015176 0)
(0.0531245 0.00329582 0)
(0.0533897 0.00193446 0)
(0.0541068 0.00101868 0)
(0.0554253 -0.00162644 0)
(0.0498527 0.00170579 0)
(0.0500169 0.000411442 0)
(0.0506146 -0.000446832 0)
(0.0518489 -0.00289465 0)
(0.0464558 0.000366281 0)
(0.0466564 -0.000907244 0)
(0.0471588 -0.00170334 0)
(0.0481096 -0.00396946 0)
(0.0430193 -0.000754959 0)
(0.0431517 -0.00200641 0)
(0.0435566 -0.00277898 0)
(0.0444297 -0.00483671 0)
(0.0393039 -0.00167831 0)
(0.039453 -0.00294012 0)
(0.0397699 -0.003673 0)
(0.0403965 -0.00552926 0)
(0.0354162 -0.00244692 0)
(0.0354885 -0.00370986 0)
(0.035691 -0.00441501 0)
(0.0362201 -0.00603015 0)
(0.0312257 -0.00297147 0)
(0.0312503 -0.00424549 0)
(0.0313393 -0.00489339 0)
(0.0316062 -0.00628737 0)
(0.0268132 -0.00321404 0)
(0.0266974 -0.00445376 0)
(0.026608 -0.00504808 0)
(0.0266939 -0.00620578 0)
(0.0221443 -0.00305246 0)
(0.0217961 -0.00426551 0)
(0.0214553 -0.00475924 0)
(0.0211722 -0.00568873 0)
(0.016999 -0.00192155 0)
(0.016352 -0.00325149 0)
(0.0156127 -0.00374929 0)
(0.0149806 -0.00454557 0)
(0.00955416 -0.000659302 0)
(0.00880462 -0.00102035 0)
(0.00778644 -0.00131938 0)
(0.0069391 -0.00219415 0)
(-0.0286159 -0.00191147 0)
(-0.0246564 0.0191643 0)
(-0.0253081 0.0102953 0)
(-0.0326676 0.00204015 0)
(-0.0424819 -0.010818 0)
(-0.0475168 -0.0325455 0)
(-0.0515003 -0.0518128 0)
(-0.0507619 -0.0480959 0)
(-0.0428221 -0.0300513 0)
(-0.0317775 -0.0124447 0)
(-0.0214551 -0.000402653 0)
(-0.0131185 0.0103879 0)
(-0.00554772 0.0171377 0)
(0.0002261 0.0203722 0)
(0.00587351 0.0184408 0)
(0.0131446 0.0119381 0)
(0.0214742 0.00813897 0)
(0.0260591 0.00782313 0)
(0.0310518 0.0483491 0)
(-0.0739062 -0.00331614 0)
(-0.0665555 0.00979569 0)
(-0.0596267 0.0105254 0)
(-0.057623 0.0093956 0)
(-0.0621494 -0.00359627 0)
(-0.0689583 -0.0273411 0)
(-0.0738543 -0.0493596 0)
(-0.0758831 -0.0486818 0)
(-0.0720468 -0.0373872 0)
(-0.0627273 -0.0220483 0)
(-0.0518663 -0.00923911 0)
(-0.0410284 0.00181673 0)
(-0.0307813 0.00983397 0)
(-0.0228388 0.0146491 0)
(-0.0175303 0.0134565 0)
(-0.0145889 0.00791716 0)
(-0.0133749 0.00479976 0)
(-0.016972 0.00850876 0)
(-0.0073682 0.0614475 0)
(-0.0987392 0.00106094 0)
(-0.10246 0.00479685 0)
(-0.100492 0.00545719 0)
(-0.0971441 0.00614718 0)
(-0.0921961 -0.0018862 0)
(-0.0905153 -0.0225566 0)
(-0.0948613 -0.0427273 0)
(-0.100366 -0.0483774 0)
(-0.0995593 -0.0420094 0)
(-0.0929165 -0.0302013 0)
(-0.0825125 -0.0186315 0)
(-0.0700884 -0.00799 0)
(-0.0569219 0.00126248 0)
(-0.0444617 0.0085174 0)
(-0.0351437 0.0101224 0)
(-0.0317675 0.00711973 0)
(-0.0340272 0.00660572 0)
(-0.0391746 0.0107006 0)
(-0.0252561 0.039929 0)
(-0.128375 0.00997343 0)
(-0.133832 0.00589404 0)
(-0.133482 0.00376355 0)
(-0.129957 0.000900034 0)
(-0.125034 -0.00717874 0)
(-0.122855 -0.0225062 0)
(-0.12586 -0.0387465 0)
(-0.12975 -0.0459226 0)
(-0.13064 -0.044677 0)
(-0.126671 -0.0381286 0)
(-0.1179 -0.030053 0)
(-0.105592 -0.0217129 0)
(-0.0904564 -0.0134422 0)
(-0.0731179 -0.00558024 0)
(-0.0552711 0.000250911 0)
(-0.040894 0.00392947 0)
(-0.0334857 0.00766793 0)
(-0.0318512 0.0031041 0)
(-0.0200975 0.000821275 0)
(-0.153377 0.014872 0)
(-0.156056 0.00766799 0)
(-0.156122 0.00293635 0)
(-0.154095 -0.00236091 0)
(-0.151319 -0.0104306 0)
(-0.150205 -0.0226211 0)
(-0.152312 -0.0355564 0)
(-0.156287 -0.0431784 0)
(-0.158383 -0.0449523 0)
(-0.156516 -0.0424587 0)
(-0.150303 -0.03819 0)
(-0.140017 -0.033167 0)
(-0.125996 -0.0278927 0)
(-0.108446 -0.0226621 0)
(-0.0879681 -0.0176266 0)
(-0.0657768 -0.0112423 0)
(-0.0422972 -0.00250433 0)
(-0.020958 -0.00530628 0)
(-0.00758768 -0.0191881 0)
(-0.17101 0.0155442 0)
(-0.171104 0.0083106 0)
(-0.170777 0.00246394 0)
(-0.169831 -0.0035261 0)
(-0.169023 -0.0113176 0)
(-0.169814 -0.021501 0)
(-0.173036 -0.032311 0)
(-0.177359 -0.0401727 0)
(-0.180472 -0.0440848 0)
(-0.180693 -0.0451432 0)
(-0.177116 -0.0446435 0)
(-0.169585 -0.0433541 0)
(-0.158124 -0.0417093 0)
(-0.142631 -0.0401237 0)
(-0.122872 -0.0385935 0)
(-0.0986699 -0.0352926 0)
(-0.0696117 -0.0298669 0)
(-0.0376936 -0.0284108 0)
(-0.0158592 -0.0254848 0)
(-0.182005 0.0133796 0)
(-0.179926 0.00707437 0)
(-0.178883 0.00138585 0)
(-0.178414 -0.00451067 0)
(-0.179006 -0.0113063 0)
(-0.181486 -0.0198572 0)
(-0.185842 -0.0292857 0)
(-0.190914 -0.0372478 0)
(-0.195181 -0.0428727 0)
(-0.19726 -0.0467983 0)
(-0.196096 -0.0498644 0)
(-0.191128 -0.0523587 0)
(-0.182185 -0.0543066 0)
(-0.169451 -0.0575101 0)
(-0.151995 -0.0614767 0)
(-0.129245 -0.0639556 0)
(-0.100725 -0.0647944 0)
(-0.0657634 -0.0651937 0)
(-0.0387705 -0.0590518 0)
(-0.188509 0.00911401 0)
(-0.184384 0.00477881 0)
(-0.182069 0.000383848 0)
(-0.181178 -0.00432611 0)
(-0.181989 -0.00954594 0)
(-0.185151 -0.0166047 0)
(-0.190289 -0.0250614 0)
(-0.196126 -0.0328771 0)
(-0.2014 -0.0394195 0)
(-0.204904 -0.045346 0)
(-0.205408 -0.0510523 0)
(-0.202109 -0.0563597 0)
(-0.196357 -0.0616227 0)
(-0.185904 -0.0673433 0)
(-0.169525 -0.073787 0)
(-0.147875 -0.078736 0)
(-0.119506 -0.0822181 0)
(-0.084218 -0.0890827 0)
(-0.0584488 -0.101196 0)
(-0.193919 0.00663594 0)
(-0.187645 0.00355401 0)
(-0.183478 0.000315328 0)
(-0.180644 -0.00338821 0)
(-0.178806 -0.0068008 0)
(-0.179921 -0.0117195 0)
(-0.18451 -0.0193213 0)
(-0.190445 -0.0271325 0)
(-0.196284 -0.0339495 0)
(-0.200982 -0.0408705 0)
(-0.203069 -0.0482425 0)
(-0.202286 -0.0550976 0)
(-0.197335 -0.0605157 0)
(-0.189137 -0.0695692 0)
(-0.173813 -0.0822723 0)
(-0.150181 -0.0889703 0)
(-0.121761 -0.100688 0)
(-0.0797502 -0.116452 0)
(-0.0692582 -0.151132 0)
(-0.18919 0.00454579 0)
(-0.183696 0.00300782 0)
(-0.17944 0.000578973 0)
(-0.177762 -0.00148498 0)
(-0.176537 -0.00223951 0)
(-0.176572 -0.00499547 0)
(-0.180285 -0.0109238 0)
(-0.186443 -0.0166847 0)
(-0.190849 -0.0227465 0)
(-0.192788 -0.0316683 0)
(-0.194587 -0.0422828 0)
(-0.196633 -0.0562499 0)
(-0.19421 -0.0641426 0)
(-0.178614 -0.0822093 0)
(-0.162162 -0.0886795 0)
(-0.146761 -0.103647 0)
(-0.127738 -0.117152 0)
(-0.0995569 -0.143665 0)
(-0.100953 -0.260542 0)
(-0.200668 -0.00480286 0)
(-0.206564 -0.00618291 0)
(-0.215807 -0.0104864 0)
(-0.220479 -0.0156977 0)
(-0.22099 -0.015019 0)
(-0.220798 -0.0114914 0)
(-0.220108 -0.0133535 0)
(-0.209992 -0.025515 0)
(-0.189283 -0.0367138 0)
(-0.171679 -0.0451488 0)
(-0.165367 -0.0522594 0)
(-0.167373 -0.0601191 0)
(-0.160227 -0.0973261 0)
(-0.142758 -0.118986 0)
(-0.119465 -0.165118 0)
(-0.105072 -0.178423 0)
(-0.0841005 -0.20943 0)
(-0.0442838 -0.235876 0)
(0.0031978 -0.332356 0)
(-0.195883 0.00438368 0)
(-0.205569 0.0051935 0)
(-0.21079 0.00305394 0)
(-0.213342 -0.00427372 0)
(-0.214454 -0.009713 0)
(-0.213031 -0.0113057 0)
(-0.206492 -0.0206099 0)
(-0.193051 -0.0451695 0)
(-0.174152 -0.0610528 0)
(-0.150563 -0.0636004 0)
(-0.133129 -0.0580748 0)
(-0.121476 -0.0726683 0)
(-0.109377 -0.0991249 0)
(-0.0924602 -0.13956 0)
(-0.0754343 -0.144289 0)
(-0.0588041 -0.160308 0)
(-0.0348101 -0.183755 0)
(-0.00591296 -0.228117 0)
(0.0163654 -0.300095 0)
(-0.161885 0.00617903 0)
(-0.168822 0.00864443 0)
(-0.170384 0.0041017 0)
(-0.170909 -0.00405008 0)
(-0.171284 -0.00947378 0)
(-0.16783 -0.0147637 0)
(-0.160454 -0.0281275 0)
(-0.15151 -0.0553406 0)
(-0.138573 -0.0741809 0)
(-0.12252 -0.0798185 0)
(-0.104139 -0.0703212 0)
(-0.0842033 -0.0814282 0)
(-0.0687126 -0.112116 0)
(-0.0572485 -0.137111 0)
(-0.0466644 -0.154356 0)
(-0.0317679 -0.169595 0)
(-0.012595 -0.201639 0)
(0.00419138 -0.244922 0)
(0.00815375 -0.295232 0)
(-0.111767 0.00513979 0)
(-0.121276 0.00605012 0)
(-0.121032 0.00354073 0)
(-0.120148 -0.00287256 0)
(-0.118543 -0.0104141 0)
(-0.113848 -0.0196709 0)
(-0.105788 -0.0358811 0)
(-0.0998268 -0.0609178 0)
(-0.0952 -0.0823273 0)
(-0.0875339 -0.0896397 0)
(-0.0722351 -0.0846543 0)
(-0.0538057 -0.0942667 0)
(-0.0383762 -0.120585 0)
(-0.0292775 -0.146886 0)
(-0.0215434 -0.164388 0)
(-0.0106207 -0.182524 0)
(-0.000113163 -0.210167 0)
(0.00587286 -0.248121 0)
(0.00482778 -0.293725 0)
(-0.061364 0.00555422 0)
(-0.0726674 0.00622563 0)
(-0.0727298 0.00259722 0)
(-0.0705053 -0.00477272 0)
(-0.0673815 -0.0138351 0)
(-0.0620082 -0.0257489 0)
(-0.0552836 -0.0425337 0)
(-0.0502331 -0.0656691 0)
(-0.0485511 -0.0869752 0)
(-0.0463795 -0.0975647 0)
(-0.0374325 -0.100515 0)
(-0.0232493 -0.11128 0)
(-0.0116151 -0.13107 0)
(-0.00453634 -0.153439 0)
(0.00041834 -0.171959 0)
(0.00539474 -0.191842 0)
(0.00983759 -0.216936 0)
(0.00988477 -0.249692 0)
(0.00632787 -0.289857 0)
(-0.016173 0.00643253 0)
(-0.0276758 0.00488788 0)
(-0.0280089 0.000316817 0)
(-0.0252838 -0.00755091 0)
(-0.0215909 -0.0178251 0)
(-0.0168488 -0.0307628 0)
(-0.0116438 -0.0476597 0)
(-0.00816528 -0.0677431 0)
(-0.00761061 -0.0872045 0)
(-0.00700681 -0.100951 0)
(-0.00247957 -0.109489 0)
(0.00529733 -0.121412 0)
(0.0124535 -0.13834 0)
(0.0163923 -0.156945 0)
(0.0181034 -0.175302 0)
(0.0190635 -0.19415 0)
(0.0183585 -0.216594 0)
(0.0142534 -0.245867 0)
(0.00860956 -0.282155 0)
(0.0212978 0.00767226 0)
(0.0107212 0.00407287 0)
(0.010685 -0.00161024 0)
(0.0132615 -0.0102009 0)
(0.0166113 -0.0212633 0)
(0.0204858 -0.0347329 0)
(0.0240973 -0.0508928 0)
(0.0261695 -0.0692088 0)
(0.0261527 -0.0869749 0)
(0.0254993 -0.101436 0)
(0.0267381 -0.1134 0)
(0.0299456 -0.126157 0)
(0.0327086 -0.141366 0)
(0.0334243 -0.157959 0)
(0.0321905 -0.174613 0)
(0.0294492 -0.192066 0)
(0.0250036 -0.212338 0)
(0.0177308 -0.238646 0)
(0.00997329 -0.272106 0)
(0.052159 0.00836534 0)
(0.0423276 0.00350764 0)
(0.0423586 -0.00328693 0)
(0.044583 -0.0126376 0)
(0.0472777 -0.0240932 0)
(0.050105 -0.0375267 0)
(0.0523333 -0.0529196 0)
(0.0531726 -0.0696246 0)
(0.052337 -0.0860978 0)
(0.0507306 -0.100821 0)
(0.0496967 -0.113842 0)
(0.049365 -0.126972 0)
(0.0485812 -0.141156 0)
(0.0463121 -0.156068 0)
(0.0423458 -0.171255 0)
(0.0367973 -0.187143 0)
(0.0294246 -0.205337 0)
(0.0199357 -0.229315 0)
(0.0105658 -0.260572 0)
(0.0754719 0.00875736 0)
(0.0664886 0.00277665 0)
(0.0664958 -0.00478727 0)
(0.0683396 -0.0145928 0)
(0.0703644 -0.026131 0)
(0.0722199 -0.039247 0)
(0.0732965 -0.053778 0)
(0.0731067 -0.0691956 0)
(0.0714959 -0.0845101 0)
(0.0689389 -0.0988187 0)
(0.0661759 -0.112105 0)
(0.0633608 -0.125128 0)
(0.0599227 -0.138443 0)
(0.0552434 -0.152024 0)
(0.0490687 -0.165757 0)
(0.0412968 -0.180063 0)
(0.0319711 -0.196434 0)
(0.0209741 -0.21846 0)
(0.0105167 -0.248375 0)
(0.0914941 0.0085719 0)
(0.0832894 0.00183501 0)
(0.0833774 -0.0061544 0)
(0.0849299 -0.0161 0)
(0.0863838 -0.0274785 0)
(0.087448 -0.0400953 0)
(0.0876262 -0.0537458 0)
(0.0866107 -0.0680133 0)
(0.0843054 -0.0822535 0)
(0.0809552 -0.0958944 0)
(0.0769543 -0.108817 0)
(0.0724208 -0.121347 0)
(0.0670902 -0.133777 0)
(0.0606072 -0.146168 0)
(0.0527592 -0.15857 0)
(0.0434764 -0.171432 0)
(0.0327653 -0.186229 0)
(0.020988 -0.206829 0)
(0.00993216 -0.236111 0)
(0.100892 0.00775958 0)
(0.0936055 0.000651629 0)
(0.0938358 -0.00744602 0)
(0.095189 -0.0172798 0)
(0.0962187 -0.0282971 0)
(0.0966947 -0.040284 0)
(0.0962166 -0.0530333 0)
(0.0945839 -0.0662175 0)
(0.0917313 -0.0793969 0)
(0.0877762 -0.0921804 0)
(0.0829254 -0.104424 0)
(0.0772609 -0.116229 0)
(0.0706657 -0.127738 0)
(0.0629508 -0.139023 0)
(0.053986 -0.150213 0)
(0.0436911 -0.161802 0)
(0.0323217 -0.175338 0)
(0.0202557 -0.19494 0)
(0.00915536 -0.22428 0)
(0.105077 0.00638952 0)
(0.0985479 -0.000766369 0)
(0.0989694 -0.00872357 0)
(0.100204 -0.0182393 0)
(0.100943 -0.0287407 0)
(0.101012 -0.0400056 0)
(0.100086 -0.0518385 0)
(0.0980307 -0.0639772 0)
(0.0947982 -0.076104 0)
(0.0904391 -0.0879354 0)
(0.0850602 -0.0993237 0)
(0.0787163 -0.110268 0)
(0.0713642 -0.120823 0)
(0.0629155 -0.131062 0)
(0.0533064 -0.141157 0)
(0.0425689 -0.151663 0)
(0.0309179 -0.164229 0)
(0.0190393 -0.183277 0)
(0.00818028 -0.213174 0)
(0.105166 0.00459555 0)
(0.0994178 -0.00238502 0)
(0.0999879 -0.010012 0)
(0.101143 -0.0190579 0)
(0.101691 -0.0289351 0)
(0.101494 -0.0394202 0)
(0.100285 -0.0503312 0)
(0.0979742 -0.0614526 0)
(0.0945235 -0.0725424 0)
(0.0899501 -0.0833817 0)
(0.0843087 -0.093832 0)
(0.0776367 -0.103847 0)
(0.0699285 -0.113443 0)
(0.0611608 -0.122692 0)
(0.0513362 -0.131808 0)
(0.0404988 -0.141416 0)
(0.0290676 -0.153295 0)
(0.017626 -0.17213 0)
(0.00741969 -0.20292 0)
(0.102567 0.00252072 0)
(0.097343 -0.00413473 0)
(0.0980377 -0.0113046 0)
(0.0991287 -0.0197821 0)
(0.0995474 -0.0289705 0)
(0.0991845 -0.0386483 0)
(0.0978172 -0.0486462 0)
(0.0953835 -0.0587818 0)
(0.0918546 -0.0688611 0)
(0.0872311 -0.0787077 0)
(0.0815407 -0.0881964 0)
(0.0748118 -0.0972671 0)
(0.0670601 -0.105922 0)
(0.058301 -0.114246 0)
(0.0485757 -0.122496 0)
(0.0380254 -0.131376 0)
(0.0269856 -0.142796 0)
(0.0162107 -0.161697 0)
(0.00667474 -0.193509 0)
(0.0980957 0.000301315 0)
(0.0934074 -0.00593099 0)
(0.0941393 -0.0125737 0)
(0.0951513 -0.0204302 0)
(0.0954738 -0.0289037 0)
(0.0950099 -0.037774 0)
(0.0935719 -0.0468838 0)
(0.0911163 -0.0560742 0)
(0.0876208 -0.0651838 0)
(0.083079 -0.0740653 0)
(0.0775056 -0.0826085 0)
(0.070924 -0.0907551 0)
(0.0633613 -0.0985113 0)
(0.0548588 -0.105982 0)
(0.0454942 -0.113472 0)
(0.035392 -0.121767 0)
(0.0250274 -0.132912 0)
(0.0149632 -0.152032 0)
(0.00631351 -0.184818 0)
(0.0927367 -0.00191628 0)
(0.088388 -0.00768884 0)
(0.0891084 -0.0137782 0)
(0.0900264 -0.0210018 0)
(0.0902641 -0.0287658 0)
(0.0897384 -0.0368523 0)
(0.088288 -0.0451147 0)
(0.0858817 -0.053412 0)
(0.0825024 -0.0616057 0)
(0.0781412 -0.0695704 0)
(0.0728064 -0.0772109 0)
(0.0665187 -0.0844788 0)
(0.0593119 -0.0913931 0)
(0.0512392 -0.0980854 0)
(0.0423875 -0.104911 0)
(0.0329416 -0.112733 0)
(0.0232425 -0.123714 0)
(0.0139315 -0.14312 0)
(0.00594713 -0.176707 0)
(0.0869138 -0.00402871 0)
(0.0829373 -0.00933793 0)
(0.0835719 -0.0148795 0)
(0.0843711 -0.0214885 0)
(0.084527 -0.0285718 0)
(0.083961 -0.0359164 0)
(0.0825341 -0.0433855 0)
(0.0802239 -0.0508522 0)
(0.0770171 -0.058195 0)
(0.0729043 -0.0653057 0)
(0.0678907 -0.0721036 0)
(0.0619949 -0.0785534 0)
(0.0552514 -0.0846917 0)
(0.0477188 -0.090679 0)
(0.0394942 -0.0969173 0)
(0.0307105 -0.104343 0)
(0.0217932 -0.115215 0)
(0.0131545 -0.134875 0)
(0.00592538 -0.169002 0)
(0.0811993 -0.00596219 0)
(0.0774158 -0.0108225 0)
(0.0779507 -0.015849 0)
(0.0786172 -0.02188 0)
(0.0786885 -0.028327 0)
(0.0780927 -0.0349845 0)
(0.0767093 -0.0417241 0)
(0.0745225 -0.0484306 0)
(0.0715217 -0.0549954 0)
(0.067698 -0.0613242 0)
(0.0630544 -0.0673493 0)
(0.0576069 -0.0730497 0)
(0.051388 -0.0784802 0)
(0.0444521 -0.0838292 0)
(0.0368816 -0.0895409 0)
(0.0288383 -0.0966107 0)
(0.0205794 -0.107371 0)
(0.0125649 -0.127192 0)
(0.00576448 -0.161602 0)
(0.075639 -0.00767321 0)
(0.0721148 -0.0121061 0)
(0.0725147 -0.0166682 0)
(0.0730295 -0.0221675 0)
(0.0730129 -0.0280323 0)
(0.0723901 -0.0340649 0)
(0.0710586 -0.0401449 0)
(0.0690069 -0.0461658 0)
(0.0662268 -0.05203 0)
(0.06271 -0.0576536 0)
(0.0584575 -0.0629806 0)
(0.0534817 -0.0680026 0)
(0.047809 -0.0727916 0)
(0.041486 -0.0775597 0)
(0.0345871 -0.0827853 0)
(0.027197 -0.0895107 0)
(0.0196316 -0.100115 0)
(0.0121299 -0.119966 0)
(0.00585482 -0.154397 0)
(0.0704797 -0.00911491 0)
(0.0671145 -0.0131694 0)
(0.0673795 -0.0173229 0)
(0.0677379 -0.0223434 0)
(0.0676273 -0.0276855 0)
(0.0669763 -0.0331594 0)
(0.0656966 -0.0386516 0)
(0.0637802 -0.0440634 0)
(0.0612208 -0.049305 0)
(0.0580105 -0.0543012 0)
(0.0541481 -0.0590051 0)
(0.0496416 -0.0634189 0)
(0.0445103 -0.0676279 0)
(0.038787 -0.0718632 0)
(0.0325176 -0.0766282 0)
(0.0258011 -0.0829954 0)
(0.0187736 -0.0933745 0)
(0.0117382 -0.113109 0)
(0.00568223 -0.147384 0)
(0.06559 -0.0102824 0)
(0.0624571 -0.0140081 0)
(0.0625676 -0.0178059 0)
(0.0627627 -0.0224038 0)
(0.0625547 -0.0272837 0)
(0.0618712 -0.0322651 0)
(0.0606374 -0.037241 0)
(0.0588483 -0.0421187 0)
(0.0564988 -0.0468144 0)
(0.0535812 -0.0512593 0)
(0.0500923 -0.0554129 0)
(0.046035 -0.059285 0)
(0.0414193 -0.0629707 0)
(0.0362647 -0.066713 0)
(0.0306027 -0.0710309 0)
(0.024446 -0.0770156 0)
(0.017994 -0.0870849 0)
(0.0113481 -0.106574 0)
(0.00569383 -0.140545 0)
(0.0610466 -0.0111842 0)
(0.0580507 -0.0146251 0)
(0.0580163 -0.0181185 0)
(0.0580526 -0.0223477 0)
(0.0577436 -0.0268239 0)
(0.0570223 -0.0313771 0)
(0.0558255 -0.0359053 0)
(0.0541506 -0.0403207 0)
(0.0519934 -0.0445437 0)
(0.0493463 -0.0485095 0)
(0.0462042 -0.052182 0)
(0.0425649 -0.0555751 0)
(0.0384302 -0.0587892 0)
(0.0338048 -0.0620735 0)
(0.0286895 -0.0659538 0)
(0.0231156 -0.0715245 0)
(0.0171049 -0.0812091 0)
(0.0108562 -0.100325 0)
(0.00536207 -0.13397 0)
(0.0566169 -0.0118434 0)
(0.0538237 -0.0150289 0)
(0.0536345 -0.0182654 0)
(0.0535106 -0.0221759 0)
(0.0530988 -0.0263039 0)
(0.052334 -0.0304892 0)
(0.0511642 -0.0346344 0)
(0.0495884 -0.0386549 0)
(0.0476032 -0.0424737 0)
(0.0452009 -0.0460284 0)
(0.0423748 -0.0492845 0)
(0.0391183 -0.0522575 0)
(0.0354251 -0.0550486 0)
(0.0312879 -0.0579078 0)
(0.0266981 -0.0613593 0)
(0.0216052 -0.0664955 0)
(0.016121 -0.0757233 0)
(0.0102446 -0.0943954 0)
(0.00518868 -0.127705 0)
(0.0522863 -0.0122623 0)
(0.0496341 -0.015225 0)
(0.0492979 -0.0182501 0)
(0.0490201 -0.0218891 0)
(0.0485036 -0.025721 0)
(0.0476911 -0.0295952 0)
(0.0465398 -0.0334177 0)
(0.0450495 -0.0371057 0)
(0.0432171 -0.0405838 0)
(0.0410351 -0.0437903 0)
(0.0384951 -0.0466908 0)
(0.0355877 -0.0492994 0)
(0.0323008 -0.0517148 0)
(0.0286167 -0.0541825 0)
(0.0245014 -0.0572213 0)
(0.0199413 -0.0619084 0)
(0.014876 -0.0706467 0)
(0.00943751 -0.0888011 0)
(0.00464111 -0.121899 0)
(0.0478444 -0.0124606 0)
(0.0453749 -0.0152224 0)
(0.0448886 -0.0180759 0)
(0.0444577 -0.0214884 0)
(0.0438381 -0.0250737 0)
(0.0429773 -0.0286904 0)
(0.0418403 -0.0322464 0)
(0.0404268 -0.0356598 0)
(0.0387332 -0.0388557 0)
(0.036752 -0.0417724 0)
(0.0344744 -0.0443744 0)
(0.031889 -0.0466726 0)
(0.0289797 -0.0487598 0)
(0.0257213 -0.0508737 0)
(0.0220808 -0.0535208 0)
(0.0179679 -0.0577681 0)
(0.0134493 -0.065994 0)
(0.0084412 -0.0836384 0)
(0.00425066 -0.116637 0)
(0.0432712 -0.012448 0)
(0.0409183 -0.0150288 0)
(0.0402855 -0.0177471 0)
(0.0397094 -0.0209765 0)
(0.0389919 -0.024364 0)
(0.0380885 -0.027775 0)
(0.0369693 -0.0311176 0)
(0.0356321 -0.03431 0)
(0.034072 -0.0372774 0)
(0.0322812 -0.0399584 0)
(0.0302508 -0.0423158 0)
(0.02797 -0.0443566 0)
(0.025421 -0.0461654 0)
(0.0225755 -0.0479675 0)
(0.0193787 -0.0502547 0)
(0.015793 -0.0540762 0)
(0.0117057 -0.0618101 0)
(0.00718427 -0.0789384 0)
(0.00344352 -0.112119 0)
(0.0384058 -0.0122345 0)
(0.0361765 -0.0146468 0)
(0.0353901 -0.0172664 0)
(0.0346737 -0.0203598 0)
(0.033872 -0.0236008 0)
(0.0329422 -0.0268579 0)
(0.0318557 -0.030038 0)
(0.0306062 -0.033059 0)
(0.0291861 -0.0358472 0)
(0.0275868 -0.0383418 0)
(0.0258005 -0.0405054 0)
(0.0238174 -0.0423408 0)
(0.0216217 -0.0439237 0)
(0.0191832 -0.0454624 0)
(0.0164549 -0.0474262 0)
(0.0133178 -0.0508491 0)
(0.00979965 -0.0581022 0)
(0.00563848 -0.0747936 0)
(0.00270154 -0.108515 0)
(0.0332219 -0.0117906 0)
(0.0310493 -0.014067 0)
(0.0301028 -0.0166367 0)
(0.0292667 -0.0196521 0)
(0.0284085 -0.0228048 0)
(0.027484 -0.0259618 0)
(0.0264605 -0.0290293 0)
(0.0253248 -0.0319255 0)
(0.0240654 -0.0345796 0)
(0.0226725 -0.0369333 0)
(0.0211391 -0.0389503 0)
(0.0194579 -0.0406315 0)
(0.0176171 -0.0420431 0)
(0.0155902 -0.0433738 0)
(0.0133095 -0.0450625 0)
(0.0107105 -0.0481141 0)
(0.00759491 -0.054932 0)
(0.00365971 -0.0712796 0)
(0.00137959 -0.106126 0)
(0.0275787 -0.011088 0)
(0.0254275 -0.0132893 0)
(0.024336 -0.0158904 0)
(0.0234217 -0.0189074 0)
(0.0225604 -0.0220403 0)
(0.0216943 -0.0251557 0)
(0.0207819 -0.0281608 0)
(0.0198021 -0.0309785 0)
(0.0187392 -0.0335421 0)
(0.0175821 -0.0357981 0)
(0.0163242 -0.0377133 0)
(0.0149612 -0.0392893 0)
(0.0134856 -0.0405855 0)
(0.0118743 -0.0417703 0)
(0.0100711 -0.0432437 0)
(0.00790947 -0.0459674 0)
(0.00532264 -0.0523433 0)
(0.00130269 -0.0685176 0)
(0.000224919 -0.105723 0)
(0.0213276 -0.00999045 0)
(0.0191663 -0.0122024 0)
(0.0179958 -0.0149263 0)
(0.0171034 -0.0180162 0)
(0.016328 -0.0211735 0)
(0.0155976 -0.0242747 0)
(0.0148619 -0.0272356 0)
(0.0140943 -0.0299875 0)
(0.0132774 -0.0324712 0)
(0.0123999 -0.0346387 0)
(0.0114561 -0.0364613 0)
(0.0104431 -0.0379416 0)
(0.00935856 -0.0391338 0)
(0.00818788 -0.0401834 0)
(0.006862 -0.0414322 0)
(0.00529202 -0.0437202 0)
(0.00315733 -0.049283 0)
(-0.00148014 -0.0643798 0)
(-0.00116871 -0.104607 0)
(0.0142946 -0.00875615 0)
(0.0122225 -0.0113121 0)
(0.0111558 -0.0143307 0)
(0.0104466 -0.0176021 0)
(0.00988566 -0.0208637 0)
(0.00938604 -0.0240179 0)
(0.00890147 -0.0270002 0)
(0.00840774 -0.0297545 0)
(0.00789079 -0.0322308 0)
(0.00734219 -0.0343877 0)
(0.0067578 -0.0362021 0)
(0.0061375 -0.0376809 0)
(0.00548449 -0.0388788 0)
(0.00479908 -0.0399331 0)
(0.00407451 -0.0411492 0)
(0.0032587 -0.0432907 0)
(0.00239189 -0.0487175 0)
(-0.00245646 -0.064688 0)
(0.00092904 -0.115931 0)
(0.00574205 -0.00612975 0)
(0.00444622 -0.00963421 0)
(0.00387479 -0.0132057 0)
(0.00355186 -0.0166929 0)
(0.00332804 -0.0200317 0)
(0.00314005 -0.0231958 0)
(0.00296157 -0.0261505 0)
(0.00278061 -0.0288518 0)
(0.00259078 -0.0312528 0)
(0.00238857 -0.0333114 0)
(0.0021723 -0.0350009 0)
(0.00194213 -0.0363217 0)
(0.00170128 -0.0373173 0)
(0.00145904 -0.0380997 0)
(0.00122889 -0.0388989 0)
(0.00110374 -0.0402239 0)
(0.00153104 -0.043822 0)
(-0.00205883 -0.0584025 0)
(0.0171821 -0.0970865 0)
)
;

boundaryField
{
    leftWall
    {
        type            noSlip;
    }
    rightWall
    {
        type            noSlip;
    }
    lowerWall
    {
        type            noSlip;
    }
    atmosphere
    {
        type            pressureInletOutletVelocity;
        value           nonuniform List<vector> 
46
(
(0 -0.0249694 0)
(0 -0.00589219 0)
(0.0383363 0.0534525 0)
(0.034063 0.0630615 0)
(0.0307554 0.0614405 0)
(0.0287839 0.0583993 0)
(0.0275022 0.0554711 0)
(0.0266843 0.052728 0)
(0.0261561 0.0500344 0)
(0.0258013 0.047279 0)
(0.0255403 0.0444011 0)
(0.0253168 0.0413787 0)
(0.0250865 0.0382164 0)
(0.0248086 0.0349369 0)
(0.0244397 0.0315753 0)
(0.0239276 0.0281733 0)
(0.0232031 0.0247721 0)
(0.0221658 0.0213947 0)
(0.0206714 0.0180052 0)
(0.0184743 0.0143586 0)
(0.0161663 0.00808467 0)
(0.0119341 0.00254887 0)
(0.0107134 0.000413976 0)
(0 -0.000659302 0)
(0 -0.00102035 0)
(0 -0.00131938 0)
(0 -0.00219415 0)
(0 -0.00612975 0)
(0 -0.00963421 0)
(0 -0.0132057 0)
(0 -0.0166929 0)
(0 -0.0200317 0)
(0 -0.0231958 0)
(0 -0.0261505 0)
(0 -0.0288518 0)
(0 -0.0312528 0)
(0 -0.0333114 0)
(0 -0.0350009 0)
(0 -0.0363217 0)
(0 -0.0373173 0)
(0 -0.0380997 0)
(0 -0.0388989 0)
(0 -0.0402239 0)
(0 -0.043822 0)
(0 -0.0584025 0)
(0 -0.0970865 0)
)
;
    }
    defaultFaces
    {
        type            empty;
    }
}


// ************************************************************************* //
