/*--------------------------------*- C++ -*----------------------------------*\
  =========                 |
  \\      /  F ield         | OpenFOAM: The Open Source CFD Toolbox
   \\    /   O peration     | Website:  https://openfoam.org
    \\  /    A nd           | Version:  13
     \\/     M anipulation  |
\*---------------------------------------------------------------------------*/
FoamFile
{
    format      ascii;
    class       surfaceScalarField;
    location    "1.75";
    object      phi;
}
// * * * * * * * * * * * * * * * * * * * * * * * * * * * * * * * * * * * * * //

dimensions      [0 3 -1 0 0 0 0];

internalField   nonuniform List<scalar> 
4432
(
-1.81238e-06
1.8124e-06
-3.03051e-06
1.21814e-06
-4.19547e-06
1.16496e-06
-5.36011e-06
1.16464e-06
-6.51273e-06
1.15262e-06
-7.65189e-06
1.13916e-06
-8.78281e-06
1.13092e-06
-9.89255e-06
1.10974e-06
-1.09394e-05
1.04688e-06
-1.18704e-05
9.30924e-07
-1.26538e-05
7.83411e-07
-1.32627e-05
6.08983e-07
-1.36473e-05
3.84597e-07
-1.37562e-05
1.08885e-07
-1.35657e-05
-1.90529e-07
-1.30328e-05
-5.32883e-07
-1.20896e-05
-9.43256e-07
-1.07353e-05
-1.35426e-06
-9.00424e-06
-1.73105e-06
-6.92836e-06
-2.07588e-06
-4.5996e-06
-2.32876e-06
-2.35349e-06
-2.2461e-06
-2.35348e-06
-1.48609e-06
3.29851e-06
-2.7356e-06
2.46765e-06
-4.02466e-06
2.45402e-06
-5.29147e-06
2.43144e-06
-6.50966e-06
2.3708e-06
-7.68545e-06
2.31494e-06
-8.82669e-06
2.27214e-06
-9.92182e-06
2.20486e-06
-1.09331e-05
2.05812e-06
-1.1815e-05
1.81288e-06
-1.25405e-05
1.50887e-06
-1.30795e-05
1.14801e-06
-1.33829e-05
6.87992e-07
-1.34068e-05
1.32723e-07
-1.3134e-05
-4.63262e-07
-1.25293e-05
-1.13765e-06
-1.15482e-05
-1.92434e-06
-1.02084e-05
-2.69413e-06
-8.55704e-06
-3.3824e-06
-6.64755e-06
-3.98539e-06
-4.56172e-06
-4.41462e-06
-2.37039e-06
-4.43745e-06
-4.72391e-06
-1.28715e-06
4.58566e-06
-2.62017e-06
3.80066e-06
-3.96897e-06
3.80282e-06
-5.26954e-06
3.732e-06
-6.50222e-06
3.60346e-06
-7.67738e-06
3.4901e-06
-8.80021e-06
3.39497e-06
-9.8569e-06
3.26154e-06
-1.08106e-05
3.01185e-06
-1.16215e-05
2.62379e-06
-1.22701e-05
2.15749e-06
-1.27264e-05
1.6043e-06
-1.29433e-05
9.04908e-07
-1.28839e-05
7.33178e-08
-1.25447e-05
-8.02486e-07
-1.19001e-05
-1.78221e-06
-1.0918e-05
-2.90647e-06
-9.62804e-06
-3.98409e-06
-8.08636e-06
-4.92407e-06
-6.34408e-06
-5.72767e-06
-4.44864e-06
-6.31006e-06
-2.36984e-06
-6.51625e-06
-7.09373e-06
-1.11881e-06
5.70447e-06
-2.56181e-06
5.24365e-06
-3.93783e-06
5.17883e-06
-5.2432e-06
5.03735e-06
-6.47795e-06
4.83819e-06
-7.64597e-06
4.6581e-06
-8.74256e-06
4.49154e-06
-9.75345e-06
4.27242e-06
-1.06432e-05
3.90161e-06
-1.13763e-05
3.35687e-06
-1.194e-05
2.72118e-06
-1.23109e-05
1.97519e-06
-1.24415e-05
1.03548e-06
-1.2301e-05
-6.7191e-08
-1.19037e-05
-1.19973e-06
-1.12303e-05
-2.45565e-06
-1.02512e-05
-3.88555e-06
-9.0068e-06
-5.2285e-06
-7.55691e-06
-6.37395e-06
-5.94179e-06
-7.34279e-06
-4.17922e-06
-8.07262e-06
-2.19786e-06
-8.49759e-06
-9.29159e-06
-1.15157e-06
6.85604e-06
-2.54899e-06
6.64105e-06
-3.88513e-06
6.51496e-06
-5.18232e-06
6.33452e-06
-6.41234e-06
6.0682e-06
-7.55774e-06
5.80349e-06
-8.61955e-06
5.55335e-06
-9.57836e-06
5.23122e-06
-1.03996e-05
4.7229e-06
-1.10551e-05
4.01231e-06
-1.15435e-05
3.20959e-06
-1.18337e-05
2.26542e-06
-1.18793e-05
1.08106e-06
-1.16607e-05
-2.858e-07
-1.12092e-05
-1.65123e-06
-1.05089e-05
-3.156e-06
-9.53156e-06
-4.86284e-06
-8.32649e-06
-6.43355e-06
-6.9544e-06
-7.74603e-06
-5.44417e-06
-8.853e-06
-3.80201e-06
-9.71477e-06
-1.94573e-06
-1.03539e-05
-1.12373e-05
-1.43586e-06
8.29191e-06
-2.55454e-06
7.75972e-06
-3.76983e-06
7.73024e-06
-5.02043e-06
7.58512e-06
-6.22694e-06
7.27469e-06
-7.35205e-06
6.92859e-06
-8.38245e-06
6.58373e-06
-9.29083e-06
6.13958e-06
-1.00511e-05
5.48311e-06
-1.06547e-05
4.61591e-06
-1.10672e-05
3.62213e-06
-1.12733e-05
2.47151e-06
-1.124e-05
1.04773e-06
-1.09524e-05
-5.73442e-07
-1.04598e-05
-2.14377e-06
-9.74125e-06
-3.87455e-06
-8.76568e-06
-5.8384e-06
-7.5986e-06
-7.60062e-06
-6.29714e-06
-9.04747e-06
-4.87649e-06
-1.02736e-05
-3.34953e-06
-1.12417e-05
-1.67356e-06
-1.20298e-05
-1.29108e-05
-8.76523e-07
9.16843e-06
-1.86295e-06
8.74616e-06
-2.94563e-06
8.81291e-06
-4.10249e-06
8.74197e-06
-5.33944e-06
8.51162e-06
-6.58808e-06
8.1772e-06
-7.72299e-06
7.71861e-06
-8.66211e-06
7.07867e-06
-9.40744e-06
6.2284e-06
-1.00036e-05
5.21204e-06
-1.03819e-05
4.0004e-06
-1.05396e-05
2.62921e-06
-1.04512e-05
9.59312e-07
-1.01352e-05
-8.89494e-07
-9.62984e-06
-2.64911e-06
-8.88625e-06
-4.61814e-06
-7.9137e-06
-6.81092e-06
-6.8106e-06
-8.7037e-06
-5.59933e-06
-1.02587e-05
-4.28295e-06
-1.159e-05
-2.90328e-06
-1.26213e-05
-1.53445e-06
-1.33986e-05
-1.44452e-05
2.15511e-07
8.95295e-06
-4.62491e-07
9.42418e-06
-1.18689e-06
9.53732e-06
-1.95965e-06
9.51475e-06
-2.84998e-06
9.40196e-06
-3.86934e-06
9.19656e-06
-5.00693e-06
8.8562e-06
-6.17881e-06
8.25054e-06
-7.28063e-06
7.3302e-06
-8.20429e-06
6.13569e-06
-8.87852e-06
4.67462e-06
-9.2178e-06
2.96848e-06
-9.21135e-06
9.52854e-07
-8.94745e-06
-1.15339e-06
-8.4586e-06
-3.13795e-06
-7.70988e-06
-5.36684e-06
-6.79871e-06
-7.72208e-06
-5.80251e-06
-9.69988e-06
-4.70546e-06
-1.13557e-05
-3.51245e-06
-1.2783e-05
-2.30076e-06
-1.3833e-05
-1.35241e-06
-1.43469e-05
-1.57976e-05
2.71283e-06
-2.7128e-06
5.85958e-06
-3.14672e-06
8.39811e-06
-2.53851e-06
9.47037e-06
-1.07226e-06
9.9963e-06
-5.25917e-07
9.68309e-06
3.13225e-07
1.0089e-05
-4.05946e-07
1.16925e-05
-1.60342e-06
1.3278e-05
-1.58551e-06
1.37095e-05
-4.31569e-07
1.24663e-05
1.24325e-06
1.02238e-05
2.24248e-06
6.71632e-06
3.5075e-06
3.76084e-06
2.95547e-06
1.31538e-06
2.44547e-06
-6.36488e-08
1.37903e-06
-3.34734e-07
2.71086e-07
2.98465e-07
-6.33196e-07
2.98469e-07
3.52171e-06
-6.23459e-06
6.76814e-06
-6.39318e-06
8.72828e-06
-4.49865e-06
9.51568e-06
-1.85966e-06
9.4853e-06
-4.95524e-07
9.76836e-06
3.01682e-08
1.05224e-05
-1.15999e-06
1.13524e-05
-2.43335e-06
1.21977e-05
-2.43086e-06
1.29158e-05
-1.14963e-06
1.23755e-05
1.78354e-06
1.07263e-05
3.8916e-06
7.96098e-06
6.27284e-06
5.34199e-06
5.57446e-06
3.19125e-06
4.5962e-06
1.75188e-06
2.81839e-06
6.84809e-07
1.33816e-06
-3.04144e-07
3.55761e-07
-5.66758e-09
6.2827e-06
-1.25173e-05
1.08087e-05
-1.09191e-05
1.10701e-05
-4.76011e-06
1.07116e-05
-1.50108e-06
1.05604e-05
-3.44335e-07
1.07698e-05
-1.79238e-07
1.09649e-05
-1.35504e-06
1.11592e-05
-2.62766e-06
1.14697e-05
-2.74137e-06
1.18801e-05
-1.56004e-06
1.14961e-05
2.16759e-06
1.03289e-05
5.05879e-06
8.46366e-06
8.13804e-06
6.54648e-06
7.49164e-06
4.92248e-06
6.2202e-06
3.61882e-06
4.12205e-06
2.25979e-06
2.6972e-06
7.7686e-07
1.8387e-06
7.71199e-07
1.13475e-05
-2.38647e-05
2.00139e-05
-1.95856e-05
1.77325e-05
-2.47873e-06
1.35705e-05
2.66084e-06
1.22934e-05
9.32825e-07
1.20547e-05
5.93706e-08
1.17702e-05
-1.07051e-06
1.13295e-05
-2.1869e-06
1.07317e-05
-2.14357e-06
1.05875e-05
-1.4159e-06
1.03299e-05
2.42517e-06
9.55734e-06
5.83137e-06
8.41955e-06
9.27582e-06
7.2251e-06
8.68608e-06
6.30647e-06
7.13883e-06
5.36199e-06
5.06653e-06
4.59582e-06
3.46338e-06
3.96497e-06
2.46956e-06
4.73619e-06
1.13391e-05
-3.52038e-05
2.09187e-05
-2.91652e-05
2.35131e-05
-5.07313e-06
1.76097e-05
8.56421e-06
1.34599e-05
5.08264e-06
1.27164e-05
8.02892e-07
1.30565e-05
-1.41068e-06
1.20167e-05
-1.14702e-06
1.01717e-05
-2.98545e-07
9.14619e-06
-3.90419e-07
8.93246e-06
2.63891e-06
8.90775e-06
5.85608e-06
8.29375e-06
9.88982e-06
7.826e-06
9.15384e-06
7.66777e-06
7.29707e-06
7.07215e-06
5.66215e-06
6.2482e-06
4.28733e-06
5.16173e-06
3.55604e-06
9.89794e-06
1.02394e-05
-4.54431e-05
1.74569e-05
-3.63827e-05
2.21536e-05
-9.76978e-06
1.90939e-05
1.16238e-05
1.32383e-05
1.09383e-05
1.16719e-05
2.36919e-06
1.25417e-05
-2.28047e-06
1.20372e-05
-6.42572e-07
1.03949e-05
1.34377e-06
8.2713e-06
1.73321e-06
7.7708e-06
3.13942e-06
7.80547e-06
5.82141e-06
8.13041e-06
9.5649e-06
8.83421e-06
8.45005e-06
9.34924e-06
6.78205e-06
9.03374e-06
5.97767e-06
7.20367e-06
6.11742e-06
4.16295e-06
6.59678e-06
1.40609e-05
9.68191e-06
-5.51249e-05
1.36599e-05
-4.03607e-05
1.78106e-05
-1.39205e-05
1.74618e-05
1.19726e-05
1.21774e-05
1.62227e-05
1.01722e-05
4.37434e-06
1.0565e-05
-2.67325e-06
1.05373e-05
-6.14955e-07
8.98776e-06
2.89334e-06
7.54827e-06
3.1727e-06
6.91551e-06
3.77219e-06
7.17488e-06
5.56206e-06
8.63658e-06
8.10322e-06
9.75873e-06
7.32791e-06
1.05139e-05
6.02693e-06
1.04254e-05
6.06617e-06
7.86811e-06
8.67471e-06
3.4114e-06
1.10535e-05
1.74723e-05
1.02206e-05
-6.53454e-05
1.03994e-05
-4.05395e-05
1.30718e-05
-1.65929e-05
1.37636e-05
1.12809e-05
1.04676e-05
1.95186e-05
8.60013e-06
6.24182e-06
8.40838e-06
-2.48151e-06
8.544e-06
-7.5058e-07
7.49748e-06
3.93985e-06
6.63786e-06
4.03231e-06
6.53195e-06
3.87811e-06
7.25215e-06
4.84186e-06
8.82776e-06
6.52763e-06
1.00872e-05
6.06848e-06
1.08091e-05
5.30508e-06
1.06996e-05
6.1757e-06
8.01417e-06
1.13601e-05
2.79104e-06
1.62766e-05
2.02634e-05
1.98189e-06
6.97109e-06
1.84403e-06
9.56208e-06
1.27747e-06
1.01039e-05
6.41352e-07
1.01509e-05
-2.30377e-08
1.00664e-05
-7.88628e-07
9.96218e-06
-1.67144e-06
9.73904e-06
-2.67383e-06
9.25295e-06
-3.77798e-06
8.43437e-06
-4.94955e-06
7.30726e-06
-6.18005e-06
5.90512e-06
-7.36372e-06
4.15214e-06
-8.41928e-06
2.00841e-06
-9.03557e-06
-5.37096e-07
-9.14655e-06
-3.02696e-06
-8.74954e-06
-5.76384e-06
-7.87247e-06
-8.59913e-06
-6.43214e-06
-1.11402e-05
-4.56361e-06
-1.32242e-05
-2.45465e-06
-1.48919e-05
-3.5468e-07
-1.59329e-05
1.53157e-06
-1.62331e-05
-1.63094e-05
2.04337e-06
1.31194e-06
5.65917e-06
1.81851e-06
9.05552e-06
2.2497e-06
9.67275e-06
2.69571e-06
9.70491e-06
3.11443e-06
9.64769e-06
3.4692e-06
9.60744e-06
3.74715e-06
9.46112e-06
3.95441e-06
9.04571e-06
4.09836e-06
8.29045e-06
4.20037e-06
7.20527e-06
4.3099e-06
5.79561e-06
4.43464e-06
4.02741e-06
4.6198e-06
1.82325e-06
4.87399e-06
-7.91296e-07
5.48154e-06
-3.63453e-06
6.37473e-06
-6.65706e-06
7.44853e-06
-9.67297e-06
8.66831e-06
-1.236e-05
1.00134e-05
-1.45694e-05
1.14632e-05
-1.63417e-05
1.31802e-05
-1.765e-05
1.55433e-05
-1.85962e-05
-2.05252e-05
1.9759e-05
-6.43493e-07
6.30267e-06
2.95099e-07
8.11694e-06
1.50394e-06
8.46392e-06
2.79015e-06
8.41871e-06
4.02528e-06
8.41257e-06
5.14411e-06
8.48863e-06
6.16146e-06
8.44379e-06
7.14879e-06
8.05839e-06
8.14826e-06
7.291e-06
9.1679e-06
6.18565e-06
1.01933e-05
4.77024e-06
1.12188e-05
3.0019e-06
1.22321e-05
8.09914e-07
1.32664e-05
-1.82555e-06
1.4429e-05
-4.79711e-06
1.56698e-05
-7.89796e-06
1.6832e-05
-1.08351e-05
1.78138e-05
-1.33418e-05
1.85471e-05
-1.53028e-05
1.91271e-05
-1.69217e-05
1.9562e-05
-1.8085e-05
2.00104e-05
-1.90447e-05
-2.05036e-05
1.99888e-05
-1.275e-06
7.57766e-06
-6.87401e-07
7.52933e-06
9.37191e-07
6.83932e-06
2.66187e-06
6.69403e-06
4.31816e-06
6.75626e-06
5.74696e-06
7.05982e-06
7.16227e-06
7.02848e-06
8.6656e-06
6.55506e-06
1.02368e-05
5.71977e-06
1.1848e-05
4.57448e-06
1.34839e-05
3.13437e-06
1.51356e-05
1.35018e-06
1.67603e-05
-8.14799e-07
1.83358e-05
-3.40097e-06
1.98344e-05
-6.2957e-06
2.12226e-05
-9.28616e-06
2.23208e-05
-1.19334e-05
2.29757e-05
-1.39967e-05
2.31623e-05
-1.54894e-05
2.28213e-05
-1.65808e-05
2.19071e-05
-1.71708e-05
2.03227e-05
-1.74604e-05
-1.77936e-05
1.76127e-05
-2.01335e-06
9.59099e-06
-4.15716e-07
5.93168e-06
1.52064e-06
4.90295e-06
3.39709e-06
4.81756e-06
5.17411e-06
4.97922e-06
6.54041e-06
5.69351e-06
8.01212e-06
5.55676e-06
9.78824e-06
4.77892e-06
1.17295e-05
3.77852e-06
1.37217e-05
2.58225e-06
1.57335e-05
1.12261e-06
1.78015e-05
-7.17761e-07
1.98635e-05
-2.87681e-06
2.18446e-05
-5.38203e-06
2.36243e-05
-8.0754e-06
2.50692e-05
-1.0731e-05
2.60664e-05
-1.29306e-05
2.65056e-05
-1.44359e-05
2.63487e-05
-1.53325e-05
2.54313e-05
-1.56634e-05
2.37019e-05
-1.54414e-05
2.08542e-05
-1.46128e-05
-1.33883e-05
1.6449e-05
-1.32865e-06
1.09196e-05
1.19268e-06
3.41033e-06
2.93648e-06
3.15912e-06
4.43629e-06
3.31772e-06
5.77882e-06
3.63667e-06
7.24514e-06
4.22716e-06
8.84498e-06
3.95689e-06
1.06523e-05
2.9716e-06
1.26708e-05
1.76002e-06
1.48638e-05
3.89283e-07
1.7179e-05
-1.19259e-06
1.95231e-05
-3.06183e-06
2.1844e-05
-5.19766e-06
2.40176e-05
-7.55561e-06
2.59226e-05
-9.9804e-06
2.74907e-05
-1.2299e-05
2.86185e-05
-1.40583e-05
2.91703e-05
-1.49878e-05
2.89871e-05
-1.51492e-05
2.78876e-05
-1.45639e-05
2.55481e-05
-1.31019e-05
2.16527e-05
-1.07174e-05
-7.62069e-06
1.58851e-05
3.72752e-06
7.1921e-06
4.62275e-06
2.51509e-06
5.20719e-06
2.57467e-06
5.64284e-06
2.88204e-06
6.21507e-06
3.06443e-06
7.49538e-06
2.94683e-06
9.13911e-06
2.31315e-06
1.10179e-05
1.09277e-06
1.30586e-05
-2.80683e-07
1.53853e-05
-1.93739e-06
1.78964e-05
-3.70364e-06
2.04816e-05
-5.64704e-06
2.30204e-05
-7.73637e-06
2.53664e-05
-9.90155e-06
2.74065e-05
-1.20205e-05
2.89594e-05
-1.38519e-05
2.99666e-05
-1.50655e-05
3.04884e-05
-1.55095e-05
3.02757e-05
-1.49365e-05
2.90105e-05
-1.32987e-05
2.62105e-05
-1.03018e-05
2.13135e-05
-5.82031e-06
-5.66306e-07
1.42591e-05
6.49476e-06
6.97343e-07
8.40317e-06
6.06687e-07
8.94425e-06
2.03358e-06
8.0829e-06
3.74337e-06
7.49877e-06
3.64855e-06
8.16684e-06
2.27876e-06
9.66231e-06
8.17676e-07
1.15709e-05
-8.15811e-07
1.38019e-05
-2.51166e-06
1.63075e-05
-4.44298e-06
1.90587e-05
-6.4548e-06
2.19324e-05
-8.52077e-06
2.4762e-05
-1.05658e-05
2.73241e-05
-1.24636e-05
2.93779e-05
-1.40742e-05
3.1128e-05
-1.56016e-05
3.0881e-05
-1.48179e-05
3.06578e-05
-1.52858e-05
2.93641e-05
-1.36424e-05
2.72186e-05
-1.1153e-05
2.33249e-05
-6.40773e-06
1.75455e-05
-4.0723e-08
6.39699e-06
1.05823e-05
1.11098e-06
-4.13453e-07
8.09356e-06
-6.37585e-06
1.35218e-05
-3.3946e-06
1.23032e-05
4.96193e-06
9.00787e-06
6.94389e-06
9.05204e-06
2.23465e-06
1.06421e-05
-7.72292e-07
1.27314e-05
-2.90508e-06
1.50806e-05
-4.86081e-06
1.77424e-05
-7.10472e-06
2.06788e-05
-9.39113e-06
2.36966e-05
-1.15384e-05
2.65191e-05
-1.33881e-05
2.87188e-05
-1.46631e-05
2.90975e-05
-1.44524e-05
2.56385e-05
-1.21419e-05
2.09129e-05
-1.00912e-05
1.60793e-05
-1.04516e-05
1.37904e-05
-1.13529e-05
1.25399e-05
-9.90194e-06
1.11416e-05
-5.0089e-06
8.92075e-06
2.18035e-06
9.48205e-06
5.83501e-06
2.24005e-06
-2.65298e-06
2.63019e-07
-4.39854e-06
8.5497e-06
-1.16812e-05
1.45061e-05
-9.9435e-07
1.22971e-05
9.15318e-06
8.63483e-06
5.8972e-06
6.67075e-06
1.19204e-06
6.24154e-06
-2.47564e-06
6.91577e-06
-5.53483e-06
8.56161e-06
-8.75035e-06
1.0998e-05
-1.18274e-05
1.3493e-05
-1.40332e-05
1.53652e-05
-1.52601e-05
1.63565e-05
-1.56541e-05
1.61783e-05
-1.42741e-05
1.41977e-05
-1.01612e-05
1.17941e-05
-7.68776e-06
8.3506e-06
-7.0082e-06
6.20889e-06
-9.21117e-06
4.00473e-06
-7.69751e-06
2.11375e-06
-3.11774e-06
8.58895e-07
3.43507e-06
1.11354e-05
-7.95175e-07
-2.31801e-07
-2.42046e-06
6.9307e-07
-5.32288e-06
2.06101e-08
-1.10084e-05
2.22474e-06
-3.19814e-06
4.28036e-06
7.09797e-06
3.76768e-06
6.41022e-06
2.53645e-06
2.42356e-06
1.76401e-06
-1.70295e-06
1.81578e-06
-5.5864e-06
2.67343e-06
-9.60784e-06
3.8232e-06
-1.2977e-05
4.84632e-06
-1.50563e-05
5.34068e-06
-1.57544e-05
5.13632e-06
-1.54498e-05
4.79978e-06
-1.39377e-05
5.20313e-06
-1.05649e-05
4.70363e-06
-7.18864e-06
4.80374e-06
-7.10855e-06
2.78651e-06
-7.19406e-06
4.71022e-07
-5.3819e-06
-1.21619e-06
-1.4305e-06
-1.98174e-06
4.20057e-06
1.09035e-05
-1.75093e-06
1.46016e-06
-3.87999e-06
5.20851e-07
-4.38304e-06
-4.00233e-06
-6.48473e-06
-5.24967e-06
-1.9504e-06
-2.83766e-06
4.68634e-06
-1.50055e-06
5.07345e-06
-1.20608e-06
2.12936e-06
-1.2329e-06
-1.67591e-06
-1.1655e-06
-5.65362e-06
-8.56815e-07
-9.91638e-06
-6.68004e-07
-1.31657e-05
-6.78786e-07
-1.50454e-05
-1.01724e-06
-1.54159e-05
-1.60558e-06
-1.48615e-05
-2.02636e-06
-1.35171e-05
-1.53888e-06
-1.10526e-05
-2.15542e-07
-8.51226e-06
-9.51014e-08
-7.22926e-06
-1.09956e-06
-6.18978e-06
-2.41468e-06
-4.06668e-06
-3.34063e-06
-5.04529e-07
-3.47877e-06
4.33842e-06
9.99122e-06
-2.56745e-06
-2.14006e-07
-3.66531e-06
-2.01298e-06
-2.58355e-06
-5.67091e-06
-2.82636e-06
-7.63036e-06
9.43366e-09
-6.24231e-06
3.29865e-06
-4.61702e-06
3.44846e-06
-3.66169e-06
1.17429e-06
-3.1927e-06
-2.14468e-06
-3.00169e-06
-5.84445e-06
-3.21406e-06
-9.70388e-06
-3.63118e-06
-1.27485e-05
-4.23998e-06
-1.44365e-05
-4.99168e-06
-1.46642e-05
-5.63609e-06
-1.42171e-05
-6.02549e-06
-1.31278e-05
-5.76372e-06
-1.13145e-05
-5.01481e-06
-9.26135e-06
-4.61783e-06
-7.62644e-06
-4.84777e-06
-5.95996e-06
-5.28914e-06
-3.62521e-06
-5.45419e-06
-3.39522e-07
-4.95966e-06
3.84379e-06
8.71789e-06
-3.68741e-06
-2.17698e-06
-1.48782e-06
-4.21067e-06
-5.49402e-07
-6.89749e-06
-1.39144e-07
-8.11086e-06
1.22315e-06
-7.40704e-06
2.59513e-06
-6.16439e-06
2.20608e-06
-5.19686e-06
2.07002e-07
-4.64648e-06
-2.69486e-06
-4.51076e-06
-5.98e-06
-4.97872e-06
-9.23578e-06
-5.79927e-06
-1.19279e-05
-6.79109e-06
-1.34446e-05
-7.67997e-06
-1.37752e-05
-8.37887e-06
-1.35182e-05
-8.81721e-06
-1.26894e-05
-8.82145e-06
-1.13103e-05
-8.45327e-06
-9.62963e-06
-8.1456e-06
-7.93424e-06
-8.04994e-06
-6.05571e-06
-7.98687e-06
-3.68815e-06
-7.6591e-06
-6.67254e-07
-6.80143e-06
2.98585e-06
7.21362e-06
-5.29813e-06
-3.01337e-06
1.52613e-06
-5.21336e-06
1.65102e-06
-7.08302e-06
1.73087e-06
-7.97707e-06
2.1175e-06
-7.6678e-06
2.28613e-06
-6.88218e-06
1.4207e-06
-6.18954e-06
-4.85421e-07
-5.82864e-06
-3.05558e-06
-5.90162e-06
-5.90686e-06
-6.45758e-06
-8.6797e-06
-7.44888e-06
-1.09364e-05
-8.57009e-06
-1.23233e-05
-9.50769e-06
-1.28375e-05
-1.02733e-05
-1.27525e-05
-1.08104e-05
-1.21522e-05
-1.10314e-05
-1.10893e-05
-1.09686e-05
-9.69247e-06
-1.08109e-05
-8.09205e-06
-1.06372e-05
-6.22945e-06
-1.03554e-05
-3.96987e-06
-9.79151e-06
-1.23112e-06
-8.77134e-06
1.96559e-06
5.64387e-06
-7.20262e-06
-3.05165e-06
4.57811e-06
-5.20546e-06
3.80514e-06
-6.75626e-06
3.28196e-06
-7.5322e-06
2.8937e-06
-7.53275e-06
2.28693e-06
-7.1669e-06
1.05506e-06
-6.82317e-06
-8.28971e-07
-6.72712e-06
-3.15147e-06
-6.99417e-06
-5.63967e-06
-7.66796e-06
-8.00579e-06
-8.65732e-06
-9.94698e-06
-9.74608e-06
-1.12345e-05
-1.07371e-05
-1.18464e-05
-1.1571e-05
-1.19185e-05
-1.22115e-05
-1.15116e-05
-1.26098e-05
-1.0691e-05
-1.27733e-05
-9.52904e-06
-1.2775e-05
-8.09038e-06
-1.26427e-05
-6.36189e-06
-1.23225e-05
-4.2899e-06
-1.17061e-05
-1.84746e-06
-1.06803e-05
9.39532e-07
4.1476e-06
-9.18503e-06
-2.79903e-06
7.37755e-06
-4.80593e-06
5.81234e-06
-6.19638e-06
4.67266e-06
-6.97529e-06
3.67284e-06
-7.22278e-06
2.53462e-06
-7.20027e-06
1.03273e-06
-7.17429e-06
-8.5479e-07
-7.32698e-06
-2.99863e-06
-7.75829e-06
-5.20824e-06
-8.49288e-06
-7.2711e-06
-9.46263e-06
-8.97714e-06
-1.05198e-05
-1.01772e-05
-1.1523e-05
-1.08431e-05
-1.24128e-05
-1.10288e-05
-1.31422e-05
-1.07823e-05
-1.36769e-05
-1.01563e-05
-1.40087e-05
-9.19738e-06
-1.41559e-05
-7.94327e-06
-1.41189e-05
-6.39895e-06
-1.38562e-05
-4.55244e-06
-1.33001e-05
-2.40362e-06
-1.23762e-05
1.54709e-08
2.80187e-06
-1.10315e-05
-2.48691e-06
9.86457e-06
-4.30591e-06
7.63152e-06
-5.58703e-06
5.95398e-06
-6.391e-06
4.47699e-06
-6.81855e-06
2.96234e-06
-7.05071e-06
1.26504e-06
-7.27281e-06
-6.32557e-07
-7.62252e-06
-2.6488e-06
-8.17849e-06
-4.65216e-06
-8.95719e-06
-6.49232e-06
-9.9087e-06
-8.02555e-06
-1.0935e-05
-9.15083e-06
-1.1941e-05
-9.83704e-06
-1.28647e-05
-1.01051e-05
-1.36592e-05
-9.98773e-06
-1.42938e-05
-9.52172e-06
-1.47508e-05
-8.74042e-06
-1.50235e-05
-7.67066e-06
-1.50975e-05
-6.32513e-06
-1.49412e-05
-4.70856e-06
-1.45051e-05
-2.83975e-06
-1.37358e-05
-7.5406e-07
1.66493e-06
-1.25999e-05
-2.18268e-06
1.20476e-05
-3.80053e-06
9.24955e-06
-4.97577e-06
7.12937e-06
-5.78571e-06
5.28707e-06
-6.32625e-06
3.50303e-06
-6.72891e-06
1.66782e-06
-7.12469e-06
-2.36669e-07
-7.61448e-06
-2.15891e-06
-8.25715e-06
-4.00941e-06
-9.06451e-06
-5.68488e-06
-1.00024e-05
-7.08764e-06
-1.10051e-05
-8.14806e-06
-1.20035e-05
-8.83862e-06
-1.29428e-05
-9.16572e-06
-1.3781e-05
-9.14958e-06
-1.44865e-05
-8.81619e-06
-1.50366e-05
-8.19041e-06
-1.5414e-05
-7.29348e-06
-1.55989e-05
-6.14025e-06
-1.55621e-05
-4.74534e-06
-1.5269e-05
-3.13288e-06
-1.46812e-05
-1.34203e-06
7.42279e-07
-1.37596e-05
-1.88633e-06
1.39338e-05
-3.29244e-06
1.06557e-05
-4.34644e-06
8.18344e-06
-5.12761e-06
6.06833e-06
-5.71985e-06
4.09536e-06
-6.22094e-06
2.169e-06
-6.72455e-06
2.67021e-07
-7.30294e-06
-1.58044e-06
-7.99893e-06
-3.31336e-06
-8.82079e-06
-4.86296e-06
-9.74459e-06
-6.1638e-06
-1.07244e-05
-7.16818e-06
-1.17087e-05
-7.85437e-06
-1.26516e-05
-8.22274e-06
-1.35151e-05
-8.28615e-06
-1.42684e-05
-8.06298e-06
-1.48865e-05
-7.57241e-06
-1.53479e-05
-6.83222e-06
-1.56305e-05
-5.85778e-06
-1.57108e-05
-4.66487e-06
-1.55598e-05
-3.28393e-06
-1.51467e-05
-1.75537e-06
4.25359e-08
-1.4448e-05
-1.57295e-06
1.55068e-05
-2.75007e-06
1.18328e-05
-3.65926e-06
9.09266e-06
-4.37533e-06
6.78446e-06
-4.96793e-06
4.68803e-06
-5.50971e-06
2.71084e-06
-6.06785e-06
8.2522e-07
-6.69274e-06
-9.55499e-07
-7.41394e-06
-2.59211e-06
-8.23642e-06
-4.04044e-06
-9.14223e-06
-5.25796e-06
-1.00975e-05
-6.21288e-06
-1.10625e-05
-6.88939e-06
-1.19988e-05
-7.28641e-06
-1.28726e-05
-7.41244e-06
-1.36545e-05
-7.28108e-06
-1.43195e-05
-6.90755e-06
-1.48451e-05
-6.30677e-06
-1.52105e-05
-5.49249e-06
-1.53921e-05
-4.48325e-06
-1.53686e-05
-3.30742e-06
-1.51174e-05
-2.00681e-06
-4.70197e-07
-1.46057e-05
-1.21716e-06
1.67237e-05
-2.14e-06
1.27556e-05
-2.87978e-06
9.83242e-06
-3.49883e-06
7.40352e-06
-4.05134e-06
5.24057e-06
-4.5898e-06
3.24934e-06
-5.16145e-06
1.3969e-06
-5.8001e-06
-3.16818e-07
-6.52383e-06
-1.86835e-06
-7.33419e-06
-3.23006e-06
-8.21629e-06
-4.37584e-06
-9.14351e-06
-5.28564e-06
-1.00838e-05
-5.9491e-06
-1.10047e-05
-6.36549e-06
-1.18761e-05
-6.54111e-06
-1.26708e-05
-6.48648e-06
-1.33646e-05
-6.21386e-06
-1.39357e-05
-5.73578e-06
-1.43632e-05
-5.06515e-06
-1.46287e-05
-4.21762e-06
-1.4712e-05
-3.22418e-06
-1.45926e-05
-2.12649e-06
-8.12765e-07
-1.4251e-05
-8.04646e-07
1.75284e-05
-1.44588e-06
1.33968e-05
-1.99364e-06
1.03801e-05
-2.49045e-06
7.90031e-06
-2.97291e-06
5.72304e-06
-3.47611e-06
3.75254e-06
-4.03069e-06
1.95149e-06
-4.65765e-06
3.10156e-07
-5.36565e-06
-1.16034e-06
-6.15248e-06
-2.44322e-06
-7.00433e-06
-3.52399e-06
-7.89873e-06
-4.39124e-06
-8.80869e-06
-5.03915e-06
-9.70617e-06
-5.46803e-06
-1.05642e-05
-5.68312e-06
-1.13579e-05
-5.69288e-06
-1.20645e-05
-5.5074e-06
-1.26633e-05
-5.13711e-06
-1.31358e-05
-4.59275e-06
-1.34631e-05
-3.8903e-06
-1.36298e-05
-3.05754e-06
-1.36208e-05
-2.13561e-06
-1.02884e-06
-1.34057e-05
-3.39869e-07
1.78678e-05
-6.7484e-07
1.37315e-05
-1.01503e-06
1.07202e-05
-1.37112e-06
8.25633e-06
-1.76145e-06
6.11333e-06
-2.20536e-06
4.19643e-06
-2.71982e-06
2.46594e-06
-3.31549e-06
9.05811e-07
-3.99298e-06
-4.82864e-07
-4.74603e-06
-1.69018e-06
-5.56068e-06
-2.70935e-06
-6.41668e-06
-3.53526e-06
-7.2903e-06
-4.16555e-06
-8.15674e-06
-4.60163e-06
-8.99172e-06
-4.84819e-06
-9.7724e-06
-4.91228e-06
-1.04778e-05
-4.80214e-06
-1.10885e-05
-4.52652e-06
-1.15865e-05
-4.0949e-06
-1.19568e-05
-3.51993e-06
-1.21847e-05
-2.82967e-06
-1.22565e-05
-2.06402e-06
-1.13e-06
-1.21563e-05
1.56411e-07
1.77113e-05
1.31734e-07
1.3756e-05
1.03236e-08
1.08415e-05
-1.90583e-07
8.45714e-06
-4.71e-07
6.39368e-06
-8.36558e-07
4.56194e-06
-1.29244e-06
2.92178e-06
-1.84058e-06
1.45392e-06
-2.47505e-06
1.51577e-07
-3.18469e-06
-9.80559e-07
-3.95478e-06
-1.93927e-06
-4.76609e-06
-2.72397e-06
-5.59696e-06
-3.3347e-06
-6.42494e-06
-3.77369e-06
-7.22797e-06
-4.04523e-06
-7.98513e-06
-4.15521e-06
-8.67692e-06
-4.11047e-06
-9.28546e-06
-3.91815e-06
-9.79499e-06
-3.58547e-06
-1.01895e-05
-3.12529e-06
-1.04583e-05
-2.56099e-06
-1.05923e-05
-1.93022e-06
-1.15746e-06
-1.05658e-05
6.2582e-07
1.70849e-05
9.13561e-07
1.34679e-05
1.01524e-06
1.07396e-05
9.78372e-07
8.49387e-06
8.20423e-07
6.55153e-06
5.48493e-07
4.8338e-06
1.6768e-07
3.30254e-06
-3.16427e-07
1.93798e-06
-8.93994e-07
7.29104e-07
-1.55005e-06
-3.24534e-07
-2.26763e-06
-1.22173e-06
-3.02714e-06
-1.9645e-06
-3.80835e-06
-2.55352e-06
-4.59047e-06
-2.99161e-06
-5.3532e-06
-3.28256e-06
-6.07726e-06
-3.43123e-06
-6.74478e-06
-3.44308e-06
-7.33928e-06
-3.32379e-06
-7.84509e-06
-3.07977e-06
-8.24993e-06
-2.72037e-06
-8.54255e-06
-2.26839e-06
-8.71375e-06
-1.75923e-06
-1.12199e-06
-8.75012e-06
1.03072e-06
1.60541e-05
1.6076e-06
1.28908e-05
1.92822e-06
1.04188e-05
2.06001e-06
8.36192e-06
2.03366e-06
6.57776e-06
1.8668e-06
5.00056e-06
1.57295e-06
3.59631e-06
1.16505e-06
2.34583e-06
6.57027e-07
1.23707e-06
6.68671e-08
2.65581e-07
-5.87131e-07
-5.67769e-07
-1.28629e-06
-1.26537e-06
-2.01036e-06
-1.82948e-06
-2.73905e-06
-2.26296e-06
-3.4534e-06
-2.56828e-06
-4.13565e-06
-2.74906e-06
-4.76917e-06
-2.80967e-06
-5.3387e-06
-2.75441e-06
-5.83066e-06
-2.5879e-06
-6.23188e-06
-2.31906e-06
-6.53332e-06
-1.96699e-06
-6.72918e-06
-1.56353e-06
-1.05465e-06
-6.79739e-06
1.33194e-06
1.47214e-05
2.15726e-06
1.20651e-05
2.68183e-06
9.89393e-06
2.98041e-06
8.06314e-06
3.09076e-06
6.46726e-06
3.03777e-06
5.05344e-06
2.84156e-06
3.79243e-06
2.52059e-06
2.66672e-06
2.09233e-06
1.66527e-06
1.57659e-06
7.81273e-07
9.94633e-07
1.41447e-08
3.65829e-07
-6.36607e-07
-2.90754e-07
-1.17293e-06
-9.56856e-07
-1.5969e-06
-1.61465e-06
-1.91054e-06
-2.24684e-06
-2.11695e-06
-2.83769e-06
-2.21893e-06
-3.37309e-06
-2.21914e-06
-3.83971e-06
-2.12137e-06
-4.22677e-06
-1.9319e-06
-4.5251e-06
-1.66866e-06
-4.72799e-06
-1.36083e-06
-9.54705e-07
-4.82878e-06
1.51056e-06
1.32107e-05
2.52875e-06
1.10466e-05
3.23152e-06
9.19091e-06
3.68609e-06
7.60837e-06
3.93103e-06
6.22217e-06
3.99504e-06
4.98931e-06
3.90261e-06
3.88476e-06
3.67613e-06
2.89312e-06
3.3367e-06
2.00463e-06
2.90503e-06
1.21289e-06
2.40302e-06
5.16116e-07
1.85105e-06
-8.46719e-08
1.26813e-06
-5.90049e-07
6.72284e-07
-1.00109e-06
8.04373e-08
-1.31874e-06
-4.9225e-07
-1.54433e-06
-1.03183e-06
-1.67945e-06
-1.5248e-06
-1.7263e-06
-1.95904e-06
-1.68719e-06
-2.32289e-06
-1.56794e-06
-2.60821e-06
-1.38337e-06
-2.80839e-06
-1.16078e-06
-8.46064e-07
-2.91783e-06
1.57263e-06
1.16374e-05
2.72093e-06
9.89793e-06
3.56439e-06
8.3472e-06
4.15313e-06
7.01944e-06
4.52118e-06
5.85398e-06
4.69763e-06
4.81275e-06
4.70904e-06
3.87325e-06
4.58016e-06
3.02193e-06
4.33421e-06
2.25051e-06
3.99266e-06
1.55438e-06
3.57712e-06
9.31617e-07
3.10853e-06
3.83878e-07
2.60549e-06
-8.70322e-08
2.08512e-06
-4.80754e-07
1.56338e-06
-7.97051e-07
1.05499e-06
-1.036e-06
5.73512e-07
-1.19807e-06
1.31209e-07
-1.2841e-06
-2.60539e-07
-1.2955e-06
-5.93106e-07
-1.23528e-06
-8.62645e-07
-1.11381e-06
-1.06774e-06
-9.55827e-07
-7.51586e-07
-1.16297e-06
1.54521e-06
1.00922e-05
2.76086e-06
8.68212e-06
3.69926e-06
7.40862e-06
4.38961e-06
6.32893e-06
4.85896e-06
5.3845e-06
5.1343e-06
4.53731e-06
5.24196e-06
3.7655e-06
5.20717e-06
3.05665e-06
5.05369e-06
2.40394e-06
4.8036e-06
1.80442e-06
4.47759e-06
1.2576e-06
4.09581e-06
7.65628e-07
3.67657e-06
3.32188e-07
3.23609e-06
-4.02999e-08
2.78927e-06
-3.50256e-07
2.34974e-06
-5.9652e-07
1.93004e-06
-7.78438e-07
1.54153e-06
-8.95683e-07
1.19413e-06
-9.4814e-07
8.978e-07
-9.38833e-07
6.60094e-07
-8.761e-07
4.85917e-07
-7.81734e-07
-6.5419e-07
3.87835e-07
1.46108e-06
8.63058e-06
2.6891e-06
7.45385e-06
3.67315e-06
6.42441e-06
4.42585e-06
5.57611e-06
4.96703e-06
4.84323e-06
5.31998e-06
4.18428e-06
5.50902e-06
3.5764e-06
5.55819e-06
3.00742e-06
5.49052e-06
2.47157e-06
5.32759e-06
1.96733e-06
5.08899e-06
1.49618e-06
4.7934e-06
1.0612e-06
4.45826e-06
6.67321e-07
4.09881e-06
3.19146e-07
3.72872e-06
1.98107e-08
3.36049e-06
-2.28323e-07
3.00549e-06
-4.23494e-07
2.67417e-06
-5.64437e-07
2.37648e-06
-6.50486e-07
2.12071e-06
-6.82953e-07
1.91405e-06
-6.69394e-07
1.76232e-06
-6.30138e-07
-5.56767e-07
1.66424e-06
1.35256e-06
7.27821e-06
2.54582e-06
6.26058e-06
3.52841e-06
5.44177e-06
4.30252e-06
4.80195e-06
4.88226e-06
4.26343e-06
5.28666e-06
3.77984e-06
5.53678e-06
3.32624e-06
5.65429e-06
2.88988e-06
5.66041e-06
2.46543e-06
5.57518e-06
2.05254e-06
5.41707e-06
1.6543e-06
5.20284e-06
1.27544e-06
4.94826e-06
9.219e-07
4.6674e-06
6.00019e-07
4.37257e-06
3.14629e-07
4.07496e-06
6.92722e-08
3.7848e-06
-1.33375e-07
3.51162e-06
-2.91315e-07
3.26386e-06
-4.02748e-07
3.04994e-06
-4.68909e-07
2.87598e-06
-4.95447e-07
2.74474e-06
-4.98958e-07
-4.78099e-07
2.66546e-06
1.24012e-06
6.03782e-06
2.35937e-06
5.14129e-06
3.29892e-06
4.50222e-06
4.05726e-06
4.04362e-06
4.64354e-06
3.67714e-06
5.07224e-06
3.35113e-06
5.36077e-06
3.03771e-06
5.5278e-06
2.72285e-06
5.59211e-06
2.40113e-06
5.57172e-06
2.07295e-06
5.48332e-06
1.74271e-06
5.34178e-06
1.41699e-06
5.16085e-06
1.10286e-06
4.95292e-06
8.07963e-07
4.72885e-06
5.38707e-07
4.4983e-06
2.99819e-07
4.27015e-06
9.47431e-08
4.05276e-06
-7.39696e-08
3.85444e-06
-2.04443e-07
3.68201e-06
-2.96377e-07
3.54076e-06
-3.54149e-07
3.43483e-06
-3.93141e-07
-4.12973e-07
3.36918e-06
1.1254e-06
4.91292e-06
2.14179e-06
4.12511e-06
3.00747e-06
3.63665e-06
3.72005e-06
3.3311e-06
4.28497e-06
3.11226e-06
4.71281e-06
2.92331e-06
5.01743e-06
2.73311e-06
5.21444e-06
2.52586e-06
5.31987e-06
2.29572e-06
5.3494e-06
2.04345e-06
5.31777e-06
1.77437e-06
5.23789e-06
1.49691e-06
5.12125e-06
1.21954e-06
4.97828e-06
9.5096e-07
4.8181e-06
6.98899e-07
4.64868e-06
4.6924e-07
4.47745e-06
2.6596e-07
4.31181e-06
9.16301e-08
4.15877e-06
-5.14062e-08
4.02495e-06
-1.62459e-07
3.91561e-06
-2.44801e-07
3.83281e-06
-3.10337e-07
-3.69703e-07
3.78902e-06
9.99347e-07
3.91364e-06
1.89507e-06
3.22957e-06
2.66644e-06
2.86544e-06
3.31177e-06
2.68588e-06
3.83349e-06
2.59061e-06
4.23933e-06
2.51752e-06
4.5403e-06
2.43218e-06
4.74901e-06
2.31719e-06
4.87862e-06
2.16615e-06
4.94272e-06
1.97939e-06
4.95425e-06
1.76289e-06
4.92385e-06
1.52735e-06
4.86077e-06
1.28266e-06
4.77334e-06
1.03842e-06
4.66874e-06
8.03527e-07
4.553e-06
5.8499e-07
4.43175e-06
3.87197e-07
4.31143e-06
2.11931e-07
4.19895e-06
6.10569e-08
4.10043e-06
-6.38311e-08
4.01967e-06
-1.63986e-07
3.95969e-06
-2.50526e-07
-3.38462e-07
3.92802e-06
8.57952e-07
3.05634e-06
1.62276e-06
2.46514e-06
2.28804e-06
2.20039e-06
2.85065e-06
2.12344e-06
3.31217e-06
2.12921e-06
3.67913e-06
2.15065e-06
3.9601e-06
2.15129e-06
4.16464e-06
2.11272e-06
4.30307e-06
2.02777e-06
4.38629e-06
1.89623e-06
4.42756e-06
1.72168e-06
4.43444e-06
1.52052e-06
4.41372e-06
1.30343e-06
4.37169e-06
1.08049e-06
4.31349e-06
8.61764e-07
4.24287e-06
6.55628e-07
4.1633e-06
4.66763e-07
4.08061e-06
2.94606e-07
4.00134e-06
1.40342e-07
3.93151e-06
6.08246e-09
3.87548e-06
-1.08003e-07
3.83468e-06
-2.09668e-07
-3.24557e-07
3.82032e-06
7.05588e-07
2.35105e-06
1.33504e-06
1.83601e-06
1.8851e-06
1.65057e-06
2.35292e-06
1.6558e-06
2.74188e-06
1.74038e-06
3.05797e-06
1.83466e-06
3.30711e-06
1.90223e-06
3.4954e-06
1.92451e-06
3.62835e-06
1.89489e-06
3.71519e-06
1.80945e-06
3.77383e-06
1.6631e-06
3.80635e-06
1.48805e-06
3.81673e-06
1.29311e-06
3.80957e-06
1.08769e-06
3.78793e-06
8.83439e-07
3.7529e-06
6.90679e-07
3.70496e-06
5.14708e-07
3.65001e-06
3.49553e-07
3.59587e-06
1.94483e-07
3.54867e-06
5.33559e-08
3.51156e-06
-7.08138e-08
3.48672e-06
-1.84989e-07
-3.21201e-07
3.48311e-06
5.5158e-07
1.80016e-06
1.0468e-06
1.34119e-06
1.47455e-06
1.22307e-06
1.83519e-06
1.29533e-06
2.14324e-06
1.43244e-06
2.40344e-06
1.57455e-06
2.61407e-06
1.69168e-06
2.77868e-06
1.75998e-06
2.89435e-06
1.77926e-06
2.96714e-06
1.7367e-06
3.03229e-06
1.59799e-06
3.08025e-06
1.44014e-06
3.11061e-06
1.26279e-06
3.12718e-06
1.07116e-06
3.131e-06
8.79642e-07
3.12016e-06
7.01541e-07
3.09109e-06
5.4377e-07
3.0522e-06
3.88441e-07
3.01322e-06
2.3348e-07
2.97966e-06
8.69734e-08
2.95486e-06
-4.60446e-08
2.9388e-06
-1.68788e-07
-3.28731e-07
2.94604e-06
4.01467e-07
1.39929e-06
7.68633e-07
9.74439e-07
1.0683e-06
9.23676e-07
1.30755e-06
1.05627e-06
1.53873e-06
1.20141e-06
1.74553e-06
1.36787e-06
1.91981e-06
1.51751e-06
2.06511e-06
1.61474e-06
2.16359e-06
1.68087e-06
2.16971e-06
1.73063e-06
2.24712e-06
1.52064e-06
2.30383e-06
1.38349e-06
2.34336e-06
1.22333e-06
2.37072e-06
1.04385e-06
2.38651e-06
8.63887e-07
2.38556e-06
7.02525e-07
2.35605e-06
5.73298e-07
2.31701e-06
4.27483e-07
2.28277e-06
2.67733e-07
2.25694e-06
1.12852e-07
2.23761e-06
-2.66456e-08
2.22304e-06
-1.54415e-07
-3.36897e-07
2.23098e-06
2.39098e-07
1.16068e-06
4.86636e-07
7.27238e-07
6.65362e-07
7.45187e-07
7.89547e-07
9.32266e-07
9.5501e-07
1.0361e-06
1.11591e-06
1.20712e-06
1.2713e-06
1.36223e-06
1.40937e-06
1.47678e-06
1.48933e-06
1.60099e-06
1.37974e-06
1.84032e-06
1.47909e-06
1.42137e-06
1.53912e-06
1.32354e-06
1.57307e-06
1.18944e-06
1.593e-06
1.02398e-06
1.59678e-06
8.60157e-07
1.58065e-06
7.18696e-07
1.52705e-06
6.26917e-07
1.47372e-06
4.80826e-07
1.43867e-06
3.02786e-07
1.41648e-06
1.35066e-07
1.40133e-06
-1.16175e-08
1.38634e-06
-1.3942e-07
-3.18803e-07
1.36803e-06
-1.85302e-07
1.04062e-07
2.19716e-07
2.82827e-07
3.93333e-07
5.00959e-07
6.01069e-07
7.09737e-07
8.39468e-07
7.4413e-07
7.59166e-07
7.79888e-07
7.91255e-07
7.86817e-07
7.51721e-07
6.70917e-07
5.80439e-07
5.28296e-07
5.03335e-07
4.92095e-07
4.8662e-07
4.82845e-07
4.68737e-07
1.20466e-05
-1.00033e-05
2.24639e-05
-1.04172e-05
3.34327e-05
-1.09688e-05
-1.24286e-05
4.58613e-05
2.0624e-05
-1.08683e-05
2.17151e-05
-1.15082e-05
2.28063e-05
-1.206e-05
-1.26747e-05
2.30524e-05
1.92969e-05
-1.01764e-05
1.80398e-05
-1.02512e-05
1.62443e-05
-1.02645e-05
-9.95951e-06
1.35291e-05
1.57599e-05
-8.32366e-06
1.36344e-05
-8.12563e-06
1.11118e-05
-7.74192e-06
-7.12362e-06
8.27585e-06
1.3901e-05
-5.7757e-06
1.11394e-05
-5.36404e-06
8.2406e-06
-4.84313e-06
-4.25876e-06
5.37571e-06
1.25809e-05
-2.47152e-06
8.9928e-06
-1.77586e-06
5.38492e-06
-1.23525e-06
-7.99678e-07
1.92584e-06
9.98615e-06
1.80147e-06
5.40003e-06
2.81027e-06
7.81072e-07
3.38374e-06
3.41929e-06
-3.43791e-06
7.44263e-06
4.94101e-06
4.13199e-06
6.12109e-06
5.17032e-07
6.99861e-06
7.78314e-06
-3.84678e-06
3.10587e-06
7.67014e-06
-6.91535e-08
9.29598e-06
-3.50283e-06
1.04326e-05
1.14271e-05
-7.1465e-06
-1.03634e-06
7.91112e-06
-1.20364e-06
9.46361e-06
-1.44795e-06
1.06772e-05
1.176e-05
-1.78043e-06
-1.42252e-06
7.58258e-06
-9.57606e-07
8.99884e-06
-4.56765e-07
1.01768e-05
1.12248e-05
7.89373e-08
-1.89008e-06
6.90501e-06
-1.0825e-06
8.19134e-06
-2.08768e-07
9.30357e-06
1.02926e-05
7.23948e-07
-2.85179e-06
6.06921e-06
-1.8926e-06
7.23238e-06
-8.66246e-07
8.27759e-06
9.18887e-06
2.38069e-07
-4.4051e-06
5.17601e-06
-3.40101e-06
6.2283e-06
-2.3068e-06
7.18384e-06
8.01699e-06
-1.13445e-06
-6.31489e-06
4.28813e-06
-5.32722e-06
5.24085e-06
-4.24965e-06
6.1066e-06
6.84714e-06
-3.07933e-06
-8.34726e-06
3.45018e-06
-7.41722e-06
4.31083e-06
-6.40079e-06
5.09059e-06
5.73496e-06
-5.28819e-06
-1.02803e-05
2.69879e-06
-9.44207e-06
3.4728e-06
-8.51627e-06
4.16509e-06
4.71174e-06
-7.49261e-06
-1.19524e-05
2.05117e-06
-1.12236e-05
2.74395e-06
-1.04154e-05
3.35731e-06
3.8074e-06
-9.51064e-06
-1.32242e-05
1.51564e-06
-1.26134e-05
2.13331e-06
-1.19245e-05
2.66873e-06
3.02992e-06
-1.11466e-05
-1.40197e-05
1.08711e-06
-1.35215e-05
1.63515e-06
-1.29569e-05
2.10448e-06
2.38375e-06
-1.23103e-05
-1.42774e-05
7.58648e-07
-1.38856e-05
1.24347e-06
-1.34291e-05
1.64829e-06
1.85622e-06
-1.29012e-05
-1.40074e-05
5.14813e-07
-1.37057e-05
9.41818e-07
-1.33519e-05
1.29486e-06
1.43939e-06
-1.29347e-05
-1.32328e-05
3.41737e-07
-1.3008e-05
7.17121e-07
-1.27317e-05
1.0189e-06
1.1112e-06
-1.24031e-05
-1.20364e-05
2.21643e-07
-1.1869e-05
5.49642e-07
-1.16618e-05
8.12133e-07
8.5964e-07
-1.14099e-05
-1.0488e-05
1.43659e-07
-1.03668e-05
4.28619e-07
-1.02056e-05
6.5123e-07
6.63359e-07
-1.0009e-05
-8.70185e-06
9.52224e-08
-8.61343e-06
3.40182e-07
-8.49509e-06
5.3324e-07
5.15251e-07
-8.34662e-06
-6.77197e-06
6.96333e-08
-6.71037e-06
2.78753e-07
-6.61687e-06
4.3999e-07
3.99153e-07
-6.50039e-06
-4.81751e-06
5.82023e-08
-4.77311e-06
2.34321e-07
-4.70571e-06
3.72933e-07
3.12529e-07
-4.61875e-06
-2.91782e-06
5.80141e-08
-2.88821e-06
2.04882e-07
-2.83362e-06
3.18569e-07
2.43574e-07
-2.76431e-06
-1.16466e-06
5.95901e-08
-1.14328e-06
1.83482e-07
-1.10643e-06
2.8205e-07
1.96282e-07
-1.05882e-06
3.81131e-07
6.61841e-08
3.95576e-07
1.69227e-07
4.27518e-07
2.50317e-07
1.58255e-07
4.65884e-07
1.65727e-06
7.30607e-08
1.67039e-06
1.56042e-07
1.69682e-06
2.24203e-07
1.23747e-07
1.7316e-06
2.66255e-06
7.58291e-08
2.67769e-06
1.41086e-07
2.70759e-06
1.94456e-07
8.94436e-08
2.74218e-06
3.37359e-06
7.1347e-08
3.39446e-06
1.20111e-07
3.42404e-06
1.65172e-07
5.76098e-08
3.45609e-06
3.80043e-06
5.98551e-08
3.82696e-06
9.37895e-08
3.86442e-06
1.27789e-07
2.14236e-08
3.90086e-06
3.94763e-06
4.01546e-08
3.98145e-06
5.97642e-08
4.02145e-06
8.80457e-08
-1.55431e-08
4.05854e-06
3.8458e-06
1.45384e-08
3.88477e-06
2.09999e-08
3.93155e-06
4.12278e-08
-5.70939e-08
3.97329e-06
3.51309e-06
-1.54935e-08
3.55552e-06
-2.16893e-08
3.60252e-06
-5.5377e-09
-9.77575e-08
3.64326e-06
2.97806e-06
-4.75515e-08
3.02341e-06
-6.67558e-08
3.07494e-06
-5.7153e-08
-1.40539e-07
3.11787e-06
2.26119e-06
-7.78284e-08
2.31287e-06
-1.18792e-07
2.37144e-06
-1.1554e-07
-1.85409e-07
2.41632e-06
1.41354e-06
-1.23457e-07
1.47712e-06
-1.82127e-07
1.55719e-06
-1.95728e-07
-2.48206e-07
1.61993e-06
4.98173e-07
5.26675e-07
5.60313e-07
5.85217e-07
2.18169e-05
-4.1301e-05
1.30017e-05
-3.17243e-05
1.32413e-05
-1.68325e-05
1.65946e-05
7.92755e-06
1.67403e-05
1.93729e-05
1.29324e-05
1.00497e-05
1.12318e-05
-7.80972e-07
1.09415e-05
-4.60213e-07
1.07584e-05
4.12289e-06
1.11019e-05
3.68877e-06
1.24548e-05
2.52522e-06
1.49547e-05
2.34206e-06
1.82691e-05
3.21316e-06
2.05912e-05
3.74645e-06
2.16248e-05
4.27148e-06
2.05145e-05
7.28598e-06
1.46291e-05
1.72455e-05
4.4575e-06
2.64482e-05
2.47209e-05
1.26328e-05
-3.08816e-05
4.04598e-06
-2.31375e-05
7.46961e-08
-1.28612e-05
3.95279e-06
4.04945e-06
8.22137e-06
1.51043e-05
6.37637e-06
1.18947e-05
3.40107e-06
2.19432e-06
2.39556e-06
5.453e-07
3.99055e-06
2.5279e-06
6.03669e-06
1.64263e-06
8.63385e-06
-7.19395e-08
1.1416e-05
-4.40091e-07
1.40123e-05
6.16898e-07
1.50461e-05
2.71258e-06
1.4136e-05
5.1816e-06
1.08283e-05
1.05937e-05
6.34975e-06
2.17241e-05
2.62956e-06
3.01684e-05
2.73505e-05
4.58683e-06
-2.19394e-05
-2.12329e-06
-1.64275e-05
-6.60542e-06
-8.37912e-06
-5.39529e-06
2.83931e-06
-1.68618e-06
1.13952e-05
9.59132e-09
1.01989e-05
-2.33297e-06
4.5369e-06
-3.66241e-06
1.87476e-06
-2.09413e-06
9.5964e-07
4.11558e-07
-8.63046e-07
2.75772e-06
-2.4181e-06
4.68658e-06
-2.36894e-06
5.61491e-06
-3.11436e-07
5.12063e-06
3.20686e-06
2.72893e-06
7.5733e-06
-2.68535e-07
1.35912e-05
-9.33144e-07
2.23887e-05
-5.47124e-09
2.92408e-05
2.7345e-05
1.18231e-06
-1.48459e-05
-5.0008e-06
-1.02444e-05
-9.52717e-06
-3.85279e-06
-1.05371e-05
3.84918e-06
-8.32985e-06
9.18796e-06
-7.12957e-06
8.99866e-06
-7.95542e-06
5.36276e-06
-8.55412e-06
2.47348e-06
-8.0049e-06
4.10435e-07
-6.73689e-06
-2.13104e-06
-5.94911e-06
-3.20588e-06
-5.68066e-06
-2.63739e-06
-6.32386e-06
3.31773e-07
-7.13909e-06
4.02211e-06
-7.86807e-06
8.3023e-06
-7.98613e-06
1.37093e-05
-5.93081e-06
2.03334e-05
-2.2927e-06
2.56027e-05
2.50523e-05
-1.64812e-06
-7.8221e-06
-7.88448e-06
-4.00807e-06
-1.24543e-05
7.17016e-07
-1.42487e-05
5.6435e-06
-1.39343e-05
8.87353e-06
-1.36184e-05
8.68277e-06
-1.43354e-05
6.07977e-06
-1.50568e-05
3.1949e-06
-1.53194e-05
6.73065e-07
-1.58953e-05
-1.55515e-06
-1.6409e-05
-2.69226e-06
-1.68577e-05
-2.18858e-06
-1.67461e-05
2.20138e-07
-1.61478e-05
3.42379e-06
-1.49988e-05
7.15334e-06
-1.28474e-05
1.15579e-05
-8.9958e-06
1.64819e-05
-3.82996e-06
2.04369e-05
2.12224e-05
-5.80062e-06
-9.5663e-08
-1.19141e-05
2.10533e-06
-1.62252e-05
5.02811e-06
-1.8465e-05
7.8833e-06
-1.92725e-05
9.68096e-06
-1.9817e-05
9.22725e-06
-2.07805e-05
7.04327e-06
-2.19205e-05
4.33482e-06
-2.29375e-05
1.69004e-06
-2.38706e-05
-6.22005e-07
-2.45482e-05
-2.01466e-06
-2.47625e-05
-1.97429e-06
-2.40493e-05
-4.93084e-07
-2.24212e-05
1.79575e-06
-1.98868e-05
4.61891e-06
-1.62412e-05
7.91234e-06
-1.11791e-05
1.14198e-05
-5.0872e-06
1.4345e-05
1.61352e-05
-1.17e-05
8.1664e-06
-1.75036e-05
7.90889e-06
-2.09735e-05
8.49797e-06
-2.31351e-05
1.00448e-05
-2.44263e-05
1.09721e-05
-2.55401e-05
1.0341e-05
-2.68456e-05
8.34874e-06
-2.82434e-05
5.73265e-06
-2.9461e-05
2.90751e-06
-3.0414e-05
3.31059e-07
-3.09669e-05
-1.46186e-06
-3.07914e-05
-2.14982e-06
-2.9554e-05
-1.73045e-06
-2.71968e-05
-5.61445e-07
-2.37353e-05
1.15746e-06
-1.9118e-05
3.29502e-06
-1.32612e-05
5.56302e-06
-6.45427e-06
7.53804e-06
9.68094e-06
-1.67591e-05
2.10787e-05
-2.43112e-05
1.5461e-05
-2.63052e-05
1.04919e-05
-2.76649e-05
1.14044e-05
-2.89227e-05
1.22299e-05
-3.04847e-05
1.1903e-05
-3.22858e-05
1.01498e-05
-3.39217e-05
7.36842e-06
-3.52425e-05
4.22832e-06
-3.61518e-05
1.24023e-06
-3.64291e-05
-1.18455e-06
-3.5859e-05
-2.71995e-06
-3.42058e-05
-3.38364e-06
-3.13364e-05
-3.43084e-06
-2.7267e-05
-2.91206e-06
-2.20562e-05
-1.91568e-06
-1.57063e-05
-7.86907e-07
-8.19761e-06
2.93496e-08
1.48333e-06
-1.36135e-05
2.75461e-05
-1.95165e-05
2.1364e-05
-2.62163e-05
1.71915e-05
-3.17941e-05
1.69818e-05
-3.32563e-05
1.36918e-05
-3.48655e-05
1.3512e-05
-3.68009e-05
1.20851e-05
-3.8745e-05
9.31248e-06
-4.03057e-05
5.78885e-06
-4.10987e-05
2.03318e-06
-4.10925e-05
-1.19068e-06
-4.02553e-05
-3.55718e-06
-3.833e-05
-5.30903e-06
-3.51198e-05
-6.64108e-06
-3.06862e-05
-7.34562e-06
-2.51605e-05
-7.44146e-06
-1.85897e-05
-7.3576e-06
-1.06044e-05
-7.95602e-06
-9.12106e-06
-3.90899e-06
2.96754e-05
-9.32998e-06
2.6785e-05
-1.70122e-05
2.48733e-05
-2.45888e-05
2.45578e-05
-3.01512e-05
1.92538e-05
-3.45472e-05
1.79075e-05
-4.02725e-05
1.78099e-05
-4.30913e-05
1.2131e-05
-4.42752e-05
6.97273e-06
-4.49051e-05
2.66301e-06
-4.49504e-05
-1.14551e-06
-4.38825e-05
-4.62518e-06
-4.17749e-05
-7.41662e-06
-3.83741e-05
-1.00419e-05
-3.36238e-05
-1.2096e-05
-2.78216e-05
-1.32436e-05
-2.10883e-05
-1.40909e-05
-1.2702e-05
-1.63423e-05
-2.18231e-05
3.10615e-07
2.94445e-05
-2.58878e-06
2.96848e-05
-7.09445e-06
2.93791e-05
-1.06856e-05
2.81489e-05
-1.69033e-05
2.54713e-05
-2.51754e-05
2.61791e-05
-3.29015e-05
2.55357e-05
-3.80638e-05
1.7293e-05
-4.39974e-05
1.29058e-05
-4.83627e-05
7.02794e-06
-4.75105e-05
-1.99777e-06
-4.60461e-05
-6.0897e-06
-4.43038e-05
-9.159e-06
-4.07402e-05
-1.36056e-05
-3.56152e-05
-1.7221e-05
-2.9399e-05
-1.94598e-05
-2.20481e-05
-2.14418e-05
-1.2577e-05
-2.58134e-05
-3.44e-05
2.72101e-06
2.74483e-05
2.64868e-06
2.97576e-05
9.09495e-07
3.11186e-05
-2.25248e-06
3.13112e-05
-7.66538e-06
3.08845e-05
-1.28561e-05
3.13701e-05
-1.63055e-05
2.89851e-05
-2.25495e-05
2.35367e-05
-3.14983e-05
2.18542e-05
-3.84766e-05
1.40059e-05
-4.38119e-05
3.33706e-06
-4.82321e-05
-1.66992e-06
-4.61149e-05
-1.12763e-05
-4.13744e-05
-1.8346e-05
-3.63352e-05
-2.22602e-05
-2.9938e-05
-2.58569e-05
-2.22693e-05
-2.91104e-05
-1.25537e-05
-3.55288e-05
-4.69536e-05
2.94085e-06
2.47463e-05
4.60761e-06
2.80912e-05
5.11801e-06
3.06084e-05
4.15904e-06
3.22705e-05
1.6063e-06
3.34376e-05
-1.34407e-06
3.43208e-05
-4.32905e-06
3.19704e-05
-7.46727e-06
2.66752e-05
-8.4469e-06
2.28339e-05
-1.29626e-05
1.85213e-05
-2.49456e-05
1.53197e-05
-3.5241e-05
8.62512e-06
-4.00943e-05
-6.42321e-06
-4.10415e-05
-1.73987e-05
-3.7231e-05
-2.60705e-05
-3.00902e-05
-3.29975e-05
-2.13575e-05
-3.78428e-05
-1.13177e-05
-4.55681e-05
-5.82707e-05
1.94005e-06
2.16725e-05
4.45926e-06
2.55722e-05
6.22826e-06
2.88396e-05
7.04186e-06
3.14571e-05
6.99127e-06
3.34885e-05
6.58095e-06
3.47315e-05
5.59701e-06
3.29547e-05
4.73128e-06
2.75412e-05
3.5158e-06
2.40496e-05
5.21338e-07
2.1516e-05
-5.23568e-06
2.10768e-05
-1.0707e-05
1.40965e-05
-1.83032e-05
1.17306e-06
-2.46434e-05
-1.10584e-05
-2.82652e-05
-2.24486e-05
-2.60524e-05
-3.52099e-05
-1.84175e-05
-4.54771e-05
-1.92073e-05
-4.47775e-05
-7.74776e-05
2.84192e-08
1.85653e-05
3.07252e-06
2.25283e-05
5.727e-06
2.61851e-05
7.89311e-06
2.92911e-05
9.59504e-06
3.17868e-05
1.1121e-05
3.32057e-05
1.19673e-05
3.21087e-05
1.18014e-05
2.77073e-05
1.14524e-05
2.43989e-05
9.86421e-06
2.31044e-05
7.65058e-06
2.32906e-05
4.72509e-06
1.70221e-05
3.89556e-06
2.00273e-06
3.68637e-06
-1.08492e-05
4.09743e-06
-2.28597e-05
3.77421e-06
-3.48867e-05
2.35364e-06
-4.40567e-05
8.01909e-06
-5.04429e-05
-6.94592e-05
-2.23645e-06
1.55142e-05
9.75809e-07
1.93162e-05
4.14977e-06
2.30111e-05
7.21437e-06
2.62265e-05
1.02141e-05
2.8787e-05
1.31506e-05
3.02693e-05
1.55807e-05
2.96787e-05
1.62926e-05
2.69955e-05
1.63689e-05
2.43227e-05
1.62824e-05
2.31911e-05
1.71793e-05
2.23939e-05
1.77609e-05
1.64407e-05
1.78836e-05
1.87999e-06
1.88127e-05
-1.17783e-05
1.94944e-05
-2.35417e-05
1.82492e-05
-3.3642e-05
1.59147e-05
-4.17228e-05
1.27196e-05
-4.7249e-05
-5.67399e-05
-4.62841e-06
1.26505e-05
-1.47616e-06
1.6164e-05
1.8797e-06
1.96552e-05
5.39216e-06
2.27139e-05
9.03926e-06
2.51399e-05
1.27323e-05
2.65762e-05
1.59357e-05
2.64753e-05
1.80289e-05
2.49023e-05
1.93194e-05
2.30323e-05
2.08117e-05
2.16989e-05
2.35595e-05
1.96463e-05
2.66218e-05
1.33784e-05
2.72053e-05
1.29648e-06
2.68388e-05
-1.1412e-05
2.50902e-05
-2.17934e-05
2.18675e-05
-3.04197e-05
1.68644e-05
-3.67203e-05
1.09167e-05
-4.13016e-05
-4.58238e-05
-6.92932e-06
1.00698e-05
-3.97818e-06
1.3213e-05
-7.01994e-07
1.63789e-05
2.86537e-06
1.91465e-05
6.66696e-06
2.13382e-05
1.05572e-05
2.2686e-05
1.41407e-05
2.28917e-05
1.70655e-05
2.19775e-05
1.95041e-05
2.05937e-05
2.22451e-05
1.89579e-05
2.57458e-05
1.61456e-05
2.90279e-05
1.00963e-05
3.00094e-05
3.14999e-07
2.87091e-05
-1.01118e-05
2.60365e-05
-1.91209e-05
2.18418e-05
-2.62252e-05
1.64315e-05
-3.13102e-05
9.5733e-06
-3.44441e-05
-3.62505e-05
-8.90385e-06
7.82757e-06
-6.25576e-06
1.0565e-05
-3.23986e-06
1.33629e-05
1.21107e-07
1.57854e-05
3.75943e-06
1.76998e-05
7.52827e-06
1.89171e-05
1.1169e-05
1.92509e-05
1.4447e-05
1.86995e-05
1.7519e-05
1.75218e-05
2.07384e-05
1.57385e-05
2.41949e-05
1.26891e-05
2.69967e-05
7.29452e-06
2.7818e-05
-5.06327e-07
2.65834e-05
-8.87726e-06
2.37549e-05
-1.62924e-05
1.96571e-05
-2.21276e-05
1.44397e-05
-2.60931e-05
8.10181e-06
-2.81062e-05
-2.8149e-05
-1.04027e-05
5.92047e-06
-8.108e-06
8.27044e-06
-5.44623e-06
1.07011e-05
-2.44247e-06
1.27815e-05
8.46531e-07
1.44107e-05
4.30141e-06
1.54622e-05
7.74264e-06
1.58096e-05
1.10237e-05
1.54183e-05
1.41838e-05
1.43617e-05
1.73591e-05
1.25632e-05
2.04343e-05
9.61389e-06
2.27347e-05
4.99408e-06
2.34032e-05
-1.17489e-06
2.22886e-05
-7.76264e-06
1.97005e-05
-1.37043e-05
1.59693e-05
-1.83963e-05
1.13599e-05
-2.14836e-05
6.05411e-06
-2.28009e-05
-2.20946e-05
-1.13318e-05
4.35163e-06
-9.39812e-06
6.33687e-06
-7.12393e-06
8.42682e-06
-4.53407e-06
1.01916e-05
-1.68094e-06
1.15576e-05
1.34915e-06
1.24321e-05
4.43145e-06
1.27273e-05
7.45602e-06
1.23938e-05
1.03982e-05
1.14195e-05
1.3246e-05
9.71538e-06
1.58122e-05
7.04763e-06
1.76094e-05
3.19691e-06
1.80993e-05
-1.66482e-06
1.71398e-05
-6.80311e-06
1.49288e-05
-1.14932e-05
1.17629e-05
-1.52305e-05
7.97171e-06
-1.76926e-05
3.91603e-06
-1.87448e-05
-1.81789e-05
-1.16556e-05
3.07309e-06
-1.00628e-05
4.7442e-06
-8.16567e-06
6.52958e-06
-5.98854e-06
8.01438e-06
-3.57855e-06
9.14751e-06
-1.0045e-06
9.85798e-06
1.6456e-06
1.00772e-05
4.28232e-06
9.75702e-06
6.84107e-06
8.86074e-06
9.24286e-06
7.31359e-06
1.12968e-05
4.99365e-06
1.2661e-05
1.83273e-06
1.29929e-05
-1.99674e-06
1.21952e-05
-6.00534e-06
1.04052e-05
-9.70328e-06
7.87958e-06
-1.27049e-05
4.97041e-06
-1.47833e-05
2.15667e-06
-1.59315e-05
-1.60219e-05
-1.13929e-05
2.0634e-06
-1.01014e-05
3.45274e-06
-8.54547e-06
4.97361e-06
-6.74677e-06
6.21559e-06
-4.74689e-06
7.14759e-06
-2.60409e-06
7.71516e-06
-3.88468e-07
7.86156e-06
1.82499e-06
7.54356e-06
3.95953e-06
6.7262e-06
5.91302e-06
5.36009e-06
7.51976e-06
3.38692e-06
8.54381e-06
8.08672e-07
8.77228e-06
-2.2252e-06
8.14676e-06
-5.37982e-06
6.77527e-06
-8.33175e-06
4.88502e-06
-1.08147e-05
2.80552e-06
-1.2704e-05
9.66558e-07
-1.4092e-05
-1.50557e-05
-1.06074e-05
1.26143e-06
-9.57197e-06
2.4174e-06
-8.30767e-06
3.70924e-06
-6.83599e-06
4.74384e-06
-5.19333e-06
5.50489e-06
-3.42944e-06
5.95126e-06
-1.60447e-06
6.03659e-06
2.15819e-07
5.72329e-06
1.95686e-06
4.98517e-06
3.52082e-06
3.79615e-06
4.77383e-06
2.13392e-06
5.5562e-06
2.63234e-08
5.73621e-06
-2.4052e-06
5.28686e-06
-4.93043e-06
4.29861e-06
-7.34351e-06
2.95571e-06
-9.47174e-06
1.52664e-06
-1.12748e-05
3.64984e-07
-1.29309e-05
-1.46902e-05
-9.39259e-06
6.45559e-07
-8.56756e-06
1.59246e-06
-7.54562e-06
2.68723e-06
-6.34654e-06
3.5447e-06
-5.00263e-06
4.16094e-06
-3.55686e-06
4.50548e-06
-2.06138e-06
4.54112e-06
-5.75364e-07
4.23729e-06
8.34823e-07
3.575e-06
2.08658e-06
2.54442e-06
3.07616e-06
1.14437e-06
3.69618e-06
-5.93667e-07
3.86386e-06
-2.57283e-06
3.57333e-06
-4.63989e-06
2.89256e-06
-6.66267e-06
1.9639e-06
-8.54312e-06
9.91477e-07
-1.03025e-05
2.14278e-07
-1.2153e-05
-1.44764e-05
-7.86281e-06
1.6225e-07
-7.20856e-06
9.38309e-07
-6.38318e-06
1.8618e-06
-5.40625e-06
2.56771e-06
-4.30656e-06
3.06122e-06
-3.12127e-06
3.32019e-06
-1.89536e-06
3.31523e-06
-6.80675e-07
3.02263e-06
4.64272e-07
2.43009e-06
1.47225e-06
1.53648e-06
2.26743e-06
3.49239e-07
2.77524e-06
-1.10143e-06
2.9417e-06
-2.73924e-06
2.76788e-06
-4.466e-06
2.30148e-06
-6.19627e-06
1.63913e-06
-7.88071e-06
9.17439e-07
-9.58061e-06
3.0644e-07
-1.15426e-05
-1.41693e-05
-6.1378e-06
-1.99869e-07
-5.6202e-06
4.20809e-07
-4.95415e-06
1.1957e-06
-4.15738e-06
1.77089e-06
-3.256e-06
2.15982e-06
-2.28242e-06
2.34662e-06
-1.27547e-06
2.3083e-06
-2.8039e-07
2.02758e-06
6.52314e-07
1.49743e-06
1.46947e-06
7.19368e-07
2.11534e-06
-2.96579e-07
2.53508e-06
-1.52112e-06
2.69143e-06
-2.89551e-06
2.58362e-06
-4.35814e-06
2.23976e-06
-5.85231e-06
1.72324e-06
-7.3642e-06
1.11904e-06
-8.97657e-06
5.33523e-07
-1.09563e-05
-1.36363e-05
-4.33479e-06
-4.8336e-07
-3.92727e-06
1.34008e-08
-3.38925e-06
6.57638e-07
-2.7387e-06
1.12029e-06
-1.9993e-06
1.42041e-06
-1.19924e-06
1.54657e-06
-3.72669e-07
1.48176e-06
4.40843e-07
1.21411e-06
1.20029e-06
7.38033e-07
1.86362e-06
5.60976e-08
2.38635e-06
-8.19247e-07
2.72555e-06
-1.86025e-06
2.85394e-06
-3.02383e-06
2.76578e-06
-4.26988e-06
2.47459e-06
-5.56109e-06
2.01276e-06
-6.90227e-06
1.42856e-06
-8.39209e-06
7.72901e-07
-1.03013e-05
-1.28627e-05
-2.55621e-06
-6.91011e-07
-2.23853e-06
-3.04177e-07
-1.80478e-06
2.23863e-07
-1.2743e-06
5.89774e-07
-6.69162e-07
8.15268e-07
-1.49868e-08
8.92408e-07
6.58686e-07
8.08124e-07
1.32014e-06
5.52701e-07
1.93573e-06
1.22495e-07
2.46913e-06
-4.77235e-07
2.88284e-06
-1.23289e-06
3.14239e-06
-2.11973e-06
3.22607e-06
-3.10741e-06
3.12194e-06
-4.16567e-06
2.83181e-06
-5.27085e-06
2.37043e-06
-6.44088e-06
1.75444e-06
-7.77626e-06
9.92745e-07
-9.53871e-06
-1.18705e-05
-9.12689e-07
-8.36703e-07
-6.50788e-07
-5.65965e-07
-2.98992e-07
-1.27951e-07
1.30263e-07
1.60491e-07
6.20524e-07
3.25006e-07
1.15057e-06
3.62389e-07
1.69627e-06
2.62458e-07
2.23028e-06
1.8741e-08
2.72224e-06
-3.69414e-07
3.14081e-06
-8.95738e-07
3.45417e-06
-1.54618e-06
3.63456e-06
-2.30003e-06
3.66122e-06
-3.13399e-06
3.51884e-06
-4.02319e-06
3.20207e-06
-4.95402e-06
2.70831e-06
-5.94701e-06
2.03737e-06
-7.10502e-06
1.17088e-06
-8.6729e-06
-1.06989e-05
5.65632e-07
-9.3605e-07
7.6998e-07
-7.70207e-07
1.04898e-06
-4.06968e-07
1.39259e-06
-1.83147e-07
1.78775e-06
-7.01637e-08
2.21484e-06
-6.46932e-08
2.652e-06
-1.74676e-07
3.07513e-06
-4.04352e-07
3.4581e-06
-7.52336e-07
3.77362e-06
-1.2112e-06
3.99474e-06
-1.76725e-06
4.09785e-06
-2.40307e-06
4.06215e-06
-3.09821e-06
3.87076e-06
-3.83174e-06
3.51177e-06
-4.59493e-06
2.97739e-06
-5.41263e-06
2.25162e-06
-6.37946e-06
1.29453e-06
-7.71489e-06
-9.40499e-06
1.82657e-06
-1.03063e-06
1.97097e-06
-9.14494e-07
2.1886e-06
-6.24614e-07
2.46312e-06
-4.57699e-07
2.77807e-06
-3.85128e-07
3.11684e-06
-4.03458e-07
3.46008e-06
-5.17896e-07
3.78659e-06
-7.3084e-07
4.07353e-06
-1.03925e-06
4.29736e-06
-1.43499e-06
4.43528e-06
-1.90512e-06
4.46557e-06
-2.43331e-06
4.36818e-06
-3.00078e-06
4.12585e-06
-3.58933e-06
3.72477e-06
-4.19385e-06
3.14806e-06
-4.83587e-06
2.37702e-06
-5.60813e-06
1.36787e-06
-6.70657e-06
-8.03641e-06
2.80399e-06
-1.09209e-06
2.91763e-06
-1.02805e-06
3.08842e-06
-7.9543e-07
3.30452e-06
-6.73846e-07
3.55213e-06
-6.32774e-07
3.81601e-06
-6.67352e-07
4.07888e-06
-7.80788e-07
4.32207e-06
-9.74036e-07
4.52587e-06
-1.24306e-06
4.67015e-06
-1.57927e-06
4.73479e-06
-1.96975e-06
4.6999e-06
-2.39841e-06
4.54667e-06
-2.84753e-06
4.25852e-06
-3.30119e-06
3.81846e-06
-3.75375e-06
3.21095e-06
-4.22843e-06
2.4077e-06
-4.80522e-06
1.36289e-06
-5.66087e-06
-6.67426e-06
3.5077e-06
-1.14337e-06
3.59463e-06
-1.11491e-06
3.72823e-06
-9.29058e-07
3.89731e-06
-8.42984e-07
4.08952e-06
-8.25038e-07
4.29112e-06
-8.69002e-07
4.48686e-06
-9.76564e-07
4.66035e-06
-1.14756e-06
4.79452e-06
-1.37726e-06
4.8718e-06
-1.65659e-06
4.87429e-06
-1.97226e-06
4.78436e-06
-2.3085e-06
4.58513e-06
-2.64832e-06
4.26087e-06
-2.97695e-06
3.79532e-06
-3.28829e-06
3.16547e-06
-3.59862e-06
2.34803e-06
-3.98756e-06
1.311e-06
-4.62485e-06
-5.36255e-06
3.93431e-06
-1.17659e-06
4.00065e-06
-1.1812e-06
4.10504e-06
-1.0335e-06
4.23713e-06
-9.75156e-07
4.38545e-06
-9.73438e-07
4.53751e-06
-1.02114e-06
4.67965e-06
-1.11877e-06
4.79735e-06
-1.26532e-06
4.87554e-06
-1.45552e-06
4.89893e-06
-1.68004e-06
4.85173e-06
-1.92513e-06
4.71882e-06
-2.17566e-06
4.48593e-06
-2.41549e-06
4.13895e-06
-2.63007e-06
3.65859e-06
-2.80799e-06
3.02679e-06
-2.96698e-06
2.2216e-06
-3.18283e-06
1.21874e-06
-3.62113e-06
-4.14463e-06
4.09079e-06
-1.20861e-06
4.14248e-06
-1.23284e-06
4.22594e-06
-1.11702e-06
4.3309e-06
-1.0802e-06
4.44671e-06
-1.08934e-06
4.56197e-06
-1.13648e-06
4.66425e-06
-1.22114e-06
4.74051e-06
-1.34167e-06
4.77719e-06
-1.49227e-06
4.76079e-06
-1.66372e-06
4.67737e-06
-1.8418e-06
4.51475e-06
-2.01312e-06
4.2615e-06
-2.16235e-06
3.90595e-06
-2.27461e-06
3.43035e-06
-2.33254e-06
2.81463e-06
-2.35137e-06
2.04595e-06
-2.41396e-06
1.11039e-06
-2.68671e-06
-3.0335e-06
3.99547e-06
-1.23063e-06
4.03686e-06
-1.27422e-06
4.10571e-06
-1.18593e-06
4.19203e-06
-1.16661e-06
4.28603e-06
-1.18343e-06
4.3771e-06
-1.22765e-06
4.45381e-06
-1.29795e-06
4.50409e-06
-1.39205e-06
4.51523e-06
-1.50351e-06
4.47505e-06
-1.62365e-06
4.3703e-06
-1.73716e-06
4.19148e-06
-1.83441e-06
3.93164e-06
-1.90261e-06
3.58427e-06
-1.92737e-06
3.13171e-06
-1.88008e-06
2.55823e-06
-1.77807e-06
1.84667e-06
-1.7029e-06
9.86387e-07
-1.82546e-06
-2.04796e-06
3.6684e-06
-1.25561e-06
3.70291e-06
-1.30872e-06
3.76192e-06
-1.245e-06
3.83657e-06
-1.24134e-06
3.91803e-06
-1.26498e-06
3.99678e-06
-1.30649e-06
4.06228e-06
-1.36354e-06
4.1033e-06
-1.43316e-06
4.1072e-06
-1.50751e-06
4.06242e-06
-1.57896e-06
3.95328e-06
-1.62813e-06
3.77308e-06
-1.65435e-06
3.52127e-06
-1.65091e-06
3.20251e-06
-1.60872e-06
2.79897e-06
-1.47669e-06
2.28481e-06
-1.26404e-06
1.6459e-06
-1.06374e-06
8.76241e-07
-1.05701e-06
-1.17096e-06
3.1366e-06
-1.27429e-06
3.16265e-06
-1.33477e-06
3.21324e-06
-1.29564e-06
3.27997e-06
-1.30811e-06
3.35522e-06
-1.34028e-06
3.43084e-06
-1.38215e-06
3.49772e-06
-1.43047e-06
3.54581e-06
-1.48129e-06
3.56248e-06
-1.52423e-06
3.53707e-06
-1.55362e-06
3.44662e-06
-1.53779e-06
3.28508e-06
-1.49284e-06
3.05969e-06
-1.42557e-06
2.79415e-06
-1.34321e-06
2.45923e-06
-1.14178e-06
2.02801e-06
-8.32852e-07
1.47618e-06
-5.12346e-07
7.88551e-07
-3.68235e-07
-3.82892e-07
2.4307e-06
-1.2887e-06
2.43991e-06
-1.3441e-06
2.47872e-06
-1.33462e-06
2.53658e-06
-1.36616e-06
2.60633e-06
-1.41022e-06
2.68164e-06
-1.45766e-06
2.75606e-06
-1.50509e-06
2.82204e-06
-1.54746e-06
2.86932e-06
-1.57172e-06
2.89121e-06
-1.57575e-06
2.85047e-06
-1.49722e-06
2.72876e-06
-1.37134e-06
2.57263e-06
-1.26957e-06
2.39348e-06
-1.16416e-06
2.15204e-06
-9.00456e-07
1.8187e-06
-4.99652e-07
1.37175e-06
-6.50712e-08
7.72642e-07
2.29963e-07
3.89588e-07
1.58271e-06
-1.25165e-06
1.56606e-06
-1.32767e-06
1.58759e-06
-1.35639e-06
1.63033e-06
-1.40916e-06
1.6866e-06
-1.46675e-06
1.75244e-06
-1.52375e-06
1.82513e-06
-1.57804e-06
1.9022e-06
-1.62481e-06
1.97593e-06
-1.64573e-06
2.05927e-06
-1.65935e-06
2.09339e-06
-1.53161e-06
2.00968e-06
-1.28786e-06
2.08404e-06
-1.34414e-06
2.04511e-06
-1.12543e-06
1.90684e-06
-7.62382e-07
1.6815e-06
-2.74512e-07
1.36324e-06
2.52628e-07
8.77922e-07
7.15092e-07
1.26745e-06
5.44319e-07
5.35067e-07
5.47822e-07
5.68552e-07
5.9645e-07
6.31581e-07
6.75201e-07
7.27898e-07
7.94187e-07
8.90885e-07
1.04105e-06
1.29481e-06
1.71045e-06
1.80435e-06
1.72332e-06
1.54566e-06
1.28912e-06
8.94335e-07
)
;

boundaryField
{
    leftWall
    {
        type            calculated;
        value           uniform 0;
    }
    rightWall
    {
        type            calculated;
        value           uniform 0;
    }
    lowerWall
    {
        type            calculated;
        value           uniform 0;
    }
    atmosphere
    {
        type            calculated;
        value           nonuniform List<scalar> 
46
(
1.34608e-06
4.37953e-07
6.29599e-07
8.69211e-07
9.25648e-07
1.09954e-06
1.26216e-06
1.36815e-06
1.47131e-06
1.9357e-06
1.40637e-06
1.30285e-06
1.1781e-06
1.02844e-06
8.95269e-07
7.9951e-07
7.17399e-07
5.32967e-07
3.27742e-07
1.46296e-07
-6.16429e-09
-1.35695e-07
-3.04808e-07
-1.52937e-07
-2.10872e-07
-2.2947e-07
-2.73161e-07
-1.21082e-06
-1.31849e-06
-1.36922e-06
-1.42997e-06
-1.49473e-06
-1.55897e-06
-1.62175e-06
-1.67759e-06
-1.7121e-06
-1.75613e-06
-1.68185e-06
-1.5417e-06
-1.75986e-06
-1.21942e-06
-6.8145e-07
-9.69695e-08
5.09116e-07
1.10983e-06
2.16179e-06
)
;
    }
    defaultFaces
    {
        type            empty;
    }
}


// ************************************************************************* //
