/*--------------------------------*- C++ -*----------------------------------*\
  =========                 |
  \\      /  F ield         | OpenFOAM: The Open Source CFD Toolbox
   \\    /   O peration     | Website:  https://openfoam.org
    \\  /    A nd           | Version:  13
     \\/     M anipulation  |
\*---------------------------------------------------------------------------*/
FoamFile
{
    format      ascii;
    class       surfaceScalarField;
    location    "1.5";
    object      phi;
}
// * * * * * * * * * * * * * * * * * * * * * * * * * * * * * * * * * * * * * //

dimensions      [0 3 -1 0 0 0 0];

internalField   nonuniform List<scalar> 
4432
(
-1.18866e-06
1.18866e-06
-9.43337e-07
-2.45323e-07
-2.45461e-07
-6.97876e-07
3.88277e-07
-6.33738e-07
9.12208e-07
-5.23932e-07
1.39976e-06
-4.87554e-07
1.92572e-06
-5.25956e-07
2.53132e-06
-6.05602e-07
3.22943e-06
-6.98115e-07
4.01158e-06
-7.82156e-07
4.84926e-06
-8.37677e-07
5.70099e-06
-8.51733e-07
6.51754e-06
-8.16551e-07
7.23203e-06
-7.14489e-07
7.74001e-06
-5.07981e-07
7.89913e-06
-1.59123e-07
7.5308e-06
3.68332e-07
6.50909e-06
1.02171e-06
4.74779e-06
1.7613e-06
2.26127e-06
2.48651e-06
-6.56035e-07
2.91731e-06
-2.53143e-06
1.8754e-06
-2.53143e-06
-1.50913e-07
1.33958e-06
4.16581e-07
-8.12814e-07
9.86938e-07
-1.26823e-06
1.47749e-06
-1.12429e-06
1.89095e-06
-9.37389e-07
2.28273e-06
-8.79331e-07
2.7059e-06
-9.49115e-07
3.19117e-06
-1.09087e-06
3.74922e-06
-1.25616e-06
4.37511e-06
-1.40804e-06
5.04902e-06
-1.51159e-06
5.74088e-06
-1.54359e-06
6.41555e-06
-1.49121e-06
7.02569e-06
-1.32464e-06
7.49448e-06
-9.76771e-07
7.70525e-06
-3.69887e-07
7.50029e-06
5.73288e-07
6.76333e-06
1.75867e-06
5.42214e-06
3.1025e-06
3.50839e-06
4.40026e-06
1.3222e-06
5.10351e-06
-3.81567e-07
3.57917e-06
-2.91299e-06
6.86426e-07
6.53156e-07
1.31201e-06
-1.4384e-06
1.77887e-06
-1.73508e-06
2.17495e-06
-1.52037e-06
2.52312e-06
-1.28555e-06
2.86182e-06
-1.21803e-06
3.22767e-06
-1.31497e-06
3.64132e-06
-1.50452e-06
4.10929e-06
-1.72413e-06
4.6271e-06
-1.92584e-06
5.18008e-06
-2.06457e-06
5.74353e-06
-2.10704e-06
6.29169e-06
-2.03937e-06
6.79309e-06
-1.82603e-06
7.19408e-06
-1.37777e-06
7.40498e-06
-5.80784e-07
7.29252e-06
6.85752e-07
6.76342e-06
2.28776e-06
5.75892e-06
4.107e-06
4.30199e-06
5.85719e-06
2.59298e-06
6.81252e-06
9.55706e-07
5.21645e-06
-1.95728e-06
1.39117e-06
-7.38009e-07
1.95097e-06
-1.9982e-06
2.34556e-06
-2.12967e-06
2.68896e-06
-1.86377e-06
3.00319e-06
-1.59978e-06
3.31496e-06
-1.52979e-06
3.64894e-06
-1.64894e-06
4.01792e-06
-1.87349e-06
4.42446e-06
-2.13067e-06
4.86343e-06
-2.3648e-06
5.3201e-06
-2.52123e-06
5.77449e-06
-2.56143e-06
6.2073e-06
-2.47217e-06
6.59969e-06
-2.21842e-06
6.9208e-06
-1.69887e-06
7.10875e-06
-7.6874e-07
7.05209e-06
7.42417e-07
6.68512e-06
2.65474e-06
5.95777e-06
4.83434e-06
4.864e-06
6.95097e-06
3.49328e-06
8.18324e-06
1.90698e-06
6.80275e-06
-5.03073e-08
1.78451e-06
-2.52252e-06
2.33315e-06
-2.54685e-06
2.72247e-06
-2.51899e-06
3.05611e-06
-2.1974e-06
3.36734e-06
-1.91101e-06
3.67679e-06
-1.83925e-06
4.00099e-06
-1.97314e-06
4.3477e-06
-2.22019e-06
4.71293e-06
-2.49589e-06
5.09307e-06
-2.74495e-06
5.47562e-06
-2.90378e-06
5.83943e-06
-2.92524e-06
6.17028e-06
-2.80303e-06
6.45974e-06
-2.50788e-06
6.69285e-06
-1.93198e-06
6.83625e-06
-9.12142e-07
6.80265e-06
7.76021e-07
6.56154e-06
2.89586e-06
6.06555e-06
5.33033e-06
5.26518e-06
7.75134e-06
4.14729e-06
9.30113e-06
2.56912e-06
8.38092e-06
2.51882e-06
1.77699e-06
-4.29949e-06
2.5146e-06
-3.28444e-06
2.98471e-06
-2.9891e-06
3.34034e-06
-2.55303e-06
3.66528e-06
-2.23595e-06
3.98391e-06
-2.15788e-06
4.31164e-06
-2.30088e-06
4.65784e-06
-2.56639e-06
5.02044e-06
-2.8585e-06
5.37363e-06
-3.09814e-06
5.67929e-06
-3.20944e-06
5.96336e-06
-3.2093e-06
6.19764e-06
-3.03731e-06
6.37809e-06
-2.68833e-06
6.51552e-06
-2.0694e-06
6.59646e-06
-9.93088e-07
6.55727e-06
8.15216e-07
6.40865e-06
3.04448e-06
6.10464e-06
5.63434e-06
5.5543e-06
8.30168e-06
4.65968e-06
1.01957e-05
3.10663e-06
9.93397e-06
5.62543e-06
2.17146e-06
-6.47094e-06
3.26087e-06
-4.37384e-06
3.85013e-06
-3.57836e-06
4.20433e-06
-2.90723e-06
4.47046e-06
-2.50208e-06
4.70606e-06
-2.39347e-06
4.93649e-06
-2.53131e-06
5.18103e-06
-2.81093e-06
5.43127e-06
-3.10874e-06
5.64976e-06
-3.31664e-06
5.8152e-06
-3.37487e-06
6.0484e-06
-3.4425e-06
6.26034e-06
-3.24924e-06
6.41641e-06
-2.8444e-06
6.45276e-06
-2.10575e-06
6.3957e-06
-9.36026e-07
6.30285e-06
9.08063e-07
6.24174e-06
3.10559e-06
6.10918e-06
5.7669e-06
5.79098e-06
8.61988e-06
5.15065e-06
1.08361e-05
3.69431e-06
1.13903e-05
9.31974e-06
2.48374e-06
-8.95467e-06
4.06854e-06
-5.95864e-06
4.92618e-06
-4.43599e-06
5.40489e-06
-3.38594e-06
5.70093e-06
-2.79812e-06
5.9149e-06
-2.60744e-06
6.10213e-06
-2.71855e-06
6.30237e-06
-3.01117e-06
6.52524e-06
-3.33161e-06
6.74037e-06
-3.53177e-06
6.90258e-06
-3.53708e-06
6.92328e-06
-3.4632e-06
6.86299e-06
-3.18894e-06
6.69621e-06
-2.67763e-06
6.397e-06
-1.80654e-06
6.19557e-06
-7.34597e-07
6.13327e-06
9.70362e-07
6.10827e-06
3.13059e-06
6.05373e-06
5.82143e-06
5.99883e-06
8.67478e-06
5.80754e-06
1.10274e-05
4.81973e-06
1.23781e-05
1.41395e-05
5.15749e-06
-5.15748e-06
7.08626e-06
-1.92877e-06
8.13221e-06
-1.04594e-06
7.23908e-06
8.9313e-07
4.80668e-06
2.4324e-06
1.82223e-06
2.98444e-06
-1.3483e-06
3.17053e-06
-3.86368e-06
2.51538e-06
-5.67374e-06
1.81005e-06
-7.3587e-06
1.68496e-06
-9.20785e-06
1.84915e-06
-9.34672e-06
1.38867e-07
-8.28527e-06
-1.06145e-06
-6.67781e-06
-1.60746e-06
-5.07581e-06
-1.602e-06
-3.12015e-06
-1.95566e-06
-1.30954e-06
-1.81061e-06
-2.71457e-07
-1.03809e-06
-2.71457e-07
6.93831e-06
-1.20958e-05
9.14047e-06
-4.13093e-06
8.64712e-06
-5.52601e-07
7.51148e-06
2.02878e-06
5.39729e-06
4.54658e-06
2.65673e-06
5.72501e-06
-3.61452e-07
6.18871e-06
-2.92904e-06
5.08296e-06
-4.97572e-06
3.85673e-06
-6.37406e-06
3.08329e-06
-7.01161e-06
2.4867e-06
-7.103e-06
2.3025e-07
-6.36148e-06
-1.80297e-06
-5.00498e-06
-2.96396e-06
-3.25604e-06
-3.35093e-06
-1.55604e-06
-3.65567e-06
-7.175e-07
-2.64914e-06
-5.50922e-07
-1.20466e-06
-8.22375e-07
6.22106e-06
-1.83168e-05
1.04024e-05
-8.31223e-06
1.18588e-05
-2.00908e-06
1.02025e-05
3.68514e-06
7.86146e-06
6.88761e-06
5.17919e-06
8.40729e-06
2.17964e-06
9.18825e-06
-6.40343e-07
7.90294e-06
-3.13848e-06
6.35486e-06
-4.59562e-06
4.54043e-06
-4.90209e-06
2.79318e-06
-4.93753e-06
2.65688e-07
-4.24936e-06
-2.49114e-06
-3.05106e-06
-4.16226e-06
-1.49523e-06
-4.90677e-06
-2.31841e-07
-4.91905e-06
8.66159e-08
-2.9676e-06
-2.36672e-07
-8.81372e-07
-1.05905e-06
3.43453e-06
-2.17514e-05
8.57402e-06
-1.34517e-05
1.44108e-05
-7.84589e-06
1.4356e-05
3.73997e-06
1.19185e-05
9.32512e-06
9.34509e-06
1.09807e-05
6.97056e-06
1.15628e-05
4.07026e-06
1.08032e-05
1.14288e-06
9.28224e-06
-8.29218e-07
6.51252e-06
-1.96294e-06
3.9269e-06
-2.20184e-06
5.04589e-07
-1.77675e-06
-2.91623e-06
-7.32791e-07
-5.20622e-06
1.75261e-07
-5.81481e-06
8.27148e-07
-5.57093e-06
1.07415e-06
-3.21459e-06
9.60684e-07
-7.67898e-07
-9.83519e-08
1.49087e-06
-2.32422e-05
6.28852e-06
-1.82494e-05
1.27939e-05
-1.43512e-05
1.82249e-05
-1.69105e-06
1.83195e-05
9.23049e-06
1.67828e-05
1.25174e-05
1.51776e-05
1.31679e-05
1.31455e-05
1.28354e-05
1.02012e-05
1.22265e-05
6.54211e-06
1.01716e-05
3.35232e-06
7.11669e-06
1.88502e-06
1.9719e-06
1.42028e-06
-2.4515e-06
1.66679e-06
-5.45272e-06
1.70428e-06
-5.85231e-06
1.29389e-06
-5.16054e-06
7.70475e-07
-2.69118e-06
8.51119e-07
-8.48538e-07
7.52763e-07
-1.9682e-07
-2.30454e-05
4.87106e-06
-2.33172e-05
1.0932e-05
-2.04121e-05
1.86212e-05
-9.38031e-06
2.16481e-05
6.20356e-06
2.13642e-05
1.28014e-05
2.01416e-05
1.43905e-05
1.85394e-05
1.44376e-05
1.65216e-05
1.42443e-05
1.39487e-05
1.27445e-05
1.11394e-05
9.92596e-06
8.27527e-06
4.83604e-06
6.31225e-06
-4.88484e-07
5.06766e-06
-4.20814e-06
3.88874e-06
-4.67339e-06
1.81103e-06
-3.08282e-06
-4.61377e-07
-4.18767e-07
-2.34895e-06
1.03903e-06
-1.59617e-06
7.11504e-07
-2.37569e-05
5.75546e-06
-2.83612e-05
1.11324e-05
-2.57891e-05
1.82495e-05
-1.64974e-05
2.29871e-05
1.46591e-06
2.39931e-05
1.17954e-05
2.34889e-05
1.48946e-05
2.23266e-05
1.55999e-05
2.07117e-05
1.58593e-05
1.8562e-05
1.48942e-05
1.62355e-05
1.22525e-05
1.37382e-05
7.3333e-06
1.14603e-05
1.78939e-06
9.44154e-06
-2.18935e-06
7.05455e-06
-2.28641e-06
3.31735e-06
6.54375e-07
-6.23752e-07
3.52234e-06
-3.74029e-06
4.15557e-06
-5.33647e-06
6.43537e-06
-3.01922e-05
9.1499e-06
-3.10757e-05
1.27767e-05
-2.94159e-05
1.8364e-05
-2.20846e-05
2.35082e-05
-3.67828e-06
2.5397e-05
9.90657e-06
2.56709e-05
1.46208e-05
2.50867e-05
1.61841e-05
2.38714e-05
1.70745e-05
2.20324e-05
1.67332e-05
1.99329e-05
1.43519e-05
1.76015e-05
9.66473e-06
1.51858e-05
4.20506e-06
1.26457e-05
3.50812e-07
9.51276e-06
8.46505e-07
5.21734e-06
4.94981e-06
8.48552e-07
7.89112e-06
-2.4422e-06
7.44631e-06
-7.77867e-06
5.93766e-06
-1.48923e-05
9.89655e-06
-9.91753e-06
1.21941e-05
-6.73354e-06
1.35414e-05
-4.73327e-06
1.43666e-05
-3.62328e-06
1.49069e-05
-3.14778e-06
1.53215e-05
-3.13318e-06
1.57542e-05
-3.44379e-06
1.62821e-05
-3.85952e-06
1.68932e-05
-4.14286e-06
1.75539e-05
-4.19778e-06
1.8124e-05
-4.03337e-06
1.85174e-05
-3.58232e-06
1.84949e-05
-2.65514e-06
1.77635e-05
-1.07511e-06
1.62422e-05
7.86619e-07
1.43121e-05
2.90054e-06
1.29075e-05
4.53518e-06
1.28479e-05
5.88093e-06
1.41901e-05
7.33262e-06
1.64045e-05
8.81297e-06
2.03971e-05
8.38544e-06
-7.54134e-07
3.52907e-05
5.43386e-06
-2.03262e-05
8.5905e-06
-1.30742e-05
1.04452e-05
-8.58823e-06
1.17272e-05
-6.01532e-06
1.27406e-05
-4.63665e-06
1.35683e-05
-3.97547e-06
1.42916e-05
-3.85653e-06
1.50601e-05
-4.21226e-06
1.597e-05
-4.76946e-06
1.70123e-05
-5.18517e-06
1.81106e-05
-5.29609e-06
1.92341e-05
-5.15685e-06
2.03945e-05
-4.74273e-06
2.15815e-05
-3.8422e-06
2.27522e-05
-2.24574e-06
2.36508e-05
-1.12076e-07
2.44094e-05
2.14193e-06
2.49949e-05
3.9497e-06
2.57491e-05
5.12668e-06
2.74781e-05
5.60359e-06
3.14027e-05
4.88835e-06
3.81758e-05
1.61229e-06
-6.69467e-06
4.41163e-05
3.332e-06
-2.36582e-05
4.64762e-06
-1.43898e-05
5.49197e-06
-9.43258e-06
6.53215e-06
-7.0555e-06
7.75457e-06
-5.85908e-06
8.98912e-06
-5.21002e-06
1.01761e-05
-5.04351e-06
1.14463e-05
-5.48244e-06
1.28934e-05
-6.21664e-06
1.44529e-05
-6.74459e-06
1.60366e-05
-6.87987e-06
1.76656e-05
-6.78578e-06
1.94728e-05
-6.54997e-06
2.15764e-05
-5.94582e-06
2.39551e-05
-4.62448e-06
2.64664e-05
-2.62343e-06
2.91735e-05
-5.6519e-07
3.23015e-05
8.2169e-07
3.60773e-05
1.35091e-06
4.06472e-05
1.03357e-06
4.61348e-05
-5.99225e-07
5.19831e-05
-4.23607e-06
-9.99467e-06
5.52831e-05
-1.04736e-06
-2.26108e-05
-1.83316e-06
-1.3604e-05
-1.8304e-06
-9.43533e-06
-7.81385e-07
-8.10451e-06
8.34649e-07
-7.47511e-06
2.5448e-06
-6.92017e-06
4.2183e-06
-6.717e-06
6.12359e-06
-7.38773e-06
8.12905e-06
-8.2221e-06
1.01868e-05
-8.80232e-06
1.22333e-05
-8.92644e-06
1.43854e-05
-8.93783e-06
1.67312e-05
-8.89577e-06
1.93997e-05
-8.61436e-06
2.24511e-05
-7.6759e-06
2.5832e-05
-6.00438e-06
2.95501e-05
-4.28332e-06
3.3827e-05
-3.4552e-06
3.86954e-05
-3.51753e-06
4.39526e-05
-4.22365e-06
4.92474e-05
-5.89412e-06
5.3879e-05
-8.86762e-06
-1.24731e-05
5.63574e-05
-8.98856e-06
-1.36223e-05
-1.18995e-05
-1.0693e-05
-1.18555e-05
-9.4794e-06
-1.04559e-05
-9.50402e-06
-8.25397e-06
-9.67705e-06
-5.95455e-06
-9.21958e-06
-3.57805e-06
-9.09349e-06
-1.01639e-06
-9.94939e-06
1.59264e-06
-1.08311e-05
4.1362e-06
-1.13459e-05
6.74309e-06
-1.15334e-05
9.50857e-06
-1.17033e-05
1.24529e-05
-1.18401e-05
1.55756e-05
-1.17371e-05
1.89679e-05
-1.10682e-05
2.28276e-05
-9.86414e-06
2.72822e-05
-8.73788e-06
3.22552e-05
-8.42824e-06
3.74704e-05
-8.73273e-06
4.27276e-05
-9.48085e-06
4.77409e-05
-1.09075e-05
5.19384e-05
-1.30651e-05
-1.55188e-05
5.4984e-05
-1.95411e-05
5.91881e-06
-2.23956e-05
-7.83849e-06
-2.23892e-05
-9.48571e-06
-2.10037e-05
-1.08896e-05
-1.88854e-05
-1.17953e-05
-1.61852e-05
-1.19197e-05
-1.30252e-05
-1.22535e-05
-9.90529e-06
-1.30692e-05
-6.81018e-06
-1.39263e-05
-3.74369e-06
-1.44124e-05
-4.98298e-07
-1.47788e-05
2.90353e-06
-1.51052e-05
6.45209e-06
-1.53887e-05
1.01266e-05
-1.54117e-05
1.40757e-05
-1.50173e-05
1.85765e-05
-1.43649e-05
2.36867e-05
-1.38481e-05
2.90355e-05
-1.3777e-05
3.4382e-05
-1.40792e-05
3.96505e-05
-1.47494e-05
4.46424e-05
-1.58993e-05
4.90868e-05
-1.75094e-05
-1.94385e-05
5.30065e-05
-1.85028e-05
2.44216e-05
-2.3793e-05
-2.54829e-06
-2.71527e-05
-6.12597e-06
-2.68632e-05
-1.11791e-05
-2.51551e-05
-1.35034e-05
-2.2553e-05
-1.45218e-05
-1.92285e-05
-1.5578e-05
-1.59128e-05
-1.6385e-05
-1.26887e-05
-1.71503e-05
-9.34657e-06
-1.77545e-05
-5.85727e-06
-1.82681e-05
-2.18951e-06
-1.87729e-05
1.63332e-06
-1.92115e-05
5.66944e-06
-1.94478e-05
1.00713e-05
-1.94191e-05
1.49487e-05
-1.92423e-05
2.01959e-05
-1.90953e-05
2.55963e-05
-1.91775e-05
3.10555e-05
-1.95383e-05
3.65018e-05
-2.01957e-05
4.17743e-05
-2.11719e-05
4.66889e-05
-2.2424e-05
-2.39346e-05
5.11851e-05
-2.7011e-06
2.71227e-05
-1.28045e-05
7.55509e-06
-2.55219e-05
6.5915e-06
-2.73294e-05
-9.3717e-06
-2.62805e-05
-1.45523e-05
-2.40522e-05
-1.675e-05
-2.12328e-05
-1.83975e-05
-1.81485e-05
-1.94693e-05
-1.49526e-05
-2.03462e-05
-1.16422e-05
-2.1065e-05
-8.17307e-06
-2.17372e-05
-4.51674e-06
-2.24293e-05
-6.46872e-07
-2.30814e-05
3.47696e-06
-2.35716e-05
7.9533e-06
-2.38955e-05
1.2872e-05
-2.4161e-05
1.80922e-05
-2.43155e-05
2.348e-05
-2.45652e-05
2.89705e-05
-2.50287e-05
3.45088e-05
-2.5734e-05
3.99967e-05
-2.66597e-05
4.52907e-05
-2.7718e-05
-2.88986e-05
5.02548e-05
1.91952e-05
7.92756e-06
1.61859e-05
1.05644e-05
-5.43551e-06
2.8213e-05
-2.08932e-05
6.08599e-06
-2.45979e-05
-1.08476e-05
-2.31192e-05
-1.82288e-05
-2.11698e-05
-2.03469e-05
-1.8234e-05
-2.24052e-05
-1.53493e-05
-2.32309e-05
-1.21151e-05
-2.42992e-05
-8.60993e-06
-2.52424e-05
-4.86567e-06
-2.61735e-05
-8.88376e-07
-2.70587e-05
3.36127e-06
-2.78213e-05
7.88562e-06
-2.84198e-05
1.26269e-05
-2.89023e-05
1.76182e-05
-2.93068e-05
2.28675e-05
-2.98146e-05
2.82982e-05
-3.04594e-05
3.38475e-05
-3.12832e-05
3.94733e-05
-3.22854e-05
4.50617e-05
-3.33064e-05
-3.43158e-05
5.04788e-05
2.40085e-05
-1.6081e-05
3.84823e-05
-3.90937e-06
3.35488e-05
3.31465e-05
1.57511e-05
2.38838e-05
2.27006e-06
2.63356e-06
-7.64537e-06
-8.31313e-06
-1.3205e-05
-1.47872e-05
-1.5787e-05
-1.9823e-05
-1.43512e-05
-2.46666e-05
-1.13573e-05
-2.7293e-05
-7.82404e-06
-2.87756e-05
-4.0438e-06
-2.99536e-05
1.11673e-10
-3.11024e-05
4.1126e-06
-3.19335e-05
8.62898e-06
-3.2936e-05
1.3261e-05
-3.35342e-05
1.82707e-05
-3.43164e-05
2.32872e-05
-3.48311e-05
2.85614e-05
-3.57337e-05
3.40935e-05
-3.68154e-05
3.9773e-05
-3.79649e-05
4.54827e-05
-3.90161e-05
-3.9655e-05
5.08219e-05
8.49469e-06
-2.45757e-05
1.2983e-05
-8.3977e-06
1.78673e-05
2.82623e-05
1.6716e-05
2.50352e-05
1.05506e-05
8.79901e-06
4.19154e-06
-1.95386e-06
2.28395e-07
-1.08239e-05
-1.33787e-06
-1.82566e-05
-5.61624e-07
-2.54427e-05
2.00223e-06
-2.98567e-05
5.70397e-06
-3.24771e-05
9.82167e-06
-3.40709e-05
1.4035e-05
-3.53151e-05
1.76886e-05
-3.55864e-05
1.95023e-05
-3.47489e-05
2.007e-05
-3.41013e-05
2.06489e-05
-3.48952e-05
2.35877e-05
-3.77699e-05
2.86841e-05
-4.083e-05
3.44584e-05
-4.25896e-05
4.03038e-05
-4.38101e-05
4.63166e-05
-4.50287e-05
-4.55822e-05
5.22437e-05
-6.74577e-06
-1.783e-05
-9.64364e-06
-5.49985e-06
7.92296e-07
1.78263e-05
7.83043e-06
1.7997e-05
8.60231e-06
8.02701e-06
8.20016e-06
-1.55184e-06
6.86988e-06
-9.49366e-06
6.60335e-06
-1.79901e-05
6.42983e-06
-2.52692e-05
7.1058e-06
-3.05327e-05
8.44362e-06
-3.38149e-05
9.84737e-06
-3.54746e-05
1.10182e-05
-3.64859e-05
1.1996e-05
-3.65641e-05
1.19949e-05
-3.47476e-05
1.19833e-05
-3.40894e-05
1.27274e-05
-3.56391e-05
1.48156e-05
-3.98578e-05
1.75959e-05
-4.361e-05
2.06131e-05
-4.56063e-05
2.3602e-05
-4.67982e-05
2.62011e-05
-4.76276e-05
-4.65306e-05
2.7149e-05
-8.19145e-06
-9.63852e-06
-1.2106e-05
-1.58528e-06
-4.4708e-06
1.0191e-05
2.82119e-06
1.07049e-05
6.17349e-06
4.6746e-06
7.36445e-06
-2.74295e-06
7.99265e-06
-1.0122e-05
7.56658e-06
-1.75642e-05
6.55845e-06
-2.42612e-05
5.82361e-06
-2.9798e-05
5.26998e-06
-3.32614e-05
4.78252e-06
-3.49874e-05
3.93099e-06
-3.56347e-05
3.2707e-06
-3.59041e-05
4.05225e-06
-3.55296e-05
5.17591e-06
-3.52132e-05
6.88817e-06
-3.73513e-05
8.09874e-06
-4.10684e-05
8.40603e-06
-4.39173e-05
8.39203e-06
-4.55919e-05
8.10682e-06
-4.65128e-05
7.25503e-06
-4.67755e-05
-4.54462e-05
6.16983e-06
-5.71322e-06
-3.92533e-06
-8.29483e-06
9.9634e-07
-4.23577e-06
6.13198e-06
6.63774e-07
5.80537e-06
3.80582e-06
1.5325e-06
5.35524e-06
-4.29246e-06
5.802e-06
-1.05689e-05
5.19862e-06
-1.69609e-05
3.88762e-06
-2.29504e-05
2.36938e-06
-2.82799e-05
9.74151e-07
-3.18663e-05
-1.784e-07
-3.3835e-05
-1.32836e-06
-3.4485e-05
-2.15702e-06
-3.50759e-05
-2.12887e-06
-3.55581e-05
-9.59239e-07
-3.63832e-05
-1.0968e-08
-3.83e-05
-3.00038e-07
-4.07797e-05
-1.46488e-06
-4.27526e-05
-3.13106e-06
-4.39257e-05
-5.23842e-06
-4.44055e-05
-7.82388e-06
-4.41904e-05
-4.28273e-05
-1.04438e-05
-3.86482e-06
-6.04435e-08
-5.54252e-06
2.67407e-06
-3.62074e-06
4.21022e-06
-8.08425e-07
2.99307e-06
1.30237e-06
-5.78304e-07
2.40849e-06
-5.39862e-06
2.60857e-06
-1.0769e-05
1.92821e-06
-1.62806e-05
5.65475e-07
-2.15877e-05
-1.31523e-06
-2.63992e-05
-3.09976e-06
-3.00819e-05
-4.63131e-06
-3.23036e-05
-5.88265e-06
-3.32339e-05
-6.82626e-06
-3.41325e-05
-7.29172e-06
-3.5093e-05
-7.44365e-06
-3.62316e-05
-7.94531e-06
-3.77986e-05
-9.24956e-06
-3.94757e-05
-1.12404e-05
-4.0762e-05
-1.37164e-05
-4.14497e-05
-1.66019e-05
-4.15201e-05
-1.98579e-05
-4.09346e-05
-3.95347e-05
-2.31515e-05
-3.09254e-06
3.03208e-06
-4.31165e-06
3.8932e-06
-3.62668e-06
3.52528e-06
-2.2421e-06
1.60852e-06
-1.09715e-06
-1.72323e-06
-5.30426e-07
-5.96533e-06
-6.24306e-07
-1.06751e-05
-1.38267e-06
-1.55223e-05
-2.75151e-06
-2.02189e-05
-4.65376e-06
-2.4497e-05
-6.7119e-06
-2.80239e-05
-8.61213e-06
-3.04035e-05
-1.01516e-05
-3.16945e-05
-1.14632e-05
-3.2821e-05
-1.26022e-05
-3.39542e-05
-1.37174e-05
-3.51165e-05
-1.51629e-05
-3.63533e-05
-1.71457e-05
-3.74931e-05
-1.9625e-05
-3.82827e-05
-2.2495e-05
-3.85796e-05
-2.56838e-05
-3.83313e-05
-2.91113e-05
-3.75073e-05
-3.60714e-05
-3.25756e-05
-2.79019e-06
5.82233e-06
-4.00987e-06
5.11292e-06
-4.05422e-06
3.56968e-06
-3.58147e-06
1.13581e-06
-3.15093e-06
-2.15374e-06
-3.06022e-06
-6.05601e-06
-3.44021e-06
-1.02951e-05
-4.34012e-06
-1.46224e-05
-5.74642e-06
-1.88126e-05
-7.58783e-06
-2.26557e-05
-9.74033e-06
-2.58714e-05
-1.19109e-05
-2.8233e-05
-1.37798e-05
-2.98256e-05
-1.54875e-05
-3.11134e-05
-1.71682e-05
-3.22736e-05
-1.89374e-05
-3.33475e-05
-2.09685e-05
-3.43222e-05
-2.33626e-05
-3.50991e-05
-2.61069e-05
-3.55385e-05
-2.91397e-05
-3.55466e-05
-3.2398e-05
-3.50729e-05
-3.58051e-05
-3.41002e-05
-3.26343e-05
-3.92432e-05
-2.68514e-06
8.50746e-06
-4.00408e-06
6.43188e-06
-4.49454e-06
4.06017e-06
-4.59162e-06
1.23292e-06
-4.66054e-06
-2.08479e-06
-4.94272e-06
-5.7738e-06
-5.57347e-06
-9.66434e-06
-6.61719e-06
-1.35786e-05
-8.08603e-06
-1.73438e-05
-9.95619e-06
-2.07855e-05
-1.21052e-05
-2.37224e-05
-1.43258e-05
-2.60124e-05
-1.64353e-05
-2.77162e-05
-1.84667e-05
-2.90819e-05
-2.05212e-05
-3.02191e-05
-2.26886e-05
-3.11801e-05
-2.50537e-05
-3.19572e-05
-2.76681e-05
-3.24847e-05
-3.05238e-05
-3.26829e-05
-3.35819e-05
-3.24882e-05
-3.67896e-05
-3.18649e-05
-4.00798e-05
-3.081e-05
-2.93232e-05
-4.33916e-05
-2.51011e-06
1.10176e-05
-3.8913e-06
7.81311e-06
-4.64416e-06
4.81307e-06
-5.09343e-06
1.68223e-06
-5.49977e-06
-1.67843e-06
-6.05485e-06
-5.21869e-06
-6.8807e-06
-8.83848e-06
-8.0437e-06
-1.24156e-05
-9.56533e-06
-1.58221e-05
-1.14226e-05
-1.89283e-05
-1.35363e-05
-2.16087e-05
-1.57628e-05
-2.3786e-05
-1.79863e-05
-2.54928e-05
-2.02144e-05
-2.68537e-05
-2.24878e-05
-2.79458e-05
-2.48618e-05
-2.88061e-05
-2.73851e-05
-2.94339e-05
-3.00798e-05
-2.97901e-05
-3.29378e-05
-2.98248e-05
-3.59286e-05
-2.94971e-05
-3.90087e-05
-2.87847e-05
-4.21253e-05
-2.76933e-05
-2.62207e-05
-4.52286e-05
-2.17305e-06
1.31907e-05
-3.49545e-06
9.13551e-06
-4.35853e-06
5.67617e-06
-5.00411e-06
2.32783e-06
-5.6225e-06
-1.06001e-06
-6.36101e-06
-4.48017e-06
-7.32153e-06
-7.87794e-06
-8.56317e-06
-1.1174e-05
-1.0107e-05
-1.42783e-05
-1.19361e-05
-1.70992e-05
-1.39905e-05
-1.95543e-05
-1.61801e-05
-2.15963e-05
-1.84309e-05
-2.3242e-05
-2.07287e-05
-2.4556e-05
-2.30877e-05
-2.55867e-05
-2.55328e-05
-2.63611e-05
-2.80882e-05
-2.68785e-05
-3.07612e-05
-2.71171e-05
-3.354e-05
-2.70459e-05
-3.63988e-05
-2.6638e-05
-3.93001e-05
-2.58831e-05
-4.21993e-05
-2.47941e-05
-2.336e-05
-4.50608e-05
-1.65153e-06
1.48423e-05
-2.77287e-06
1.02569e-05
-3.61163e-06
6.51496e-06
-4.32953e-06
3.04575e-06
-5.05769e-06
-3.31826e-07
-5.90053e-06
-3.63732e-06
-6.93694e-06
-6.84152e-06
-8.21391e-06
-9.89704e-06
-9.74802e-06
-1.27442e-05
-1.15258e-05
-1.53215e-05
-1.35047e-05
-1.75754e-05
-1.56241e-05
-1.94769e-05
-1.78328e-05
-2.10333e-05
-2.01105e-05
-2.22783e-05
-2.24551e-05
-2.32421e-05
-2.48745e-05
-2.39417e-05
-2.7375e-05
-2.4378e-05
-2.99541e-05
-2.4538e-05
-3.25978e-05
-2.44021e-05
-3.52807e-05
-2.39549e-05
-3.79704e-05
-2.31932e-05
-4.06304e-05
-2.21341e-05
-2.07732e-05
-4.32179e-05
-9.66019e-07
1.58082e-05
-1.75935e-06
1.10502e-05
-2.46007e-06
7.2157e-06
-3.14785e-06
3.73356e-06
-3.89848e-06
4.18823e-07
-4.77489e-06
-2.7609e-06
-5.83189e-06
-5.78452e-06
-7.10196e-06
-8.62697e-06
-8.59523e-06
-1.1251e-05
-1.02997e-05
-1.3617e-05
-1.21837e-05
-1.56914e-05
-1.42048e-05
-1.74559e-05
-1.63248e-05
-1.89132e-05
-1.85219e-05
-2.00812e-05
-2.07861e-05
-2.09779e-05
-2.31137e-05
-2.16141e-05
-2.55012e-05
-2.19906e-05
-2.79392e-05
-2.20999e-05
-3.04107e-05
-2.19306e-05
-3.28923e-05
-2.14731e-05
-3.53544e-05
-2.07309e-05
-3.77633e-05
-1.97252e-05
-1.84529e-05
-4.00842e-05
-1.82279e-07
1.59906e-05
-5.47363e-07
1.14153e-05
-1.02083e-06
7.68919e-06
-1.59306e-06
4.30581e-06
-2.2893e-06
1.11508e-06
-3.13562e-06
-1.91456e-06
-4.16165e-06
-4.75848e-06
-5.38449e-06
-7.40413e-06
-6.80695e-06
-9.82854e-06
-8.41649e-06
-1.20075e-05
-1.01877e-05
-1.39202e-05
-1.20885e-05
-1.55551e-05
-1.40887e-05
-1.6913e-05
-1.61666e-05
-1.80033e-05
-1.8308e-05
-1.88365e-05
-2.0503e-05
-1.94191e-05
-2.27415e-05
-1.97521e-05
-2.50101e-05
-1.98313e-05
-2.72911e-05
-1.96496e-05
-2.95609e-05
-1.9203e-05
-3.17928e-05
-1.84988e-05
-3.39583e-05
-1.75596e-05
-1.63959e-05
-3.60159e-05
6.34533e-07
1.5356e-05
7.2217e-07
1.13277e-05
5.39408e-07
7.87196e-06
1.55381e-07
4.68985e-06
-4.15614e-07
1.6861e-06
-1.17232e-06
-1.15785e-06
-2.1183e-06
-3.81249e-06
-3.25499e-06
-6.26744e-06
-4.57744e-06
-8.50609e-06
-6.07084e-06
-1.05141e-05
-7.71257e-06
-1.22785e-05
-9.47602e-06
-1.37917e-05
-1.13356e-05
-1.50535e-05
-1.32703e-05
-1.60686e-05
-1.52638e-05
-1.68429e-05
-1.73024e-05
-1.73805e-05
-1.93726e-05
-1.76819e-05
-2.14589e-05
-1.7745e-05
-2.35422e-05
-1.75663e-05
-2.56006e-05
-1.71444e-05
-2.761e-05
-1.64891e-05
-2.95441e-05
-1.56254e-05
-1.45687e-05
-3.13719e-05
1.32176e-06
1.40343e-05
1.88622e-06
1.07632e-05
2.03675e-06
7.72144e-06
1.89488e-06
4.83174e-06
1.50834e-06
2.07265e-06
8.99922e-07
-5.49419e-07
8.4679e-08
-2.99724e-06
-9.26799e-07
-5.25596e-06
-2.12046e-06
-7.31242e-06
-3.47668e-06
-9.15791e-06
-4.97285e-06
-1.07823e-05
-6.58494e-06
-1.21796e-05
-8.28957e-06
-1.33488e-05
-1.00663e-05
-1.42918e-05
-1.18976e-05
-1.50116e-05
-1.37679e-05
-1.55102e-05
-1.56616e-05
-1.57882e-05
-1.7562e-05
-1.58445e-05
-1.94507e-05
-1.56775e-05
-2.13062e-05
-1.52886e-05
-2.31066e-05
-1.46887e-05
-2.48301e-05
-1.39018e-05
-1.29565e-05
-2.64428e-05
1.83643e-06
1.21977e-05
2.82511e-06
9.77453e-06
3.31534e-06
7.2312e-06
3.44673e-06
4.70036e-06
3.28577e-06
2.23363e-06
2.87011e-06
-1.33751e-07
2.22765e-06
-2.35477e-06
1.37924e-06
-4.40754e-06
3.46103e-07
-6.27929e-06
-8.49781e-07
-7.96202e-06
-2.18449e-06
-9.44757e-06
-3.63285e-06
-1.07312e-05
-5.17173e-06
-1.18099e-05
-6.78095e-06
-1.26826e-05
-8.44223e-06
-1.33503e-05
-1.01388e-05
-1.38137e-05
-1.18542e-05
-1.40728e-05
-1.35716e-05
-1.41272e-05
-1.5272e-05
-1.39769e-05
-1.6936e-05
-1.36244e-05
-1.85436e-05
-1.30809e-05
-2.0074e-05
-1.23713e-05
-1.15283e-05
-2.15027e-05
2.13946e-06
1.00584e-05
3.46522e-06
8.44878e-06
4.26792e-06
6.42851e-06
4.67652e-06
4.29177e-06
4.76114e-06
2.14901e-06
4.56586e-06
6.15374e-08
4.12461e-06
-1.91351e-06
3.46622e-06
-3.74914e-06
2.61769e-06
-5.43075e-06
1.60405e-06
-6.94838e-06
4.49955e-07
-8.29347e-06
-8.20648e-07
-9.46061e-06
-2.18457e-06
-1.0446e-05
-3.61965e-06
-1.12475e-05
-5.10644e-06
-1.18635e-05
-6.6276e-06
-1.22925e-05
-8.16619e-06
-1.25342e-05
-9.70507e-06
-1.25883e-05
-1.12266e-05
-1.24554e-05
-1.27118e-05
-1.2139e-05
-1.4142e-05
-1.16506e-05
-1.54999e-05
-1.10134e-05
-1.02697e-05
-1.67589e-05
2.24411e-06
7.81412e-06
3.79611e-06
6.89675e-06
4.85274e-06
5.37186e-06
5.51321e-06
3.63131e-06
5.83834e-06
1.82389e-06
5.87007e-06
2.98147e-08
5.64344e-06
-1.68686e-06
5.19047e-06
-3.29617e-06
4.54081e-06
-4.78109e-06
3.72164e-06
-6.12921e-06
2.75908e-06
-7.3309e-06
1.67759e-06
-8.3791e-06
4.99728e-07
-9.26811e-06
-7.53788e-07
-9.99397e-06
-2.06318e-06
-1.05541e-05
-3.40905e-06
-1.09466e-05
-4.77359e-06
-1.11696e-05
-6.13994e-06
-1.1222e-05
-7.49063e-06
-1.11046e-05
-8.80793e-06
-1.08215e-05
-1.00751e-05
-1.03833e-05
-1.12755e-05
-9.81293e-06
-9.1538e-06
-1.23919e-05
2.20009e-06
5.61411e-06
3.86333e-06
5.23353e-06
5.09515e-06
4.14005e-06
5.95725e-06
2.76921e-06
6.49339e-06
1.28776e-06
6.73657e-06
-2.13349e-07
6.7183e-06
-1.66859e-06
6.47057e-06
-3.04842e-06
6.02263e-06
-4.33314e-06
5.40185e-06
-5.50842e-06
4.63416e-06
-6.56319e-06
3.74381e-06
-7.48874e-06
2.75367e-06
-8.27796e-06
1.68498e-06
-8.92525e-06
5.57024e-07
-9.42612e-06
-6.12566e-07
-9.77698e-06
-1.80631e-06
-9.97583e-06
-3.00602e-06
-1.00222e-05
-4.19455e-06
-9.91604e-06
-5.355e-06
-9.66082e-06
-6.4711e-06
-9.2671e-06
-7.5287e-06
-8.75524e-06
-8.17205e-06
-8.51084e-06
2.06561e-06
3.54842e-06
3.7412e-06
3.55794e-06
5.06545e-06
2.81581e-06
6.06583e-06
1.76885e-06
6.76532e-06
5.88291e-07
7.18438e-06
-6.32391e-07
7.35078e-06
-1.83499e-06
7.29197e-06
-2.9896e-06
7.03459e-06
-4.07575e-06
6.60431e-06
-5.07814e-06
6.02575e-06
-5.98462e-06
5.32224e-06
-6.78521e-06
4.51577e-06
-7.47146e-06
3.62688e-06
-8.03634e-06
2.6748e-06
-8.47401e-06
1.67771e-06
-8.77987e-06
6.52644e-07
-8.95075e-06
-3.84811e-07
-8.98476e-06
-1.41849e-06
-8.88229e-06
-2.4312e-06
-8.64794e-06
-3.40727e-06
-8.29088e-06
-4.33185e-06
-7.83062e-06
-7.30786e-06
-5.19636e-06
1.88184e-06
1.66674e-06
3.50086e-06
1.939e-06
4.84792e-06
1.4688e-06
5.92236e-06
6.94445e-07
6.72919e-06
-2.18519e-07
7.27966e-06
-1.18284e-06
7.59419e-06
-2.1495e-06
7.69468e-06
-3.09008e-06
7.60385e-06
-3.98491e-06
7.34456e-06
-4.81884e-06
6.93922e-06
-5.57927e-06
6.40937e-06
-6.25534e-06
5.77549e-06
-6.83757e-06
5.05693e-06
-7.31775e-06
4.27188e-06
-7.68894e-06
3.43761e-06
-7.94556e-06
2.57045e-06
-8.08357e-06
1.68631e-06
-8.10059e-06
8.00598e-07
-7.99651e-06
-7.2426e-08
-7.77473e-06
-9.18723e-07
-7.44448e-06
-1.72288e-06
-7.02633e-06
-6.55986e-06
-2.47115e-06
1.67201e-06
-5.20255e-09
3.19475e-06
4.16357e-07
4.51493e-06
1.48689e-07
5.60988e-06
-4.00454e-07
6.47258e-06
-1.08119e-06
7.10757e-06
-1.8178e-06
7.52783e-06
-2.56974e-06
7.75007e-06
-3.31231e-06
7.79309e-06
-4.02792e-06
7.67656e-06
-4.7023e-06
7.42019e-06
-5.32289e-06
7.0432e-06
-5.87833e-06
6.56402e-06
-6.35837e-06
6.00022e-06
-6.75392e-06
5.36849e-06
-7.05719e-06
4.68475e-06
-7.2618e-06
3.96421e-06
-7.363e-06
3.22156e-06
-7.35792e-06
2.47116e-06
-7.24604e-06
1.72703e-06
-7.03044e-06
1.0005e-06
-6.71781e-06
2.97961e-07
-6.32377e-06
-5.91583e-06
-3.46319e-07
1.4684e-06
-1.47338e-06
2.87096e-06
-9.86048e-07
4.12715e-06
-1.10741e-06
5.20048e-06
-1.47372e-06
6.07485e-06
-1.95551e-06
6.74963e-06
-2.49255e-06
7.23272e-06
-3.0528e-06
7.53687e-06
-3.61644e-06
7.67752e-06
-4.16856e-06
7.67129e-06
-4.69606e-06
7.53504e-06
-5.18663e-06
7.28536e-06
-5.62864e-06
6.93829e-06
-6.01128e-06
6.50925e-06
-6.32486e-06
6.01305e-06
-6.56096e-06
5.46393e-06
-6.71266e-06
4.87567e-06
-6.77472e-06
4.2617e-06
-6.74392e-06
3.63499e-06
-6.61928e-06
3.00835e-06
-6.40367e-06
2.39491e-06
-6.10432e-06
1.80825e-06
-5.73702e-06
-5.3573e-06
1.24949e-06
1.29174e-06
-2.76488e-06
2.56499e-06
-2.25914e-06
3.73053e-06
-2.27283e-06
4.74655e-06
-2.48967e-06
5.5939e-06
-2.80282e-06
6.26848e-06
-3.16711e-06
6.77511e-06
-3.55943e-06
7.12378e-06
-3.9651e-06
7.32712e-06
-4.3719e-06
7.39896e-06
-4.76789e-06
7.35333e-06
-5.141e-06
7.20411e-06
-5.47941e-06
6.96479e-06
-5.77195e-06
6.64846e-06
-6.00852e-06
6.26786e-06
-6.18035e-06
5.83538e-06
-6.28016e-06
5.36313e-06
-6.30245e-06
4.86295e-06
-6.24372e-06
4.34673e-06
-6.10301e-06
3.8261e-06
-5.88295e-06
3.31197e-06
-5.59009e-06
2.81486e-06
-5.23992e-06
-4.88246e-06
2.33983e-06
1.14895e-06
-3.91363e-06
2.28952e-06
-3.39953e-06
3.34314e-06
-3.32633e-06
4.27309e-06
-3.41956e-06
5.06141e-06
-3.5911e-06
5.70277e-06
-3.80844e-06
6.20018e-06
-4.05684e-06
6.56159e-06
-4.3265e-06
6.79727e-06
-4.60759e-06
6.91844e-06
-4.88906e-06
6.93641e-06
-5.15898e-06
6.86238e-06
-5.40538e-06
6.70731e-06
-5.61687e-06
6.48196e-06
-5.78317e-06
6.19694e-06
-5.89532e-06
5.86276e-06
-5.94597e-06
5.48983e-06
-5.92951e-06
5.08854e-06
-5.84242e-06
4.66913e-06
-5.68357e-06
4.24167e-06
-5.4554e-06
3.81653e-06
-5.16493e-06
3.40226e-06
-4.82559e-06
-4.48742e-06
3.00706e-06
1.03666e-06
-4.94992e-06
2.035e-06
-4.39764e-06
2.95767e-06
-4.24886e-06
3.78045e-06
-4.24227e-06
4.48672e-06
-4.29733e-06
5.07048e-06
-4.39218e-06
5.53382e-06
-4.52018e-06
5.88325e-06
-4.67593e-06
6.12703e-06
-4.85139e-06
6.27394e-06
-5.03597e-06
6.33271e-06
-5.21776e-06
6.31197e-06
-5.38465e-06
6.22028e-06
-5.52518e-06
6.06618e-06
-5.62907e-06
5.85828e-06
-5.68742e-06
5.60526e-06
-5.69295e-06
5.31591e-06
-5.64015e-06
4.99904e-06
-5.52555e-06
4.66368e-06
-5.34818e-06
4.31892e-06
-5.11059e-06
3.97296e-06
-4.81893e-06
3.63398e-06
-4.48665e-06
-4.16217e-06
3.30857e-06
9.2771e-07
-5.87742e-06
1.76858e-06
-5.23831e-06
2.55058e-06
-5.03073e-06
3.25592e-06
-4.94752e-06
3.86676e-06
-4.90812e-06
4.3771e-06
-4.90249e-06
4.78923e-06
-4.9323e-06
5.10888e-06
-4.99558e-06
5.34265e-06
-5.08516e-06
5.49706e-06
-5.19039e-06
5.57843e-06
-5.29914e-06
5.59303e-06
-5.39925e-06
5.54721e-06
-5.47936e-06
5.44751e-06
-5.52936e-06
5.30069e-06
-5.5406e-06
5.11378e-06
-5.50604e-06
4.89404e-06
-5.42041e-06
4.64898e-06
-5.28048e-06
4.3861e-06
-5.0853e-06
4.11305e-06
-4.83751e-06
3.83787e-06
-4.54376e-06
3.56727e-06
-4.21605e-06
-3.90396e-06
3.30892e-06
7.79201e-07
-6.65615e-06
1.4504e-06
-5.90926e-06
2.09537e-06
-5.67555e-06
2.68496e-06
-5.53703e-06
3.19628e-06
-5.41939e-06
3.62499e-06
-5.33117e-06
3.97533e-06
-5.28262e-06
4.2532e-06
-5.27345e-06
4.46392e-06
-5.29587e-06
4.61203e-06
-5.33849e-06
4.70173e-06
-5.38884e-06
4.73722e-06
-5.43473e-06
4.72292e-06
-5.46506e-06
4.66363e-06
-5.47006e-06
4.5645e-06
-5.44146e-06
4.43106e-06
-5.37259e-06
4.26916e-06
-5.25851e-06
4.08487e-06
-5.09619e-06
3.88469e-06
-4.8851e-06
3.67536e-06
-4.62816e-06
3.46313e-06
-4.33153e-06
3.25483e-06
-4.00779e-06
-3.70653e-06
3.05728e-06
5.20651e-07
-7.17671e-06
1.04425e-06
-6.43269e-06
1.57795e-06
-6.20913e-06
2.06503e-06
-6.02401e-06
2.47918e-06
-5.83346e-06
2.82296e-06
-5.6749e-06
3.10528e-06
-5.5649e-06
3.33315e-06
-5.50128e-06
3.51104e-06
-5.47372e-06
3.64192e-06
-5.46936e-06
3.72829e-06
-5.47518e-06
3.77267e-06
-5.47909e-06
3.77794e-06
-5.4703e-06
3.74739e-06
-5.43949e-06
3.6848e-06
-5.37884e-06
3.59434e-06
-5.28211e-06
3.48054e-06
-5.1447e-06
3.34832e-06
-4.96395e-06
3.20272e-06
-4.7395e-06
3.04886e-06
-4.47427e-06
2.89286e-06
-4.17554e-06
2.74009e-06
-3.85502e-06
-3.56623e-06
2.59973e-06
8.24221e-08
-7.25901e-06
5.46922e-07
-6.89714e-06
1.01987e-06
-6.68203e-06
1.41959e-06
-6.4237e-06
1.73739e-06
-6.15124e-06
1.99299e-06
-5.93048e-06
2.20215e-06
-5.77404e-06
2.3731e-06
-5.67223e-06
2.50965e-06
-5.61027e-06
2.61362e-06
-5.57332e-06
2.68626e-06
-5.54782e-06
2.72889e-06
-5.52173e-06
2.74321e-06
-5.48461e-06
2.73131e-06
-5.42759e-06
2.69575e-06
-5.34328e-06
2.63946e-06
-5.22582e-06
2.56574e-06
-5.07098e-06
2.47812e-06
-4.87634e-06
2.38036e-06
-4.64174e-06
2.27666e-06
-4.37056e-06
2.17044e-06
-4.06934e-06
2.06627e-06
-3.75087e-06
-3.47378e-06
1.97376e-06
-5.57206e-07
-6.70191e-06
1.61006e-08
-7.47055e-06
4.88094e-07
-7.15412e-06
7.95285e-07
-6.73097e-06
1.00685e-06
-6.36288e-06
1.16809e-06
-6.0918e-06
1.29865e-06
-5.90466e-06
1.40621e-06
-5.77985e-06
1.49361e-06
-5.69773e-06
1.56185e-06
-5.64161e-06
1.61141e-06
-5.59744e-06
1.64289e-06
-5.55325e-06
1.65711e-06
-5.49888e-06
1.65522e-06
-5.42575e-06
1.63871e-06
-5.3268e-06
1.60934e-06
-5.19648e-06
1.56915e-06
-5.03082e-06
1.52036e-06
-4.82758e-06
1.46533e-06
-4.58673e-06
1.40615e-06
-4.31139e-06
1.34545e-06
-4.00865e-06
1.28505e-06
-3.69048e-06
-3.41175e-06
1.22298e-06
-1.56105e-06
-3.39685e-07
6.06999e-08
2.20653e-07
3.09637e-07
3.71308e-07
4.1931e-07
4.5856e-07
4.90707e-07
5.16267e-07
5.35433e-07
5.48379e-07
5.55351e-07
5.56714e-07
5.52943e-07
5.44646e-07
5.32528e-07
5.17388e-07
5.00061e-07
4.81548e-07
4.62601e-07
4.44898e-07
4.24276e-07
4.21158e-05
-6.82505e-06
4.94045e-05
-7.2887e-06
5.26069e-05
-3.20234e-06
-2.62398e-06
5.52309e-05
4.41514e-05
-6.86011e-06
4.48085e-05
-7.94586e-06
4.86452e-05
-7.03901e-06
-5.81597e-06
5.18372e-05
5.49497e-05
-6.52673e-06
5.43077e-05
-7.30392e-06
5.4753e-05
-7.48428e-06
-7.14488e-06
5.60819e-05
5.67149e-05
-6.8842e-06
5.69818e-05
-7.57089e-06
5.74563e-05
-7.95877e-06
-8.04796e-06
5.83594e-05
5.61787e-05
-8.07887e-06
5.71851e-05
-8.57733e-06
5.81168e-05
-8.89046e-06
-9.04566e-06
5.91145e-05
5.47257e-05
-9.79804e-06
5.63318e-05
-1.01834e-05
5.79184e-05
-1.04771e-05
-1.06674e-05
5.95402e-05
5.32808e-05
-1.18937e-05
5.53514e-05
-1.2254e-05
5.73988e-05
-1.25244e-05
-1.26975e-05
5.94288e-05
5.24212e-05
-1.40601e-05
5.45365e-05
-1.43694e-05
5.66049e-05
-1.45928e-05
-1.47309e-05
5.86383e-05
5.2414e-05
-1.59953e-05
5.4116e-05
-1.60714e-05
5.57518e-05
-1.62286e-05
-1.64874e-05
5.75083e-05
5.29497e-05
-1.81232e-05
5.47451e-05
-1.78669e-05
5.62216e-05
-1.77051e-05
-1.79767e-05
5.77108e-05
5.45104e-05
-2.039e-05
5.58899e-05
-1.92459e-05
5.669e-05
-1.85051e-05
-1.81831e-05
5.68966e-05
2.80041e-05
-2.1245e-05
2.83558e-05
-1.95977e-05
2.85248e-05
-1.86733e-05
-1.82648e-05
2.86071e-05
5.08939e-06
-2.01646e-05
4.46915e-06
-1.8977e-05
3.91201e-06
-1.81158e-05
-1.75217e-05
3.16938e-06
-1.17392e-05
-1.88694e-05
-1.26985e-05
-1.80177e-05
-1.36196e-05
-1.71944e-05
-1.63921e-05
-1.47489e-05
-2.45544e-05
-1.74667e-05
-2.58056e-05
-1.67664e-05
-2.70182e-05
-1.59815e-05
-1.51406e-05
-2.82694e-05
-3.41154e-05
-1.59271e-05
-3.55921e-05
-1.52896e-05
-3.70341e-05
-1.45393e-05
-1.37508e-05
-3.84235e-05
-4.08247e-05
-1.43457e-05
-4.23792e-05
-1.37349e-05
-4.38916e-05
-1.30266e-05
-1.23216e-05
-4.53204e-05
-4.4927e-05
-1.28104e-05
-4.64412e-05
-1.22207e-05
-4.79132e-05
-1.15542e-05
-1.09406e-05
-4.92937e-05
-4.66645e-05
-1.13746e-05
-4.80751e-05
-1.08099e-05
-4.94351e-05
-1.01939e-05
-9.66735e-06
-5.0708e-05
-4.63671e-05
-1.00683e-05
-4.76397e-05
-9.53736e-06
-4.88628e-05
-8.97032e-06
-8.52374e-06
-5.00061e-05
-4.43865e-05
-8.89983e-06
-4.55149e-05
-8.40871e-06
-4.65887e-05
-7.89629e-06
-7.52007e-06
-4.7592e-05
-4.11161e-05
-7.86797e-06
-4.21033e-05
-7.42158e-06
-4.30402e-05
-6.95895e-06
-6.64495e-06
-4.3915e-05
-3.69219e-05
-6.96203e-06
-3.7782e-05
-6.56116e-06
-3.85897e-05
-6.15107e-06
-5.88974e-06
-3.93445e-05
-3.21634e-05
-6.1706e-06
-3.29091e-05
-5.81549e-06
-3.36095e-05
-5.4503e-06
-5.23388e-06
-3.42651e-05
-2.71355e-05
-5.47803e-06
-2.77847e-05
-5.16606e-06
-2.83891e-05
-4.84576e-06
-4.6657e-06
-2.89569e-05
-2.21093e-05
-4.87143e-06
-2.26756e-05
-4.59984e-06
-2.32053e-05
-4.31577e-06
-4.1658e-06
-2.3705e-05
-1.72927e-05
-4.33764e-06
-1.77909e-05
-4.10145e-06
-1.82538e-05
-3.85273e-06
-3.72609e-06
-1.86932e-05
-1.28618e-05
-3.86772e-06
-1.33006e-05
-3.6628e-06
-1.3712e-05
-3.44098e-06
-3.33324e-06
-1.41047e-05
-8.92603e-06
-3.45261e-06
-9.31471e-06
-3.2739e-06
-9.67795e-06
-3.07766e-06
-2.98418e-06
-1.00268e-05
-5.56211e-06
-3.08686e-06
-5.90588e-06
-2.93024e-06
-6.23064e-06
-2.75266e-06
-2.6709e-06
-6.54379e-06
-2.79365e-06
-2.76435e-06
-3.09729e-06
-2.62636e-06
-3.38293e-06
-2.46696e-06
-2.39418e-06
-3.65947e-06
-6.18011e-07
-2.49265e-06
-8.80706e-07
-2.36379e-06
-1.13366e-06
-2.2138e-06
-2.14795e-06
-1.37982e-06
1.00723e-06
-2.25044e-06
7.77813e-07
-2.1342e-06
5.58827e-07
-1.99481e-06
-1.92934e-06
3.40318e-07
2.13588e-06
-2.04649e-06
1.94154e-06
-1.93999e-06
1.7551e-06
-1.80824e-06
-1.74701e-06
1.5728e-06
2.83771e-06
-1.87716e-06
2.67645e-06
-1.77858e-06
2.52293e-06
-1.65475e-06
-1.59606e-06
2.37202e-06
3.17214e-06
-1.74075e-06
3.04286e-06
-1.64944e-06
2.91861e-06
-1.53042e-06
-1.47286e-06
2.79539e-06
3.20285e-06
-1.63474e-06
3.10349e-06
-1.55001e-06
3.00978e-06
-1.43678e-06
-1.37916e-06
2.91608e-06
2.9796e-06
-1.55708e-06
2.90839e-06
-1.47893e-06
2.84149e-06
-1.36987e-06
-1.31193e-06
2.77421e-06
2.54808e-06
-1.50546e-06
2.50341e-06
-1.4342e-06
2.46445e-06
-1.33098e-06
-1.27225e-06
2.42475e-06
1.94399e-06
-1.4757e-06
1.9254e-06
-1.4157e-06
1.91342e-06
-1.319e-06
-1.25832e-06
1.89945e-06
1.21868e-06
-1.47143e-06
1.22353e-06
-1.42054e-06
1.242e-06
-1.33752e-06
-1.27509e-06
1.25874e-06
4.31412e-07
4.37675e-07
4.49062e-07
4.59712e-07
3.79227e-05
-1.28841e-05
3.24148e-05
-2.55678e-05
3.3795e-05
-3.07961e-05
3.9921e-05
-2.82105e-05
4.96279e-05
-1.33852e-05
5.5712e-05
3.82238e-06
5.8922e-05
1.14108e-05
5.97688e-05
1.53373e-05
5.87394e-05
1.8104e-05
5.5781e-05
1.96916e-05
5.19452e-05
1.81878e-05
4.72736e-05
1.43363e-05
4.15576e-05
9.92108e-06
3.4569e-05
7.33939e-06
2.62596e-05
9.1559e-06
1.75215e-05
1.36879e-05
9.38562e-06
1.6027e-05
2.69356e-06
1.41384e-05
-5.08513e-06
5.30457e-05
-1.40927e-05
4.65105e-05
-1.90325e-05
4.31109e-05
-2.73965e-05
4.33944e-05
-2.8494e-05
4.81405e-05
-1.81313e-05
5.50199e-05
-3.05696e-06
6.02005e-05
6.23024e-06
6.29796e-05
1.25582e-05
6.3713e-05
1.73705e-05
6.27757e-05
2.06289e-05
6.03306e-05
2.06329e-05
5.60642e-05
1.86027e-05
4.96886e-05
1.62967e-05
4.14562e-05
1.55718e-05
3.28829e-05
1.77292e-05
2.5159e-05
2.14118e-05
1.78283e-05
2.33577e-05
1.1128e-05
2.08387e-05
6.0429e-06
5.81313e-05
-1.61422e-05
5.6833e-05
-1.77342e-05
5.23145e-05
-2.2878e-05
4.92291e-05
-2.54087e-05
5.0658e-05
-1.95602e-05
5.58993e-05
-8.29821e-06
6.0767e-05
1.36249e-06
6.4419e-05
8.90621e-06
6.67571e-05
1.50325e-05
6.7979e-05
1.9407e-05
6.69764e-05
2.16355e-05
6.34227e-05
2.21565e-05
5.74134e-05
2.23059e-05
4.95302e-05
2.34551e-05
4.0966e-05
2.62934e-05
3.25416e-05
2.98362e-05
2.39911e-05
3.19082e-05
1.45908e-05
3.0239e-05
2.06338e-05
6.02504e-05
-1.80332e-05
6.20919e-05
-1.95756e-05
6.141e-05
-2.21961e-05
5.924e-05
-2.32387e-05
5.89511e-05
-1.92713e-05
6.16374e-05
-1.09845e-05
6.53856e-05
-2.38571e-06
6.88863e-05
5.40553e-06
7.17289e-05
1.21898e-05
7.31462e-05
1.79896e-05
7.24945e-05
2.22872e-05
6.93593e-05
2.52917e-05
6.38645e-05
2.78007e-05
5.64733e-05
3.08463e-05
4.79007e-05
3.4866e-05
3.86066e-05
3.91303e-05
2.83445e-05
4.21703e-05
1.622e-05
4.23635e-05
3.68538e-05
6.25745e-05
-2.14932e-05
6.53866e-05
-2.23877e-05
6.68311e-05
-2.36406e-05
6.70804e-05
-2.34881e-05
6.77252e-05
-1.9916e-05
6.98491e-05
-1.31083e-05
7.25027e-05
-5.03936e-06
7.49378e-05
2.97038e-06
7.67974e-05
1.03303e-05
7.76515e-05
1.71355e-05
7.66994e-05
2.32392e-05
7.36213e-05
2.83698e-05
6.84956e-05
3.29264e-05
6.1506e-05
3.78358e-05
5.29182e-05
4.34538e-05
4.2946e-05
4.91026e-05
3.1346e-05
5.37702e-05
1.72204e-05
5.64892e-05
5.40742e-05
6.3649e-05
-2.5602e-05
6.7343e-05
-2.60816e-05
7.00548e-05
-2.63524e-05
7.18144e-05
-2.52477e-05
7.33762e-05
-2.14779e-05
7.5309e-05
-1.50411e-05
7.73216e-05
-7.05193e-06
7.9021e-05
1.27099e-06
8.01875e-05
9.16372e-06
8.04793e-05
1.68436e-05
7.90924e-05
2.46261e-05
7.58784e-05
3.15838e-05
7.09746e-05
3.78301e-05
6.4266e-05
4.45444e-05
5.56371e-05
5.20828e-05
4.52491e-05
5.94905e-05
3.29016e-05
6.61177e-05
1.76956e-05
7.16952e-05
7.17699e-05
6.40325e-05
-3.02056e-05
6.81677e-05
-3.02168e-05
7.15517e-05
-2.97363e-05
7.4188e-05
-2.7884e-05
7.62967e-05
-2.35866e-05
7.81227e-05
-1.68671e-05
7.95519e-05
-8.48108e-06
8.05045e-05
3.18291e-07
8.11072e-05
8.56101e-06
8.10962e-05
1.68546e-05
7.91601e-05
2.65621e-05
7.5684e-05
3.50599e-05
7.09836e-05
4.25305e-05
6.43881e-05
5.11399e-05
5.52862e-05
6.11847e-05
4.44174e-05
7.03593e-05
3.20137e-05
7.85214e-05
1.70868e-05
8.66221e-05
8.88566e-05
6.36044e-05
-3.51717e-05
6.79738e-05
-3.45862e-05
7.15839e-05
-3.33464e-05
7.44125e-05
-3.07126e-05
7.64414e-05
-2.56156e-05
7.7906e-05
-1.83316e-05
7.88839e-05
-9.45901e-06
7.87877e-05
4.1453e-07
7.88108e-05
8.53785e-06
7.86317e-05
1.70338e-05
7.63044e-05
2.88896e-05
7.26646e-05
3.86997e-05
6.8159e-05
4.70361e-05
6.13021e-05
5.79969e-05
5.09627e-05
7.15242e-05
3.90406e-05
8.22815e-05
2.69237e-05
9.06383e-05
1.40094e-05
9.95364e-05
0.000102866
6.2479e-05
-4.01425e-05
6.66867e-05
-3.87939e-05
7.01608e-05
-3.68205e-05
7.26596e-05
-3.32115e-05
7.39129e-05
-2.68688e-05
7.42973e-05
-1.8716e-05
7.47926e-05
-9.95431e-06
7.2901e-05
2.30612e-06
7.19928e-05
9.44602e-06
7.15306e-05
1.7496e-05
6.95382e-05
3.08821e-05
6.58876e-05
4.23503e-05
6.1105e-05
5.18187e-05
5.36112e-05
6.54908e-05
4.13513e-05
8.37841e-05
2.88068e-05
9.48259e-05
1.79307e-05
0.000101514
9.04888e-06
0.000108418
0.000111915
6.16727e-05
-4.41043e-05
6.51552e-05
-4.22763e-05
6.76504e-05
-3.93155e-05
6.82342e-05
-3.37951e-05
6.79409e-05
-2.65754e-05
6.64482e-05
-1.72232e-05
6.36814e-05
-7.18753e-06
6.24411e-05
3.54648e-06
6.08214e-05
1.10656e-05
5.79293e-05
2.03878e-05
5.42661e-05
3.45451e-05
4.90857e-05
4.75304e-05
4.16232e-05
5.92808e-05
3.4013e-05
7.31004e-05
2.67092e-05
9.10871e-05
1.96662e-05
0.000101868
1.48338e-05
0.000106346
3.77065e-06
0.000119482
0.000115686
5.43262e-05
-4.15334e-05
4.89845e-05
-3.69342e-05
4.19473e-05
-3.22779e-05
3.72025e-05
-2.90499e-05
3.38743e-05
-2.32469e-05
3.05674e-05
-1.39161e-05
2.71118e-05
-3.7318e-06
2.5468e-05
5.19029e-06
2.42174e-05
1.23162e-05
2.11939e-05
2.34112e-05
1.64244e-05
3.93143e-05
1.04309e-05
5.35236e-05
5.42127e-06
6.42902e-05
5.88255e-06
7.26386e-05
1.01499e-05
8.68186e-05
1.46738e-05
9.73431e-05
1.5563e-05
0.000105455
1.25982e-05
0.000122446
0.000128285
2.64006e-05
-3.93261e-05
2.2633e-05
-3.31663e-05
1.74675e-05
-2.7112e-05
1.29781e-05
-2.45604e-05
8.53076e-06
-1.87994e-05
4.58925e-06
-9.97434e-06
1.54444e-06
-6.86747e-07
5.90184e-07
6.14475e-06
-8.0205e-07
1.37086e-05
-3.08834e-06
2.56977e-05
-6.51841e-06
4.27447e-05
-9.11438e-06
5.612e-05
-8.3488e-06
6.35247e-05
-4.47988e-06
6.87697e-05
3.33706e-07
8.2005e-05
4.5732e-06
9.31031e-05
6.94914e-06
0.000103079
1.04194e-05
0.000118974
0.000138705
2.26721e-06
-3.84234e-05
-2.52358e-07
-3.06466e-05
-2.2185e-06
-2.5146e-05
-6.26681e-06
-2.05122e-05
-1.06687e-05
-1.43976e-05
-1.4184e-05
-6.45887e-06
-1.63774e-05
1.50684e-06
-1.77454e-05
7.51297e-06
-1.95133e-05
1.54768e-05
-2.14252e-05
2.761e-05
-2.20227e-05
4.33428e-05
-2.06001e-05
5.46979e-05
-1.74752e-05
6.04004e-05
-1.4224e-05
6.55189e-05
-9.82784e-06
7.76094e-05
-6.95162e-06
9.02276e-05
-6.91e-06
0.000103037
-1.08746e-05
0.000122938
0.00012783
-1.69471e-05
-3.62251e-05
-1.83595e-05
-2.92344e-05
-2.05543e-05
-2.29515e-05
-2.37134e-05
-1.73533e-05
-2.70453e-05
-1.10658e-05
-2.96272e-05
-3.87693e-06
-3.12521e-05
3.13187e-06
-3.31909e-05
9.45208e-06
-3.52914e-05
1.75777e-05
-3.67048e-05
2.90237e-05
-3.51676e-05
4.18062e-05
-3.17665e-05
5.12973e-05
-2.85514e-05
5.71858e-05
-2.66607e-05
6.36289e-05
-2.32897e-05
7.42392e-05
-1.94153e-05
8.63542e-05
-1.62091e-05
9.98322e-05
-9.94214e-06
0.000116672
0.000117888
-3.118e-05
-3.33143e-05
-3.33689e-05
-2.70456e-05
-3.54826e-05
-2.08382e-05
-3.79709e-05
-1.48651e-05
-4.04637e-05
-8.57309e-06
-4.24708e-05
-1.86978e-06
-4.41118e-05
4.77303e-06
-4.60654e-05
1.14059e-05
-4.78827e-05
1.93952e-05
-4.81876e-05
2.9329e-05
-4.61101e-05
3.97291e-05
-4.28752e-05
4.80628e-05
-4.005e-05
5.43611e-05
-3.73947e-05
6.09741e-05
-3.33599e-05
7.02051e-05
-2.78515e-05
8.08467e-05
-2.05858e-05
9.25675e-05
-9.29518e-06
0.000105383
0.000108593
-4.15385e-05
-3.0199e-05
-4.40353e-05
-2.45489e-05
-4.62437e-05
-1.863e-05
-4.84217e-05
-1.26872e-05
-5.04512e-05
-6.54364e-06
-5.21432e-05
-1.77822e-07
-5.36188e-05
6.24883e-06
-5.50954e-05
1.28826e-05
-5.61081e-05
2.04081e-05
-5.57446e-05
2.89657e-05
-5.36522e-05
3.7637e-05
-5.06546e-05
4.50655e-05
-4.75996e-05
5.13063e-05
-4.43209e-05
5.76958e-05
-3.96e-05
6.54846e-05
-3.30442e-05
7.42915e-05
-2.42231e-05
8.37471e-05
-1.20617e-05
9.32222e-05
9.65324e-05
-4.84121e-05
-2.7107e-05
-5.09676e-05
-2.19934e-05
-5.31557e-05
-1.64421e-05
-5.51079e-05
-1.07351e-05
-5.6801e-05
-4.85052e-06
-5.81803e-05
1.20145e-06
-5.93021e-05
7.37075e-06
-6.0186e-05
1.37666e-05
-6.04715e-05
2.06938e-05
-5.96401e-05
2.81345e-05
-5.7518e-05
3.55151e-05
-5.45802e-05
4.21278e-05
-5.12563e-05
4.79827e-05
-4.73674e-05
5.38071e-05
-4.21445e-05
6.0262e-05
-3.50414e-05
6.71887e-05
-2.55766e-05
7.42826e-05
-1.32335e-05
8.088e-05
8.32989e-05
-5.22152e-05
-2.41851e-05
-5.46563e-05
-1.95521e-05
-5.67017e-05
-1.43968e-05
-5.84133e-05
-9.02359e-06
-5.97934e-05
-3.47041e-06
-6.08309e-05
2.23901e-06
-6.15351e-05
8.07504e-06
-6.186e-05
1.40916e-05
-6.15623e-05
2.03962e-05
-6.03372e-05
2.69096e-05
-5.81014e-05
3.32794e-05
-5.50888e-05
3.91154e-05
-5.15047e-05
4.43987e-05
-4.71714e-05
4.9474e-05
-4.15638e-05
5.46546e-05
-3.42359e-05
5.9861e-05
-2.48045e-05
6.48517e-05
-1.30418e-05
6.91173e-05
7.02576e-05
-5.33865e-05
-2.15062e-05
-5.56129e-05
-1.73256e-05
-5.74349e-05
-1.25748e-05
-5.88779e-05
-7.5806e-06
-5.99465e-05
-2.40182e-06
-6.0638e-05
2.93054e-06
-6.0938e-05
8.37517e-06
-6.07841e-05
1.39378e-05
-6.00174e-05
1.96296e-05
-5.84629e-05
2.53553e-05
-5.60679e-05
3.08844e-05
-5.29333e-05
3.5981e-05
-4.91313e-05
4.05969e-05
-4.45249e-05
4.48677e-05
-3.87841e-05
4.8914e-05
-3.15867e-05
5.26637e-05
-2.2673e-05
5.5938e-05
-1.19416e-05
5.83865e-05
5.83158e-05
-5.23904e-05
-1.91215e-05
-5.43571e-05
-1.53588e-05
-5.59209e-05
-1.1011e-05
-5.70892e-05
-6.4123e-06
-5.78623e-05
-1.62878e-06
-5.82345e-05
3.3028e-06
-5.81817e-05
8.32245e-06
-5.76469e-05
1.34032e-05
-5.65266e-05
1.85095e-05
-5.47164e-05
2.35452e-05
-5.21784e-05
2.83467e-05
-4.89491e-05
3.27518e-05
-4.50454e-05
3.66934e-05
-4.0373e-05
4.01955e-05
-3.47344e-05
4.32756e-05
-2.79302e-05
4.58595e-05
-1.98047e-05
4.78128e-05
-1.03375e-05
4.8919e-05
4.79787e-05
-4.96914e-05
-1.70217e-05
-5.13935e-05
-1.36566e-05
-5.27029e-05
-9.70171e-06
-5.3617e-05
-5.49822e-06
-5.413e-05
-1.11578e-06
-5.42341e-05
3.407e-06
-5.39018e-05
7.99022e-06
-5.30878e-05
1.25892e-05
-5.17245e-05
1.71463e-05
-4.97487e-05
2.15694e-05
-4.71335e-05
2.57317e-05
-4.38901e-05
2.95085e-05
-4.00192e-05
3.28226e-05
-3.54661e-05
3.56425e-05
-3.01254e-05
3.7935e-05
-2.38914e-05
3.96257e-05
-1.67005e-05
4.06218e-05
-8.58874e-06
4.08079e-05
3.93897e-05
-4.57358e-05
-1.52005e-05
-4.71947e-05
-1.21976e-05
-4.82764e-05
-8.62004e-06
-4.89724e-05
-4.80223e-06
-4.92784e-05
-8.09732e-07
-4.91763e-05
3.3049e-06
-4.86448e-05
7.45878e-06
-4.76496e-05
1.15941e-05
-4.61475e-05
1.56444e-05
-4.41011e-05
1.95231e-05
-4.14947e-05
2.31253e-05
-3.83335e-05
2.63475e-05
-3.46206e-05
2.91098e-05
-3.03343e-05
3.13563e-05
-2.54323e-05
3.30332e-05
-1.98824e-05
3.40758e-05
-1.36813e-05
3.44209e-05
-6.90699e-06
3.40332e-05
3.24832e-05
-4.09327e-05
-1.3612e-05
-4.21822e-05
-1.09481e-05
-4.30756e-05
-7.72665e-06
-4.36016e-05
-4.2763e-06
-4.37514e-05
-6.59957e-07
-4.35088e-05
3.0624e-06
-4.28557e-05
6.80572e-06
-4.17682e-05
1.05066e-05
-4.02203e-05
1.40966e-05
-3.81921e-05
1.74951e-05
-3.56786e-05
2.06119e-05
-3.26886e-05
2.33576e-05
-2.92339e-05
2.56553e-05
-2.53193e-05
2.74419e-05
-2.09466e-05
2.86606e-05
-1.61285e-05
2.92578e-05
-1.09102e-05
2.92026e-05
-5.39993e-06
2.85236e-05
2.70829e-05
-3.56441e-05
-1.22328e-05
-3.67216e-05
-9.87045e-06
-3.74674e-05
-6.98093e-06
-3.78687e-05
-3.87503e-06
-3.79148e-05
-6.1391e-07
-3.75919e-05
2.73955e-06
-3.68859e-05
6.09972e-06
-3.57815e-05
9.40232e-06
-3.42652e-05
1.25804e-05
-3.23302e-05
1.55601e-05
-2.99806e-05
1.82625e-05
-2.72321e-05
2.06092e-05
-2.41065e-05
2.25297e-05
-2.06277e-05
2.39632e-05
-1.68252e-05
2.48582e-05
-1.27454e-05
2.5178e-05
-8.45775e-06
2.49152e-05
-4.08432e-06
2.41497e-05
2.29991e-05
-3.01755e-05
-1.1014e-05
-3.1117e-05
-8.9289e-06
-3.17534e-05
-6.34455e-06
-3.20715e-05
-3.55704e-06
-3.20599e-05
-6.2551e-07
-3.17078e-05
2.38751e-06
-3.10053e-05
5.39722e-06
-2.99441e-05
8.34123e-06
-2.85201e-05
1.11564e-05
-2.67356e-05
1.37757e-05
-2.46029e-05
1.61299e-05
-2.21441e-05
1.81505e-05
-1.93894e-05
1.97751e-05
-1.63762e-05
2.09501e-05
-1.31519e-05
2.16339e-05
-9.77766e-06
2.18039e-05
-6.34185e-06
2.14792e-05
-2.97455e-06
2.07831e-05
2.00242e-05
-2.47816e-05
-9.93707e-06
-2.56175e-05
-8.09297e-06
-2.61764e-05
-5.78569e-06
-2.64451e-05
-3.28836e-06
-2.64131e-05
-6.57529e-07
-2.60723e-05
2.04666e-06
-2.54164e-05
4.74136e-06
-2.44429e-05
7.36781e-06
-2.31543e-05
9.86781e-06
-2.156e-05
1.21814e-05
-1.9678e-05
1.42479e-05
-1.75358e-05
1.60084e-05
-1.51697e-05
1.74091e-05
-1.26247e-05
1.84053e-05
-9.9569e-06
1.89661e-05
-7.23897e-06
1.90859e-05
-4.56115e-06
1.88017e-05
-2.05007e-06
1.82714e-05
1.79746e-05
-1.96639e-05
-8.96617e-06
-2.0418e-05
-7.33882e-06
-2.09242e-05
-5.27958e-06
-2.11695e-05
-3.04308e-06
-2.11448e-05
-6.82343e-07
-2.08441e-05
1.74603e-06
-2.02649e-05
4.1621e-06
-1.94087e-05
6.51164e-06
-1.82828e-05
8.74197e-06
-1.69013e-05
1.08e-05
-1.52865e-05
1.26331e-05
-1.34691e-05
1.4191e-05
-1.14888e-05
1.54288e-05
-9.39465e-06
1.63112e-05
-7.24685e-06
1.68184e-05
-5.11708e-06
1.69562e-05
-3.09795e-06
1.67823e-05
-1.31315e-06
1.64873e-05
1.6661e-05
-1.49761e-05
-8.09462e-06
-1.56647e-05
-6.65013e-06
-1.61348e-05
-4.80956e-06
-1.63742e-05
-2.80381e-06
-1.63749e-05
-6.81664e-07
-1.61329e-05
1.50401e-06
-1.56481e-05
3.67734e-06
-1.49254e-05
5.78898e-06
-1.39753e-05
7.79189e-06
-1.28149e-05
9.6396e-06
-1.14686e-05
1.12869e-05
-9.969e-06
1.26914e-05
-8.35687e-06
1.38167e-05
-6.68171e-06
1.4636e-05
-5.00236e-06
1.5139e-05
-3.39085e-06
1.53447e-05
-1.93035e-06
1.53221e-05
-7.29571e-07
1.52859e-05
1.59319e-05
-1.08205e-05
-7.30074e-06
-1.14548e-05
-6.01589e-06
-1.18993e-05
-4.36507e-06
-1.21429e-05
-2.56027e-06
-1.2179e-05
-6.45581e-07
-1.20047e-05
1.32961e-06
-1.16219e-05
3.29457e-06
-1.10377e-05
5.20482e-06
-1.02647e-05
7.01882e-06
-9.32133e-06
8.69628e-06
-8.23313e-06
1.01987e-05
-7.03261e-06
1.14909e-05
-5.75969e-06
1.25438e-05
-4.46207e-06
1.33384e-05
-3.19602e-06
1.3873e-05
-2.02479e-06
1.41735e-05
-1.02435e-06
1.43214e-05
-2.87194e-07
1.45494e-05
1.56443e-05
-7.25719e-06
-6.58717e-06
-7.84304e-06
-5.43005e-06
-8.26693e-06
-3.94126e-06
-8.5187e-06
-2.30858e-06
-8.5932e-06
-5.71134e-07
-8.48784e-06
1.22422e-06
-8.20623e-06
3.01295e-06
-7.7567e-06
4.75528e-06
-7.1527e-06
6.41482e-06
-6.41336e-06
7.95693e-06
-5.5638e-06
9.34912e-06
-4.63535e-06
1.05625e-05
-3.66573e-06
1.15742e-05
-2.69893e-06
1.23716e-05
-1.78509e-06
1.29591e-05
-9.82795e-07
1.33711e-05
-3.56544e-07
1.36953e-05
2.88065e-08
1.41634e-05
1.56735e-05
-4.30439e-06
-5.94216e-06
-4.84519e-06
-4.8893e-06
-5.24961e-06
-3.53693e-06
-5.50892e-06
-2.04936e-06
-5.61946e-06
-4.60654e-07
-5.57873e-06
1.18344e-06
-5.39121e-06
2.82539e-06
-5.06582e-06
4.42987e-06
-4.61628e-06
5.96525e-06
-4.06134e-06
7.40197e-06
-3.42499e-06
8.71275e-06
-2.73646e-06
9.87392e-06
-2.03013e-06
1.08678e-05
-1.34532e-06
1.16868e-05
-7.26742e-07
1.23405e-05
-2.21747e-07
1.28661e-05
1.17498e-07
1.33558e-05
2.2334e-07
1.40581e-05
1.58963e-05
-1.94655e-06
-5.37535e-06
-2.44732e-06
-4.38858e-06
-2.82932e-06
-3.15504e-06
-3.09178e-06
-1.787e-06
-3.23236e-06
-3.20156e-07
-3.24792e-06
1.19894e-06
-3.14317e-06
2.72058e-06
-2.92706e-06
4.21371e-06
-2.61298e-06
5.65112e-06
-2.2188e-06
7.00774e-06
-1.76679e-06
8.2607e-06
-1.28346e-06
9.39055e-06
-7.99548e-07
1.03839e-05
-3.49127e-07
1.12363e-05
3.1106e-08
1.19602e-05
3.00712e-07
1.25964e-05
4.20165e-07
1.32365e-05
3.44533e-07
1.4133e-05
1.62412e-05
-2.03818e-07
-4.8312e-06
-6.14924e-07
-3.97757e-06
-9.62989e-07
-2.8071e-06
-1.22313e-06
-1.52697e-06
-1.38561e-06
-1.57781e-07
-1.44684e-06
1.26009e-06
-1.41102e-06
2.68468e-06
-1.28672e-06
4.08934e-06
-1.08669e-06
5.45102e-06
-8.27615e-07
6.7486e-06
-5.29851e-07
7.96286e-06
-2.17067e-07
9.07769e-06
8.42747e-08
1.00824e-05
3.45463e-07
1.0975e-05
5.36337e-07
1.17692e-05
6.27937e-07
1.25047e-05
5.88553e-07
1.32755e-05
3.87164e-07
1.43348e-05
1.66278e-05
1.14064e-06
-4.39904e-06
7.37554e-07
-3.57459e-06
4.09906e-07
-2.47958e-06
1.56651e-07
-1.27384e-06
-1.95339e-08
1.82934e-08
-1.14752e-07
1.35521e-06
-1.32783e-07
2.70263e-06
-8.17207e-08
4.03819e-06
2.64463e-08
5.34277e-06
1.76331e-07
6.59863e-06
3.49661e-07
7.78944e-06
5.25826e-07
8.90143e-06
6.82594e-07
9.92557e-06
7.96514e-07
1.0861e-05
8.44409e-07
1.17212e-05
8.02619e-07
1.25463e-05
6.53694e-07
1.34245e-05
3.86144e-07
1.46016e-05
1.70142e-05
1.99457e-06
-4.02163e-06
1.6479e-06
-3.22804e-06
1.35217e-06
-2.18399e-06
1.11208e-06
-1.03389e-06
9.31532e-07
1.9873e-07
8.14739e-07
1.4719e-06
7.58747e-07
2.75852e-06
7.55891e-07
4.04095e-06
7.94813e-07
5.30375e-06
8.61364e-07
6.53198e-06
9.3931e-07
7.71139e-06
1.01093e-06
8.82969e-06
1.05773e-06
9.87865e-06
1.06095e-06
1.08576e-05
1.00248e-06
1.17795e-05
8.68654e-07
1.26801e-05
6.48162e-07
1.36446e-05
3.42017e-07
1.49081e-05
1.73558e-05
2.48168e-06
-3.70798e-06
2.18857e-06
-2.93506e-06
1.93096e-06
-1.92652e-06
1.71211e-06
-8.15179e-07
1.53719e-06
3.73534e-07
1.41203e-06
1.59695e-06
1.33442e-06
2.83602e-06
1.29675e-06
4.07852e-06
1.28805e-06
5.31234e-06
1.29533e-06
6.5246e-06
1.3043e-06
7.7023e-06
1.30002e-06
8.83385e-06
1.26736e-06
9.91118e-06
1.19181e-06
1.0933e-05
1.06101e-06
1.19102e-05
8.64431e-07
1.28765e-05
6.01974e-07
1.39072e-05
2.90111e-07
1.52193e-05
1.7646e-05
2.66111e-06
-3.45311e-06
2.42364e-06
-2.69773e-06
2.21023e-06
-1.71326e-06
2.02079e-06
-6.25879e-07
1.86205e-06
5.32147e-07
1.74264e-06
1.71624e-06
1.66029e-06
2.91825e-06
1.60668e-06
4.13202e-06
1.5709e-06
5.348e-06
1.54106e-06
6.55431e-06
1.50492e-06
7.73832e-06
1.45022e-06
8.88841e-06
1.36509e-06
9.99617e-06
1.23854e-06
1.10595e-05
1.06123e-06
1.20874e-05
8.29564e-07
1.3108e-05
5.45219e-07
1.41912e-05
2.30587e-07
1.55342e-05
1.78762e-05
2.58472e-06
-3.26372e-06
2.40729e-06
-2.52043e-06
2.24627e-06
-1.55238e-06
2.0959e-06
-4.75651e-07
1.96555e-06
6.62373e-07
1.86766e-06
1.81402e-06
1.79828e-06
2.98752e-06
1.74709e-06
4.18309e-06
1.70308e-06
5.39189e-06
1.65576e-06
6.60152e-06
1.59521e-06
7.79874e-06
1.51206e-06
8.97144e-06
1.39741e-06
1.01107e-05
1.24334e-06
1.12134e-05
1.04398e-06
1.22866e-05
7.95153e-07
1.33567e-05
5.03414e-07
1.44829e-05
1.9774e-07
1.58392e-05
1.8074e-05
2.29704e-06
-3.13611e-06
2.18436e-06
-2.40787e-06
2.08667e-06
-1.45482e-06
1.9876e-06
-3.76693e-07
1.90025e-06
7.49617e-07
1.84266e-06
1.87151e-06
1.80486e-06
3.02522e-06
1.77327e-06
4.21459e-06
1.73723e-06
5.42784e-06
1.68854e-06
6.65011e-06
1.62034e-06
7.86683e-06
1.52648e-06
9.06519e-06
1.40126e-06
1.02358e-05
1.23937e-06
1.13752e-05
1.03585e-06
1.249e-05
7.89178e-07
1.36033e-05
5.00105e-07
1.47717e-05
1.90161e-07
1.61494e-05
1.82639e-05
1.83331e-06
-3.07007e-06
1.78742e-06
-2.36211e-06
1.76634e-06
-1.43385e-06
1.7317e-06
-3.42169e-07
1.71046e-06
7.70768e-07
1.71789e-06
1.86398e-06
1.73061e-06
3.01241e-06
1.73279e-06
4.21233e-06
1.71658e-06
5.44396e-06
1.67781e-06
6.68878e-06
1.61368e-06
7.93088e-06
1.5218e-06
9.15697e-06
1.39984e-06
1.03577e-05
1.24527e-06
1.15296e-05
1.05552e-06
1.26797e-05
8.25488e-07
1.38332e-05
5.51344e-07
1.50459e-05
2.37966e-07
1.64623e-05
1.85018e-05
1.2218e-06
-3.03321e-06
1.23227e-06
-2.37266e-06
1.29605e-06
-1.49771e-06
1.32196e-06
-3.68148e-07
1.43565e-06
6.57012e-07
1.54481e-06
1.75475e-06
1.62269e-06
2.93448e-06
1.66534e-06
4.16962e-06
1.67374e-06
5.43549e-06
1.64971e-06
6.71275e-06
1.59517e-06
7.98535e-06
1.51173e-06
9.24033e-06
1.40058e-06
1.04687e-05
1.26245e-06
1.16677e-05
1.0968e-06
1.28452e-05
9.01269e-07
1.40287e-05
6.64092e-07
1.52829e-05
3.5706e-07
1.67692e-05
1.88588e-05
4.46439e-07
4.85749e-07
6.07463e-07
8.29328e-07
1.19179e-06
1.41241e-06
1.54295e-06
1.61443e-06
1.6389e-06
1.62353e-06
1.57374e-06
1.49369e-06
1.38659e-06
1.25494e-06
1.10065e-06
9.2317e-07
7.13558e-07
4.38215e-07
)
;

boundaryField
{
    leftWall
    {
        type            calculated;
        value           uniform 0;
    }
    rightWall
    {
        type            calculated;
        value           uniform 0;
    }
    lowerWall
    {
        type            calculated;
        value           uniform 0;
    }
    atmosphere
    {
        type            calculated;
        value           nonuniform List<scalar> 
46
(
-5.14092e-06
-8.69197e-06
-7.55456e-06
-6.89097e-06
-6.4519e-06
-6.15351e-06
-5.9527e-06
-5.81914e-06
-5.72991e-06
-5.6672e-06
-5.61663e-06
-5.56622e-06
-5.50587e-06
-5.42713e-06
-5.32305e-06
-5.1882e-06
-5.01871e-06
-4.81245e-06
-4.56941e-06
-4.29288e-06
-3.98971e-06
-3.67279e-06
-3.39114e-06
-1.47858e-06
-1.42683e-06
-1.34893e-06
-1.28576e-06
-3.01995e-06
-2.41199e-06
-1.61944e-06
-5.90031e-07
2.94533e-07
1.53411e-06
2.80392e-06
4.09812e-06
5.411e-06
6.72811e-06
8.03511e-06
9.32035e-06
1.05758e-05
1.17993e-05
1.29995e-05
1.42061e-05
1.54925e-05
1.70445e-05
1.9297e-05
)
;
    }
    defaultFaces
    {
        type            empty;
    }
}


// ************************************************************************* //
