/*--------------------------------*- C++ -*----------------------------------*\
  =========                 |
  \\      /  F ield         | OpenFOAM: The Open Source CFD Toolbox
   \\    /   O peration     | Website:  https://openfoam.org
    \\  /    A nd           | Version:  13
     \\/     M anipulation  |
\*---------------------------------------------------------------------------*/
FoamFile
{
    format      ascii;
    class       surfaceScalarField;
    location    "0.3";
    object      phi;
}
// * * * * * * * * * * * * * * * * * * * * * * * * * * * * * * * * * * * * * //

dimensions      [0 3 -1 0 0 0 0];

internalField   nonuniform List<scalar> 
4432
(
-1.14725e-06
1.14726e-06
9.70538e-07
-2.11779e-06
4.34739e-06
-3.37684e-06
8.13923e-06
-3.79184e-06
1.21114e-05
-3.97221e-06
1.6159e-05
-4.04758e-06
2.02251e-05
-4.06603e-06
2.427e-05
-4.04499e-06
2.82639e-05
-3.99384e-06
3.218e-05
-3.91608e-06
3.59863e-05
-3.80636e-06
3.96348e-05
-3.64848e-06
4.30481e-05
-3.41328e-06
4.61148e-05
-3.06669e-06
4.86522e-05
-2.53746e-06
5.03922e-05
-1.73998e-06
5.09627e-05
-5.70504e-07
4.97949e-05
1.16779e-06
4.6195e-05
3.5999e-06
3.91988e-05
6.99623e-06
2.80081e-05
1.11907e-05
1.30322e-05
1.49758e-05
1.30322e-05
1.0092e-06
1.38071e-07
3.74337e-06
-4.85194e-06
7.12831e-06
-6.76178e-06
1.08368e-05
-7.50037e-06
1.46944e-05
-7.82971e-06
1.86156e-05
-7.96879e-06
2.25444e-05
-7.99481e-06
2.64396e-05
-7.94023e-06
3.02694e-05
-7.82367e-06
3.40047e-05
-7.65133e-06
3.76095e-05
-7.41114e-06
4.10296e-05
-7.06863e-06
4.41837e-05
-6.56731e-06
4.69634e-05
-5.84643e-06
4.91999e-05
-4.77393e-06
5.06388e-05
-3.17889e-06
5.08959e-05
-8.27593e-07
4.94503e-05
2.6134e-06
4.56543e-05
7.39591e-06
3.87295e-05
1.3921e-05
2.80457e-05
2.18746e-05
1.41348e-05
2.88867e-05
2.7167e-05
2.6382e-06
-2.50012e-06
5.70632e-06
-7.92006e-06
9.07977e-06
-1.01352e-05
1.26689e-05
-1.10895e-05
1.63708e-05
-1.15316e-05
2.01212e-05
-1.17193e-05
2.38712e-05
-1.17448e-05
2.75814e-05
-1.16505e-05
3.122e-05
-1.14623e-05
3.47563e-05
-1.11876e-05
3.8151e-05
-1.08059e-05
4.13447e-05
-1.02623e-05
4.42517e-05
-9.47427e-06
4.67662e-05
-8.36091e-06
4.87267e-05
-6.73444e-06
4.98921e-05
-4.34429e-06
4.99038e-05
-8.39242e-07
4.82693e-05
4.24789e-06
4.44606e-05
1.12046e-05
3.78602e-05
2.05215e-05
2.80253e-05
3.17095e-05
1.5224e-05
4.16879e-05
4.23911e-05
3.8009e-06
-6.30101e-06
7.19858e-06
-1.13177e-05
1.06058e-05
-1.35425e-05
1.40991e-05
-1.45827e-05
1.76536e-05
-1.50862e-05
2.12359e-05
-1.53016e-05
2.48086e-05
-1.53175e-05
2.83368e-05
-1.51786e-05
3.17896e-05
-1.49151e-05
3.51357e-05
-1.45336e-05
3.83329e-05
-1.40031e-05
4.1317e-05
-1.32463e-05
4.39966e-05
-1.21539e-05
4.62681e-05
-1.06324e-05
4.79729e-05
-8.43928e-06
4.88811e-05
-5.25242e-06
4.86562e-05
-6.14345e-07
4.68414e-05
6.06269e-06
4.30412e-05
1.50047e-05
3.67815e-05
2.67811e-05
2.77421e-05
4.07489e-05
1.58901e-05
5.354e-05
5.82811e-05
4.60271e-06
-1.09037e-05
8.29271e-06
-1.50077e-05
1.17632e-05
-1.70129e-05
1.51901e-05
-1.80096e-05
1.86179e-05
-1.8514e-05
2.20471e-05
-1.87308e-05
2.54547e-05
-1.87251e-05
2.88117e-05
-1.85356e-05
3.20896e-05
-1.8193e-05
3.52567e-05
-1.77007e-05
3.82692e-05
-1.70157e-05
4.10585e-05
-1.60356e-05
4.35272e-05
-1.46227e-05
4.55729e-05
-1.26781e-05
4.70318e-05
-9.89815e-06
4.76767e-05
-5.89733e-06
4.719e-05
-1.27611e-07
4.51299e-05
8.12275e-06
4.12767e-05
1.88579e-05
3.53476e-05
3.27103e-05
2.70786e-05
4.90179e-05
1.61562e-05
6.44623e-05
7.44373e-05
5.15938e-06
-1.60631e-05
9.03627e-06
-1.88846e-05
1.25646e-05
-2.05413e-05
1.59442e-05
-2.13892e-05
1.92664e-05
-2.18362e-05
2.25616e-05
-2.2026e-05
2.5821e-05
-2.19845e-05
2.90223e-05
-2.17368e-05
3.21397e-05
-2.13104e-05
3.51414e-05
-2.07024e-05
3.79828e-05
-1.98571e-05
4.05929e-05
-1.86456e-05
4.28703e-05
-1.69001e-05
4.47112e-05
-1.45189e-05
4.59303e-05
-1.11173e-05
4.6277e-05
-6.24398e-06
4.5479e-05
6.70356e-07
4.30048e-05
1.05969e-05
3.89224e-05
2.29403e-05
3.3368e-05
3.82647e-05
2.60178e-05
5.63681e-05
1.62083e-05
7.42718e-05
9.06456e-05
5.53106e-06
-2.15941e-05
9.44877e-06
-2.28023e-05
1.30179e-05
-2.41105e-05
1.63602e-05
-2.47314e-05
1.95964e-05
-2.50723e-05
2.27777e-05
-2.52073e-05
2.59076e-05
-2.51144e-05
2.89712e-05
-2.48005e-05
3.19453e-05
-2.42845e-05
3.47976e-05
-2.35547e-05
3.74816e-05
-2.25411e-05
3.9925e-05
-2.1089e-05
4.20244e-05
-1.89996e-05
4.36712e-05
-1.61656e-05
4.46443e-05
-1.20904e-05
4.46221e-05
-6.22176e-06
4.33536e-05
1.93878e-06
4.028e-05
1.36706e-05
3.58139e-05
2.74063e-05
3.06857e-05
4.3393e-05
2.47248e-05
6.2329e-05
1.63933e-05
8.26033e-05
0.000107039
5.73533e-06
-2.73295e-05
9.57069e-06
-2.66377e-05
1.31617e-05
-2.77015e-05
1.64709e-05
-2.80406e-05
1.96362e-05
-2.82375e-05
2.27183e-05
-2.82894e-05
2.57309e-05
-2.8127e-05
2.86681e-05
-2.77376e-05
3.15106e-05
-2.71271e-05
3.42252e-05
-2.62692e-05
3.67582e-05
-2.50742e-05
3.90247e-05
-2.33555e-05
4.09557e-05
-2.09306e-05
4.24095e-05
-1.76194e-05
4.30941e-05
-1.2775e-05
4.26098e-05
-5.73744e-06
4.07591e-05
3.78945e-06
3.73128e-05
1.7117e-05
3.26975e-05
3.20216e-05
2.79254e-05
4.81651e-05
2.37531e-05
6.65013e-05
1.77748e-05
8.85816e-05
0.000124814
-6.53615e-05
6.53615e-05
-9.63985e-05
3.1037e-05
-9.98661e-05
3.46767e-06
-8.91625e-05
-1.07036e-05
-6.55001e-05
-2.36623e-05
-3.89325e-05
-2.65676e-05
-1.41966e-05
-2.47359e-05
8.35067e-06
-2.25472e-05
2.76554e-05
-1.93047e-05
4.36495e-05
-1.59941e-05
5.65064e-05
-1.28569e-05
6.57723e-05
-9.26587e-06
7.06874e-05
-4.91505e-06
7.045e-05
2.37362e-07
6.37842e-05
6.6658e-06
4.95371e-05
1.42471e-05
2.7698e-05
2.1839e-05
2.96155e-06
2.47365e-05
2.9615e-06
-5.73306e-05
0.000122692
-8.07706e-05
5.4477e-05
-8.00111e-05
2.70818e-06
-6.74546e-05
-2.326e-05
-4.62154e-05
-4.49015e-05
-2.37102e-05
-4.90728e-05
-2.09371e-06
-4.63523e-05
1.75329e-05
-4.21738e-05
3.46803e-05
-3.64522e-05
4.95112e-05
-3.08249e-05
6.15116e-05
-2.48573e-05
7.0095e-05
-1.78492e-05
7.45767e-05
-9.39667e-06
7.40826e-05
7.31491e-07
6.78583e-05
1.28901e-05
5.51457e-05
2.69598e-05
3.59429e-05
4.10419e-05
1.34461e-05
4.72333e-05
1.64076e-05
-4.54815e-05
0.000168173
-6.542e-05
7.44155e-05
-6.14132e-05
-1.29852e-06
-4.76716e-05
-3.70017e-05
-2.91023e-05
-6.34707e-05
-1.02603e-05
-6.79147e-05
7.94619e-06
-6.45588e-05
2.48034e-05
-5.9031e-05
4.0239e-05
-5.18878e-05
5.37885e-05
-4.43743e-05
6.47852e-05
-3.5854e-05
7.25828e-05
-2.56468e-05
7.64975e-05
-1.33113e-05
7.58016e-05
1.42736e-06
6.98415e-05
1.88502e-05
5.82053e-05
3.8596e-05
4.11717e-05
5.80754e-05
2.07518e-05
6.76531e-05
3.71593e-05
-2.57885e-05
0.000193962
-4.7809e-05
9.64359e-05
-4.20312e-05
-7.0762e-06
-2.75038e-05
-5.15291e-05
-1.24024e-05
-7.85721e-05
2.40883e-06
-8.2726e-05
1.73592e-05
-7.95092e-05
3.18318e-05
-7.35035e-05
4.56045e-05
-6.56605e-05
5.78731e-05
-5.66429e-05
6.7871e-05
-4.58519e-05
7.48964e-05
-3.26722e-05
7.82611e-05
-1.66759e-05
7.73003e-05
2.38824e-06
7.14588e-05
2.46917e-05
6.04561e-05
4.95987e-05
4.46039e-05
7.39277e-05
2.50075e-05
8.72496e-05
6.2167e-05
1.70789e-06
0.000192254
-1.36035e-05
0.000111747
-2.02927e-05
-3.8682e-07
-7.03151e-06
-6.47902e-05
3.45308e-06
-8.90566e-05
1.42929e-05
-9.35658e-05
2.63035e-05
-9.15198e-05
3.87281e-05
-8.5928e-05
5.09195e-05
-7.78518e-05
6.19538e-05
-6.76772e-05
7.0992e-05
-5.48901e-05
7.72806e-05
-3.89608e-05
8.01172e-05
-1.95126e-05
7.88672e-05
3.6382e-06
7.30356e-05
3.05233e-05
6.23797e-05
6.02545e-05
4.7083e-05
8.92243e-05
2.74453e-05
0.000106887
8.96122e-05
-2.27259e-06
0.000194527
4.40984e-06
0.000105065
4.56815e-06
-5.4457e-07
1.12923e-05
-7.15144e-05
1.76054e-05
-9.53698e-05
2.52273e-05
-0.000101188
3.47952e-05
-0.000101088
4.53946e-05
-9.65274e-05
5.61265e-05
-8.85837e-05
6.60064e-05
-7.75571e-05
7.41419e-05
-6.30256e-05
7.97351e-05
-4.4554e-05
8.20658e-05
-2.18433e-05
8.05119e-05
5.19221e-06
7.46047e-05
3.64304e-05
6.4088e-05
7.07712e-05
4.89777e-05
0.000104335
2.9027e-05
0.000126838
0.000118639
-2.70829e-06
0.000197235
1.80584e-05
8.42987e-05
2.52934e-05
-7.77937e-06
2.7417e-05
-7.3638e-05
3.01141e-05
-9.8067e-05
3.51667e-05
-0.00010624
4.27316e-05
-0.000108653
5.17388e-05
-0.000105535
6.11562e-05
-9.8001e-05
6.99745e-05
-8.63754e-05
7.72661e-05
-7.03171e-05
8.21992e-05
-4.9487e-05
8.40369e-05
-2.3681e-05
8.21586e-05
7.07055e-06
7.61027e-05
4.24863e-05
6.55774e-05
8.12966e-05
5.04403e-05
0.000119472
3.01915e-05
0.000147087
0.000148831
4.17926e-05
0.000155443
6.51253e-05
6.0966e-05
4.55505e-05
1.17953e-05
4.14439e-05
-6.95314e-05
4.07711e-05
-9.73942e-05
4.40159e-05
-0.000109485
5.00367e-05
-0.000114673
5.77028e-05
-0.000113201
6.59595e-05
-0.000106258
7.38078e-05
-9.42237e-05
8.03039e-05
-7.68132e-05
8.45954e-05
-5.37785e-05
8.59329e-05
-2.50185e-05
8.36879e-05
9.3156e-06
7.74056e-05
4.87686e-05
6.67553e-05
9.19469e-05
5.15158e-05
0.000134711
3.10744e-05
0.000167528
0.000179905
1.17996e-05
-3.9129e-05
2.01009e-05
-3.49389e-05
2.77003e-05
-3.53009e-05
3.46507e-05
-3.4991e-05
4.12099e-05
-3.47968e-05
4.75085e-05
-3.4588e-05
5.35965e-05
-3.4215e-05
5.94799e-05
-3.3621e-05
6.51208e-05
-3.2768e-05
7.0431e-05
-3.15795e-05
7.52807e-05
-2.99238e-05
7.94086e-05
-2.74834e-05
8.28763e-05
-2.43982e-05
8.56358e-05
-2.03789e-05
8.73327e-05
-1.44718e-05
8.74319e-05
-5.83664e-06
8.4968e-05
6.2533e-06
7.98622e-05
2.22228e-05
7.09545e-05
4.09293e-05
6.0873e-05
5.82465e-05
5.46482e-05
7.27262e-05
5.74442e-05
8.57856e-05
0.000101203
8.10546e-05
7.94575e-06
-4.70747e-05
1.61823e-05
-4.31754e-05
2.34075e-05
-4.25261e-05
3.03505e-05
-4.1934e-05
3.68671e-05
-4.13134e-05
4.29787e-05
-4.06996e-05
4.87612e-05
-3.99975e-05
5.42778e-05
-3.91376e-05
5.957e-05
-3.80602e-05
6.46686e-05
-3.66781e-05
6.95862e-05
-3.48414e-05
7.4437e-05
-3.23342e-05
7.89465e-05
-2.89077e-05
8.26986e-05
-2.4131e-05
8.55263e-05
-1.72996e-05
8.72946e-05
-7.605e-06
8.8001e-05
5.54694e-06
8.77429e-05
2.24809e-05
8.611e-05
4.25622e-05
8.14861e-05
6.28705e-05
7.42348e-05
7.99775e-05
7.35681e-05
8.64523e-05
9.36574e-05
8.11139e-05
4.10976e-06
-5.11844e-05
1.11314e-05
-5.01971e-05
1.81095e-05
-4.95042e-05
2.48873e-05
-4.87117e-05
3.1435e-05
-4.7861e-05
3.77186e-05
-4.69832e-05
4.37574e-05
-4.60363e-05
4.95849e-05
-4.49651e-05
5.52307e-05
-4.3706e-05
6.07186e-05
-4.21661e-05
6.60719e-05
-4.01947e-05
7.12989e-05
-3.75612e-05
7.6321e-05
-3.39298e-05
8.0998e-05
-2.8808e-05
8.52162e-05
-2.15178e-05
8.89873e-05
-1.13761e-05
9.24496e-05
2.08464e-06
9.58749e-05
1.90556e-05
9.93578e-05
3.90793e-05
0.000101677
6.05509e-05
0.000101598
8.00568e-05
9.5571e-05
9.24794e-05
9.08757e-05
9.83526e-05
4.16937e-06
-5.53538e-05
1.02947e-05
-5.63224e-05
1.66252e-05
-5.58347e-05
2.29336e-05
-5.50201e-05
2.91442e-05
-5.40716e-05
3.52095e-05
-5.30485e-05
4.11157e-05
-5.19426e-05
4.68678e-05
-5.07171e-05
5.24786e-05
-4.93168e-05
5.79676e-05
-4.76552e-05
6.33639e-05
-4.5591e-05
6.8709e-05
-4.29063e-05
7.40445e-05
-3.92653e-05
7.93725e-05
-3.4136e-05
8.46848e-05
-2.68301e-05
9.0021e-05
-1.67123e-05
9.55198e-05
-3.41416e-06
0.000101491
1.30842e-05
0.000108264
3.23065e-05
0.000115813
5.3002e-05
0.000123308
7.2562e-05
0.000129394
8.63935e-05
8.88633e-05
0.000131406
4.88637e-06
-6.02401e-05
1.07339e-05
-6.21699e-05
1.66812e-05
-6.1782e-05
2.26114e-05
-6.09503e-05
2.84697e-05
-5.99299e-05
3.42188e-05
-5.87976e-05
3.98355e-05
-5.75593e-05
4.53073e-05
-5.61889e-05
5.06335e-05
-5.46431e-05
5.58286e-05
-5.28504e-05
6.09305e-05
-5.06929e-05
6.60277e-05
-4.80035e-05
7.12717e-05
-4.45094e-05
7.67915e-05
-3.96558e-05
8.26351e-05
-3.26737e-05
8.8805e-05
-2.28822e-05
9.53853e-05
-9.99453e-06
0.000102689
5.7807e-06
0.000111114
2.38812e-05
0.000121146
4.297e-05
0.000133105
6.06025e-05
0.000146462
7.30372e-05
7.45269e-05
0.000160798
5.56842e-06
-6.58085e-05
1.14567e-05
-6.80581e-05
1.72299e-05
-6.75552e-05
2.28992e-05
-6.66197e-05
2.84579e-05
-6.54887e-05
3.38887e-05
-6.42284e-05
3.91673e-05
-6.2838e-05
4.42671e-05
-6.12887e-05
4.91695e-05
-5.95454e-05
5.38733e-05
-5.75542e-05
5.8403e-05
-5.52226e-05
6.28736e-05
-5.24741e-05
6.75596e-05
-4.91954e-05
7.27189e-05
-4.4815e-05
7.84323e-05
-3.83871e-05
8.46072e-05
-2.90571e-05
9.11708e-05
-1.65581e-05
9.85128e-05
-1.56132e-06
0.000107159
1.52349e-05
0.000117814
3.23149e-05
0.000131543
4.68738e-05
0.000148713
5.58675e-05
5.53273e-05
0.000167912
6.3192e-06
-7.21278e-05
1.23002e-05
-7.40392e-05
1.79318e-05
-7.31868e-05
2.33671e-05
-7.2055e-05
2.86408e-05
-7.07624e-05
3.37536e-05
-6.93412e-05
3.8679e-05
-6.77635e-05
4.33733e-05
-6.5983e-05
4.77963e-05
-6.39685e-05
5.1921e-05
-6.1679e-05
5.5712e-05
-5.90136e-05
5.92428e-05
-5.60049e-05
6.29306e-05
-5.28832e-05
6.71765e-05
-4.90609e-05
7.20671e-05
-4.32777e-05
7.74256e-05
-3.44156e-05
8.30417e-05
-2.21742e-05
8.96376e-05
-8.15724e-06
9.87831e-05
6.08946e-06
0.000111385
1.97132e-05
0.000127556
3.07024e-05
0.00014665
3.6774e-05
3.56811e-05
0.000166296
7.24033e-06
-7.93681e-05
1.30266e-05
-7.98255e-05
1.84182e-05
-7.85784e-05
2.36114e-05
-7.72483e-05
2.86178e-05
-7.57688e-05
3.34237e-05
-7.4147e-05
3.80103e-05
-7.23501e-05
4.23275e-05
-7.03002e-05
4.63038e-05
-6.79449e-05
4.99023e-05
-6.52775e-05
5.30123e-05
-6.21236e-05
5.55085e-05
-5.85011e-05
5.79554e-05
-5.53301e-05
6.09188e-05
-5.20243e-05
6.44238e-05
-4.67827e-05
6.84643e-05
-3.84561e-05
7.37717e-05
-2.74816e-05
8.15449e-05
-1.59304e-05
9.23085e-05
-4.67413e-06
0.000106146
5.87534e-06
0.000122661
1.41878e-05
0.000140923
1.85123e-05
1.74637e-05
0.00015914
8.77606e-06
-8.81441e-05
1.33965e-05
-8.44459e-05
1.84661e-05
-8.3648e-05
2.33948e-05
-8.21769e-05
2.81096e-05
-8.04836e-05
3.26273e-05
-7.86647e-05
3.68886e-05
-7.66114e-05
4.08271e-05
-7.42387e-05
4.43951e-05
-7.15129e-05
4.75873e-05
-6.84696e-05
5.03356e-05
-6.48719e-05
5.2258e-05
-6.04235e-05
5.38608e-05
-5.69329e-05
5.57054e-05
-5.38689e-05
5.78523e-05
-4.89296e-05
6.14618e-05
-4.20656e-05
6.78531e-05
-3.38729e-05
7.69832e-05
-2.50605e-05
8.82607e-05
-1.59516e-05
0.000101769
-7.63306e-06
0.000117362
-1.40516e-06
0.000134088
1.78621e-06
7.0652e-07
0.000150845
2.36247e-05
-0.000111768
1.38649e-05
-7.46859e-05
1.71208e-05
-8.69035e-05
2.19081e-05
-8.69637e-05
2.65342e-05
-8.51094e-05
3.09494e-05
-8.30795e-05
3.49322e-05
-8.05938e-05
3.84839e-05
-7.779e-05
4.15075e-05
-7.4536e-05
4.39952e-05
-7.09569e-05
4.6442e-05
-6.73184e-05
4.89483e-05
-6.29294e-05
5.04071e-05
-5.83913e-05
5.13272e-05
-5.47888e-05
5.36698e-05
-5.1272e-05
5.93026e-05
-4.76984e-05
6.61968e-05
-4.07671e-05
7.49666e-05
-3.38303e-05
8.59063e-05
-2.68913e-05
9.8825e-05
-2.05517e-05
0.000113348
-1.59279e-05
0.000128972
-1.38376e-05
-1.51652e-05
0.000144843
1.13303e-05
-0.000123099
1.59506e-05
-7.93057e-05
1.84003e-05
-8.93525e-05
2.20709e-05
-9.06334e-05
2.56704e-05
-8.87078e-05
2.86726e-05
-8.60807e-05
3.1173e-05
-8.30931e-05
3.32413e-05
-7.98573e-05
3.51067e-05
-7.64004e-05
3.737e-05
-7.32193e-05
4.01777e-05
-7.01251e-05
4.35713e-05
-6.63221e-05
4.69525e-05
-6.17717e-05
5.02425e-05
-5.80781e-05
5.31482e-05
-5.41774e-05
5.67399e-05
-5.12901e-05
6.50143e-05
-4.90413e-05
7.43156e-05
-4.31317e-05
8.51749e-05
-3.77505e-05
9.77374e-05
-3.31142e-05
0.000111692
-2.98825e-05
0.000126518
-2.86641e-05
-3.04373e-05
0.000141791
-1.91988e-06
-0.000121179
7.12554e-06
-8.83512e-05
1.12385e-05
-9.34655e-05
1.45289e-05
-9.39239e-05
1.76583e-05
-9.18373e-05
2.06614e-05
-8.90838e-05
2.36409e-05
-8.60725e-05
2.65333e-05
-8.27496e-05
2.93955e-05
-7.92623e-05
3.22745e-05
-7.6098e-05
3.53017e-05
-7.31519e-05
3.87535e-05
-6.97736e-05
4.27558e-05
-6.57736e-05
4.65126e-05
-6.18346e-05
5.09414e-05
-5.86058e-05
5.71693e-05
-5.75176e-05
6.11418e-05
-5.30137e-05
6.81633e-05
-5.0153e-05
7.99551e-05
-4.95422e-05
9.46145e-05
-4.77734e-05
0.000111135
-4.64033e-05
0.000128449
-4.59776e-05
-4.78517e-05
0.000145864
-4.75292e-06
-0.000116426
3.65059e-06
-9.67551e-05
7.3648e-06
-9.71802e-05
9.56262e-06
-9.61222e-05
1.16536e-05
-9.39288e-05
1.3966e-05
-9.13968e-05
1.64974e-05
-8.86043e-05
1.92705e-05
-8.5523e-05
2.23983e-05
-8.23902e-05
2.56752e-05
-7.93749e-05
2.8973e-05
-7.64496e-05
3.26023e-05
-7.3403e-05
3.69262e-05
-7.00975e-05
4.17329e-05
-6.66412e-05
4.70448e-05
-6.39175e-05
5.19504e-05
-6.24231e-05
5.95256e-05
-6.05887e-05
6.96114e-05
-6.02386e-05
8.1336e-05
-6.12665e-05
9.47291e-05
-6.11661e-05
0.000108186
-5.98601e-05
0.000118959
-5.67502e-05
-5.58519e-05
0.00012696
-3.39077e-06
-0.000113036
1.7543e-06
-0.0001019
4.2949e-06
-9.97212e-05
5.79961e-06
-9.76274e-05
7.21532e-06
-9.5345e-05
8.76733e-06
-9.29494e-05
1.06096e-05
-9.0447e-05
1.29097e-05
-8.78236e-05
1.56643e-05
-8.51451e-05
1.87757e-05
-8.24865e-05
2.22106e-05
-7.98846e-05
2.60898e-05
-7.72823e-05
3.06099e-05
-7.46177e-05
3.60364e-05
-7.20678e-05
4.2264e-05
-7.01451e-05
4.88096e-05
-6.89687e-05
5.6268e-05
-6.80471e-05
6.4703e-05
-6.86735e-05
7.29938e-05
-6.95572e-05
8.13871e-05
-6.95594e-05
8.99315e-05
-6.84042e-05
9.97109e-05
-6.65295e-05
-6.59726e-05
0.000109832
-2.41993e-06
-0.000110616
-3.64686e-08
-0.000104284
1.32819e-06
-0.000101086
2.21165e-06
-9.85111e-05
3.07281e-06
-9.62065e-05
4.1304e-06
-9.40073e-05
5.51248e-06
-9.18294e-05
7.32318e-06
-8.96345e-05
9.61849e-06
-8.74406e-05
1.24099e-05
-8.5278e-05
1.56944e-05
-8.31693e-05
1.95206e-05
-8.11085e-05
2.40111e-05
-7.91082e-05
2.92339e-05
-7.72906e-05
3.49954e-05
-7.59066e-05
4.10836e-05
-7.5057e-05
4.76849e-05
-7.46485e-05
5.39469e-05
-7.49355e-05
5.96352e-05
-7.52456e-05
6.50716e-05
-7.49957e-05
7.07051e-05
-7.40377e-05
7.67323e-05
-7.25567e-05
-7.15555e-05
8.23151e-05
-2.1522e-06
-0.000108463
-1.68601e-06
-0.00010475
-1.33111e-06
-0.000101441
-1.02779e-06
-9.88145e-05
-6.15441e-07
-9.6619e-05
3.26682e-08
-9.46555e-05
1.01392e-06
-9.28107e-05
2.41002e-06
-9.10307e-05
4.27123e-06
-8.93019e-05
6.62221e-06
-8.7629e-05
9.47412e-06
-8.60212e-05
1.28506e-05
-8.4485e-05
1.67814e-05
-8.3039e-05
2.12454e-05
-8.17547e-05
2.60826e-05
-8.07438e-05
3.10766e-05
-8.00511e-05
3.60419e-05
-7.96138e-05
4.05474e-05
-7.94411e-05
4.44579e-05
-7.9156e-05
4.79005e-05
-7.84384e-05
5.10437e-05
-7.71809e-05
5.39656e-05
-7.54786e-05
-7.36044e-05
5.60145e-05
-2.30695e-06
-0.000106156
-3.04791e-06
-0.000104009
-3.47013e-06
-0.000101019
-3.69886e-06
-9.85858e-05
-3.71777e-06
-9.66e-05
-3.47255e-06
-9.49007e-05
-2.90238e-06
-9.33809e-05
-1.95351e-06
-9.19796e-05
-5.87662e-07
-9.06678e-05
1.21545e-06
-8.94321e-05
3.46014e-06
-8.82659e-05
6.14086e-06
-8.71657e-05
9.23647e-06
-8.61346e-05
1.26776e-05
-8.51958e-05
1.63151e-05
-8.43813e-05
1.99472e-05
-8.36831e-05
2.33732e-05
-8.30398e-05
2.63143e-05
-8.23822e-05
2.8649e-05
-8.14908e-05
3.03792e-05
-8.01685e-05
3.15158e-05
-7.83175e-05
3.1973e-05
-7.59358e-05
-7.31116e-05
3.14801e-05
-2.59213e-06
-0.000103564
-4.09937e-06
-0.000102502
-5.12574e-06
-9.99923e-05
-5.83456e-06
-9.78769e-05
-6.27331e-06
-9.61612e-05
-6.43612e-06
-9.47378e-05
-6.297e-06
-9.35199e-05
-5.82758e-06
-9.24489e-05
-5.00794e-06
-9.14873e-05
-3.83071e-06
-9.06093e-05
-2.30296e-06
-8.97936e-05
-4.48587e-07
-8.90201e-05
1.68476e-06
-8.82679e-05
4.00955e-06
-8.75205e-05
6.38829e-06
-8.676e-05
8.65026e-06
-8.59451e-05
1.06167e-05
-8.50062e-05
1.20903e-05
-8.38558e-05
1.29486e-05
-8.23491e-05
1.3133e-05
-8.03528e-05
1.25972e-05
-7.77816e-05
1.12649e-05
-7.46033e-05
-7.08339e-05
8.98706e-06
-2.8635e-06
-0.000100701
-4.88235e-06
-0.000100483
-6.3813e-06
-9.84933e-05
-7.51617e-06
-9.6742e-05
-8.35865e-06
-9.53187e-05
-8.93202e-06
-9.41644e-05
-9.23664e-06
-9.32152e-05
-9.26605e-06
-9.24195e-05
-9.01731e-06
-9.1736e-05
-8.49704e-06
-9.11295e-05
-7.72539e-06
-9.05652e-05
-6.73996e-06
-9.00054e-05
-5.59922e-06
-8.94086e-05
-4.39012e-06
-8.87296e-05
-3.23194e-06
-8.79182e-05
-2.2658e-06
-8.69112e-05
-1.64042e-06
-8.56316e-05
-1.50525e-06
-8.3991e-05
-1.97137e-06
-8.1883e-05
-3.11287e-06
-7.92113e-05
-4.98652e-06
-7.59079e-05
-7.64974e-06
-7.19401e-05
-6.73078e-05
-1.11758e-05
-3.07092e-06
-9.76299e-05
-5.44317e-06
-9.81108e-05
-7.31435e-06
-9.66221e-05
-8.82165e-06
-9.52347e-05
-1.00427e-05
-9.40976e-05
-1.10167e-05
-9.31904e-05
-1.17623e-05
-9.24696e-05
-1.22903e-05
-9.18914e-05
-1.26122e-05
-9.1414e-05
-1.27467e-05
-9.0995e-05
-1.27233e-05
-9.05886e-05
-1.25858e-05
-9.01429e-05
-1.23951e-05
-8.95993e-05
-1.22312e-05
-8.88934e-05
-1.21942e-05
-8.79552e-05
-1.23969e-05
-8.67084e-05
-1.29564e-05
-8.5072e-05
-1.39848e-05
-8.29626e-05
-1.55716e-05
-8.02961e-05
-1.77818e-05
-7.70011e-05
-2.06614e-05
-7.30282e-05
-2.42445e-05
-6.83569e-05
-6.29936e-05
-2.85587e-05
-3.20469e-06
-9.44254e-05
-5.82338e-06
-9.54922e-05
-7.98746e-06
-9.44581e-05
-9.81434e-06
-9.34078e-05
-1.13796e-05
-9.25324e-05
-1.27301e-05
-9.18398e-05
-1.38964e-05
-9.13033e-05
-1.49015e-05
-9.08863e-05
-1.5768e-05
-9.05475e-05
-1.65231e-05
-9.02399e-05
-1.72019e-05
-8.99098e-05
-1.78497e-05
-8.94951e-05
-1.85233e-05
-8.89256e-05
-1.9292e-05
-8.81247e-05
-2.02358e-05
-8.70114e-05
-2.1441e-05
-8.55032e-05
-2.29943e-05
-8.35188e-05
-2.49754e-05
-8.09815e-05
-2.74484e-05
-7.78231e-05
-3.04585e-05
-7.39909e-05
-3.4033e-05
-6.94536e-05
-3.8184e-05
-6.42058e-05
-5.82662e-05
-4.29114e-05
-3.27235e-06
-9.11532e-05
-6.05859e-06
-9.27061e-05
-8.44894e-06
-9.20679e-05
-1.05426e-05
-9.13142e-05
-1.24097e-05
-9.06653e-05
-1.40998e-05
-9.01497e-05
-1.56502e-05
-8.9753e-05
-1.70917e-05
-8.94448e-05
-1.84545e-05
-8.91847e-05
-1.97707e-05
-8.89237e-05
-2.10774e-05
-8.86031e-05
-2.24177e-05
-8.81548e-05
-2.38414e-05
-8.7502e-05
-2.54043e-05
-8.65618e-05
-2.71667e-05
-8.5249e-05
-2.91904e-05
-8.34795e-05
-3.15343e-05
-8.11749e-05
-3.42495e-05
-7.82663e-05
-3.73746e-05
-7.46979e-05
-4.09329e-05
-7.04325e-05
-4.49322e-05
-6.54543e-05
-4.93659e-05
-5.9772e-05
-5.34155e-05
-5.42168e-05
-3.28536e-06
-8.78681e-05
-6.17682e-06
-8.98148e-05
-8.73488e-06
-8.951e-05
-1.10425e-05
-8.90067e-05
-1.31631e-05
-8.85449e-05
-1.51456e-05
-8.81672e-05
-1.70304e-05
-8.78683e-05
-1.88527e-05
-8.76225e-05
-2.06466e-05
-8.73909e-05
-2.24463e-05
-8.71239e-05
-2.42883e-05
-8.67611e-05
-2.62111e-05
-8.6232e-05
-2.82555e-05
-8.54576e-05
-3.04634e-05
-8.4354e-05
-3.28766e-05
-8.28358e-05
-3.55347e-05
-8.08214e-05
-3.84723e-05
-7.82374e-05
-4.17158e-05
-7.50228e-05
-4.52811e-05
-7.11327e-05
-4.91715e-05
-6.65421e-05
-5.33776e-05
-6.12481e-05
-5.78793e-05
-5.52704e-05
-4.86481e-05
-6.26467e-05
-3.25406e-06
-8.46144e-05
-6.19907e-06
-8.68701e-05
-8.87193e-06
-8.68373e-05
-1.13412e-05
-8.65375e-05
-1.3663e-05
-8.62232e-05
-1.58839e-05
-8.59464e-05
-1.80445e-05
-8.57078e-05
-2.01818e-05
-8.54852e-05
-2.2331e-05
-8.52417e-05
-2.45264e-05
-8.49286e-05
-2.68017e-05
-8.44859e-05
-2.91896e-05
-8.38441e-05
-3.17214e-05
-8.29259e-05
-3.44258e-05
-8.16496e-05
-3.73281e-05
-7.99335e-05
-4.04488e-05
-7.77008e-05
-4.38017e-05
-7.48845e-05
-4.73931e-05
-7.14314e-05
-5.12199e-05
-6.73059e-05
-5.52693e-05
-6.24927e-05
-5.9519e-05
-5.69984e-05
-6.39389e-05
-5.08504e-05
-4.4094e-05
-6.8493e-05
-3.18671e-06
-8.1428e-05
-6.14099e-06
-8.39161e-05
-8.88019e-06
-8.40983e-05
-1.146e-05
-8.39578e-05
-1.39292e-05
-8.37541e-05
-1.63308e-05
-8.3545e-05
-1.87039e-05
-8.33348e-05
-2.10852e-05
-8.3104e-05
-2.35092e-05
-8.28178e-05
-2.60084e-05
-8.24294e-05
-2.86129e-05
-8.18815e-05
-3.13492e-05
-8.1108e-05
-3.42394e-05
-8.00357e-05
-3.73008e-05
-7.85883e-05
-4.05443e-05
-7.669e-05
-4.39746e-05
-7.42705e-05
-4.75892e-05
-7.12699e-05
-5.13782e-05
-6.76424e-05
-5.53241e-05
-6.336e-05
-5.94021e-05
-5.84147e-05
-6.35808e-05
-5.28195e-05
-6.78245e-05
-4.66068e-05
-3.98249e-05
-7.20936e-05
-3.08901e-06
-7.83394e-05
-6.01408e-06
-8.09913e-05
-8.77538e-06
-8.13373e-05
-1.1417e-05
-8.13164e-05
-1.39805e-05
-8.11908e-05
-1.65045e-05
-8.10211e-05
-1.90257e-05
-8.08137e-05
-2.15789e-05
-8.05509e-05
-2.4197e-05
-8.01998e-05
-2.69097e-05
-7.97167e-05
-2.97429e-05
-7.90484e-05
-3.27172e-05
-7.81337e-05
-3.58469e-05
-7.69061e-05
-3.91392e-05
-7.52961e-05
-4.25938e-05
-7.32354e-05
-4.6203e-05
-7.06614e-05
-4.99516e-05
-6.75213e-05
-5.38179e-05
-6.37762e-05
-5.77738e-05
-5.94041e-05
-6.17864e-05
-5.44021e-05
-6.58188e-05
-4.87871e-05
-6.98321e-05
-4.25933e-05
-3.587e-05
-7.37872e-05
-2.96533e-06
-7.53743e-05
-5.82754e-06
-7.81294e-05
-8.57074e-06
-7.85943e-05
-1.12285e-05
-7.86588e-05
-1.38355e-05
-7.8584e-05
-1.64256e-05
-7.84311e-05
-1.90323e-05
-7.82071e-05
-2.16881e-05
-7.78952e-05
-2.44232e-05
-7.74648e-05
-2.72644e-05
-7.68756e-05
-3.02335e-05
-7.60794e-05
-3.33458e-05
-7.50216e-05
-3.66089e-05
-7.3643e-05
-4.00223e-05
-7.18827e-05
-4.35771e-05
-6.96807e-05
-4.72562e-05
-6.69823e-05
-5.10357e-05
-6.37419e-05
-5.48854e-05
-5.99266e-05
-5.87703e-05
-5.55191e-05
-6.26523e-05
-5.05201e-05
-6.64917e-05
-4.49477e-05
-7.02489e-05
-3.88362e-05
-3.22337e-05
-7.38852e-05
-2.81884e-06
-7.2556e-05
-5.58898e-06
-7.53597e-05
-8.2782e-06
-7.59054e-05
-1.09104e-05
-7.60268e-05
-1.35137e-05
-7.5981e-05
-1.61173e-05
-7.58277e-05
-1.87513e-05
-7.55733e-05
-2.14453e-05
-7.52013e-05
-2.42268e-05
-7.46834e-05
-2.71197e-05
-7.39829e-05
-3.01419e-05
-7.30573e-05
-3.33043e-05
-7.18592e-05
-3.66094e-05
-7.0338e-05
-4.00509e-05
-6.84413e-05
-4.36137e-05
-6.6118e-05
-4.72745e-05
-6.33215e-05
-5.10034e-05
-6.00131e-05
-5.47648e-05
-5.61652e-05
-5.85196e-05
-5.17643e-05
-6.22271e-05
-4.68125e-05
-6.58465e-05
-4.13284e-05
-6.93383e-05
-3.53442e-05
-2.89052e-05
-7.26668e-05
-2.65244e-06
-6.99038e-05
-5.30559e-06
-7.27068e-05
-7.90921e-06
-7.3302e-05
-1.04785e-05
-7.34577e-05
-1.30354e-05
-7.34243e-05
-1.56047e-05
-7.32585e-05
-1.82133e-05
-7.29648e-05
-2.0888e-05
-7.25268e-05
-2.36535e-05
-7.1918e-05
-2.65309e-05
-7.11057e-05
-2.95349e-05
-7.00534e-05
-3.26729e-05
-6.87213e-05
-3.59436e-05
-6.70674e-05
-3.93366e-05
-6.50483e-05
-4.28329e-05
-6.26218e-05
-4.64053e-05
-5.97491e-05
-5.00204e-05
-5.6398e-05
-5.36398e-05
-5.25458e-05
-5.72225e-05
-4.81816e-05
-6.07265e-05
-4.33085e-05
-6.41113e-05
-3.79435e-05
-6.73392e-05
-3.21165e-05
-2.58686e-05
-7.03758e-05
-2.46912e-06
-6.74352e-05
-4.98463e-06
-7.01916e-05
-7.47528e-06
-7.08116e-05
-9.9486e-06
-7.09846e-05
-1.24212e-05
-7.09519e-05
-1.49141e-05
-7.07657e-05
-1.74511e-05
-7.04279e-05
-2.00564e-05
-6.99216e-05
-2.27526e-05
-6.92219e-05
-2.55578e-05
-6.83005e-05
-2.84843e-05
-6.7127e-05
-3.15367e-05
-6.5669e-05
-3.47109e-05
-6.38932e-05
-3.79943e-05
-6.1765e-05
-4.13654e-05
-5.92507e-05
-4.47953e-05
-5.63192e-05
-4.8249e-05
-5.29444e-05
-5.16871e-05
-4.91077e-05
-5.50681e-05
-4.48007e-05
-5.83503e-05
-4.00262e-05
-6.14943e-05
-3.47996e-05
-6.44637e-05
-2.91469e-05
-2.31051e-05
-6.72274e-05
-2.27246e-06
-6.51629e-05
-4.63406e-06
-6.78303e-05
-6.98832e-06
-6.84576e-05
-9.33665e-06
-6.86365e-05
-1.16916e-05
-6.85971e-05
-1.40714e-05
-6.83861e-05
-1.64973e-05
-6.80022e-05
-1.89913e-05
-6.74276e-05
-2.15738e-05
-6.66395e-05
-2.42607e-05
-6.56137e-05
-2.7062e-05
-6.43257e-05
-2.99802e-05
-6.27509e-05
-3.30097e-05
-6.08638e-05
-3.61362e-05
-5.86385e-05
-3.93377e-05
-5.60493e-05
-4.25848e-05
-5.30722e-05
-4.58424e-05
-4.96868e-05
-4.90715e-05
-4.58786e-05
-5.22313e-05
-4.16409e-05
-5.5281e-05
-3.69764e-05
-5.81826e-05
-3.18978e-05
-6.09022e-05
-2.64275e-05
-2.05972e-05
-6.34101e-05
-2.06726e-06
-6.30961e-05
-4.26297e-06
-6.56349e-05
-6.46079e-06
-6.626e-05
-8.65857e-06
-6.64389e-05
-1.08667e-05
-6.6389e-05
-1.31018e-05
-6.61512e-05
-1.53834e-05
-6.57206e-05
-1.77319e-05
-6.50792e-05
-2.01653e-05
-6.42062e-05
-2.26977e-05
-6.30815e-05
-2.53368e-05
-6.16866e-05
-2.80839e-05
-6.00039e-05
-3.09321e-05
-5.80156e-05
-3.38671e-05
-5.57036e-05
-3.68668e-05
-5.30496e-05
-3.99027e-05
-5.00362e-05
-4.29408e-05
-4.66487e-05
-4.59432e-05
-4.28763e-05
-4.88702e-05
-3.87139e-05
-5.16828e-05
-3.41638e-05
-5.43445e-05
-2.92361e-05
-5.68231e-05
-2.39486e-05
-1.83277e-05
-5.90928e-05
-1.85975e-06
-6.12364e-05
-3.8818e-06
-6.3613e-05
-5.90564e-06
-6.42363e-05
-7.92984e-06
-6.44148e-05
-9.9654e-06
-6.43536e-05
-1.20288e-05
-6.40878e-05
-1.4139e-05
-6.36105e-05
-1.63145e-05
-6.29037e-05
-1.85716e-05
-6.19492e-05
-2.09219e-05
-6.07312e-05
-2.33716e-05
-5.92369e-05
-2.59205e-05
-5.7455e-05
-2.85615e-05
-5.53746e-05
-3.12806e-05
-5.29845e-05
-3.40569e-05
-5.02732e-05
-3.68634e-05
-4.72296e-05
-3.9668e-05
-4.38441e-05
-4.24345e-05
-4.01097e-05
-4.51249e-05
-3.60235e-05
-4.77012e-05
-3.15873e-05
-5.01286e-05
-2.68086e-05
-5.23772e-05
-2.17001e-05
-1.62815e-05
-5.44233e-05
-1.65844e-06
-5.95783e-05
-3.50248e-06
-6.17691e-05
-5.33608e-06
-6.24028e-05
-7.16516e-06
-6.25857e-05
-9.00497e-06
-6.25138e-05
-1.08738e-05
-6.2219e-05
-1.27905e-05
-6.16939e-05
-1.4772e-05
-6.09221e-05
-1.68324e-05
-5.98888e-05
-1.89808e-05
-5.85828e-05
-2.12216e-05
-5.69961e-05
-2.35535e-05
-5.51231e-05
-2.59695e-05
-5.29586e-05
-2.84567e-05
-5.04973e-05
-3.09963e-05
-4.77337e-05
-3.35635e-05
-4.46623e-05
-3.61288e-05
-4.12788e-05
-3.86581e-05
-3.75804e-05
-4.11148e-05
-3.35667e-05
-4.34618e-05
-2.92402e-05
-4.56648e-05
-2.46056e-05
-4.76949e-05
-1.96697e-05
-1.44436e-05
-4.95329e-05
-1.47343e-06
-5.81048e-05
-3.13815e-06
-6.01044e-05
-4.76503e-06
-6.07759e-05
-6.37792e-06
-6.09729e-05
-8.00095e-06
-6.08908e-05
-9.65593e-06
-6.0564e-05
-1.13618e-05
-5.9988e-05
-1.31337e-05
-5.91502e-05
-1.49827e-05
-5.80399e-05
-1.69151e-05
-5.66503e-05
-1.89334e-05
-5.49778e-05
-2.10354e-05
-5.3021e-05
-2.32146e-05
-5.07793e-05
-2.546e-05
-4.82519e-05
-2.77553e-05
-4.54382e-05
-3.00794e-05
-4.23381e-05
-3.24058e-05
-3.89523e-05
-3.47033e-05
-3.52828e-05
-3.69364e-05
-3.13335e-05
-3.90679e-05
-2.71086e-05
-4.10618e-05
-2.26115e-05
-4.28893e-05
-1.78424e-05
-1.27994e-05
-4.45334e-05
-1.31744e-06
-5.67876e-05
-2.80351e-06
-5.86184e-05
-4.20505e-06
-5.93743e-05
-5.57992e-06
-5.95979e-05
-6.96691e-06
-5.95037e-05
-8.39234e-06
-5.91385e-05
-9.87454e-06
-5.85057e-05
-1.14257e-05
-5.7599e-05
-1.30529e-05
-5.64126e-05
-1.47594e-05
-5.49436e-05
-1.65454e-05
-5.31918e-05
-1.8408e-05
-5.11583e-05
-2.03419e-05
-4.88453e-05
-2.23384e-05
-4.62553e-05
-2.4385e-05
-4.33915e-05
-2.64652e-05
-4.02579e-05
-2.85571e-05
-3.68603e-05
-3.0633e-05
-3.32068e-05
-3.26593e-05
-2.93071e-05
-3.45972e-05
-2.51705e-05
-3.64064e-05
-2.08023e-05
-3.80523e-05
-1.6196e-05
-1.13309e-05
-3.95209e-05
-1.2175e-06
-5.55699e-05
-2.51853e-06
-5.73173e-05
-3.66837e-06
-5.82244e-05
-4.7809e-06
-5.84853e-05
-5.91455e-06
-5.837e-05
-7.09876e-06
-5.79542e-05
-8.34876e-06
-5.72556e-05
-9.67168e-06
-5.6276e-05
-1.10698e-05
-5.50144e-05
-1.25425e-05
-5.34708e-05
-1.40879e-05
-5.16463e-05
-1.57029e-05
-4.95432e-05
-1.73834e-05
-4.71646e-05
-1.9124e-05
-4.45146e-05
-2.09171e-05
-4.15983e-05
-2.27519e-05
-3.84229e-05
-2.46132e-05
-3.49989e-05
-2.64794e-05
-3.13405e-05
-2.83202e-05
-2.74661e-05
-3.00954e-05
-2.33953e-05
-3.17557e-05
-1.91417e-05
-3.32537e-05
-1.46981e-05
-1.0015e-05
-3.45694e-05
-1.25626e-06
-5.43138e-05
-2.31219e-06
-5.62613e-05
-3.16489e-06
-5.73716e-05
-3.98714e-06
-5.7663e-05
-4.8535e-06
-5.75035e-05
-5.79007e-06
-5.70176e-05
-6.8039e-06
-5.62417e-05
-7.89421e-06
-5.51856e-05
-9.05727e-06
-5.38513e-05
-1.02887e-05
-5.22392e-05
-1.15848e-05
-5.03501e-05
-1.29426e-05
-4.81853e-05
-1.43598e-05
-4.57473e-05
-1.58346e-05
-4.30397e-05
-1.73649e-05
-4.00679e-05
-1.89473e-05
-3.68404e-05
-2.05758e-05
-3.33703e-05
-2.22387e-05
-2.96774e-05
-2.39143e-05
-2.57904e-05
-2.5564e-05
-2.17454e-05
-2.71275e-05
-1.75782e-05
-2.85292e-05
-1.3296e-05
-8.81604e-06
-2.97282e-05
-1.59131e-06
-5.27222e-05
-2.21217e-06
-5.56404e-05
-2.69627e-06
-5.68875e-05
-3.19943e-06
-5.71598e-05
-3.79142e-06
-5.69115e-05
-4.48114e-06
-5.63278e-05
-5.25952e-06
-5.54633e-05
-6.11488e-06
-5.43301e-05
-7.03711e-06
-5.2929e-05
-8.01872e-06
-5.12575e-05
-9.05488e-06
-4.93139e-05
-1.01432e-05
-4.70969e-05
-1.12834e-05
-4.4607e-05
-1.24771e-05
-4.18459e-05
-1.37275e-05
-3.88174e-05
-1.50395e-05
-3.55284e-05
-1.64184e-05
-3.19913e-05
-1.78678e-05
-2.82279e-05
-1.93837e-05
-2.42744e-05
-2.09417e-05
-2.01873e-05
-2.2476e-05
-1.60437e-05
-2.38656e-05
-1.19066e-05
-7.67659e-06
-2.5005e-05
-2.33105e-06
-5.03911e-05
-2.22994e-06
-5.57413e-05
-2.25475e-06
-5.68625e-05
-2.41323e-06
-5.70012e-05
-2.736e-06
-5.65886e-05
-3.18836e-06
-5.58753e-05
-3.73574e-06
-5.49158e-05
-4.35428e-06
-5.37115e-05
-5.02876e-06
-5.22544e-05
-5.75e-06
-5.05362e-05
-6.51315e-06
-4.85506e-05
-7.31667e-06
-4.62933e-05
-8.16182e-06
-4.37617e-05
-9.05259e-06
-4.0955e-05
-9.9962e-06
-3.78737e-05
-1.1004e-05
-3.45205e-05
-1.20928e-05
-3.09024e-05
-1.32853e-05
-2.70353e-05
-1.46073e-05
-2.29523e-05
-1.60743e-05
-1.87201e-05
-1.76514e-05
-1.44666e-05
-1.91657e-05
-1.03919e-05
-6.5129e-06
-2.03294e-05
-3.43228e-06
-4.69585e-05
-2.4109e-06
-5.67624e-05
-1.78893e-06
-5.74843e-05
-1.60717e-06
-5.71827e-05
-1.69418e-06
-5.65014e-05
-1.92905e-06
-5.56403e-05
-2.25186e-06
-5.45928e-05
-2.63086e-06
-5.33323e-05
-3.04912e-06
-5.18359e-05
-3.49793e-06
-5.00872e-05
-3.97342e-06
-4.8075e-05
-4.47478e-06
-4.57917e-05
-5.00375e-06
-4.32326e-05
-5.56468e-06
-4.03939e-05
-6.16538e-06
-3.72728e-05
-6.81914e-06
-3.38665e-05
-7.54828e-06
-3.01731e-05
-8.38992e-06
-2.61935e-05
-9.4027e-06
-2.19394e-05
-1.06692e-05
-1.74535e-05
-1.22753e-05
-1.28602e-05
-1.41507e-05
-8.51659e-06
-5.1766e-06
-1.54869e-05
-6.98896e-06
-2.293e-06
-1.06328e-06
-7.19874e-07
-6.57311e-07
-7.11344e-07
-8.20445e-07
-9.57747e-07
-1.11148e-06
-1.27642e-06
-1.45039e-06
-1.63288e-06
-1.82461e-06
-2.02755e-06
-2.24557e-06
-2.48596e-06
-2.76275e-06
-3.10418e-06
-3.56777e-06
-4.2671e-06
-5.41644e-06
-7.41968e-06
-1.06092e-05
3.96298e-05
4.14248e-05
1.69514e-06
3.79347e-05
-2.39388e-05
2.56339e-05
1.73278e-05
-4.12666e-05
8.18145e-05
4.07242e-05
8.381e-05
3.59392e-05
7.82509e-05
3.1193e-05
2.63865e-05
6.91922e-05
0.000101818
3.72587e-05
0.00010532
3.24369e-05
0.00010813
2.83831e-05
2.31899e-05
0.000111327
0.00013118
3.74845e-05
0.000131568
3.20491e-05
0.000134623
2.5328e-05
1.80061e-05
0.000139807
0.000167025
3.12581e-05
0.000172573
2.65004e-05
0.000177191
2.07101e-05
1.42613e-05
0.000180936
0.00017652
2.26504e-05
0.000184148
1.8872e-05
0.000190572
1.42869e-05
8.96521e-06
0.000195868
0.000174928
1.40179e-05
0.000182714
1.10862e-05
0.000189521
7.48017e-06
3.19079e-06
0.000195295
0.000167218
5.93953e-06
0.000174714
3.5907e-06
0.000181567
6.27451e-07
-2.92411e-06
0.000187682
0.000158432
-1.64755e-06
0.000165656
-3.63279e-06
0.000172427
-6.14396e-06
-9.14079e-06
0.000178644
0.000151947
-8.75139e-06
0.000158751
-1.04365e-05
0.000165192
-1.25854e-05
-1.51765e-05
0.000171228
0.00014894
-1.59011e-05
0.000155934
-1.74303e-05
0.000162553
-1.92041e-05
-2.14435e-05
0.00016882
0.000154467
-2.45048e-05
0.000163401
-2.63634e-05
0.000172575
-2.83782e-05
-2.98632e-05
0.000180995
0.000132198
-2.97425e-05
0.000137586
-3.17513e-05
0.000143248
-3.40397e-05
-3.51937e-05
0.000148578
0.000112336
-3.22469e-05
0.000113781
-3.31965e-05
0.00011393
-3.41877e-05
-3.47214e-05
0.000113457
8.38729e-05
-3.38046e-05
8.46389e-05
-3.39623e-05
8.45361e-05
-3.40848e-05
-3.40033e-05
8.38182e-05
5.63161e-05
-3.41062e-05
5.60905e-05
-3.37367e-05
5.53068e-05
-3.33009e-05
-3.27492e-05
5.40528e-05
3.07669e-05
-3.3393e-05
2.96589e-05
-3.26285e-05
2.81456e-05
-3.17876e-05
-3.08609e-05
2.62575e-05
7.49144e-06
-3.18973e-05
5.69452e-06
-3.08315e-05
3.58885e-06
-2.96818e-05
-2.84504e-05
1.17841e-06
-1.32001e-05
-2.9873e-05
-1.54651e-05
-2.85665e-05
-1.79719e-05
-2.71748e-05
-2.57034e-05
-2.07188e-05
-3.08903e-05
-2.75413e-05
-3.34112e-05
-2.60455e-05
-3.61157e-05
-2.44702e-05
-2.28224e-05
-3.89966e-05
-4.53701e-05
-2.50826e-05
-4.7968e-05
-2.34476e-05
-5.06946e-05
-2.17435e-05
-1.99776e-05
-5.35394e-05
-5.66653e-05
-2.26341e-05
-5.92054e-05
-2.09074e-05
-6.18256e-05
-1.91232e-05
-1.72892e-05
-6.45138e-05
-6.49925e-05
-2.02883e-05
-6.73886e-05
-1.85113e-05
-6.98234e-05
-1.66882e-05
-1.48263e-05
-7.22863e-05
-7.06836e-05
-1.80976e-05
-7.28904e-05
-1.63043e-05
-7.51041e-05
-1.44746e-05
-1.2615e-05
-7.73153e-05
-7.41062e-05
-1.6085e-05
-7.61091e-05
-1.43015e-05
-7.80942e-05
-1.24893e-05
-1.06541e-05
-8.00551e-05
-7.56184e-05
-1.42537e-05
-7.74202e-05
-1.24995e-05
-7.91874e-05
-1.07221e-05
-8.92664e-06
-8.09148e-05
-7.55421e-05
-1.25968e-05
-7.71561e-05
-1.08855e-05
-7.8723e-05
-9.15506e-06
-7.40987e-06
-8.02397e-05
-7.41618e-05
-1.11018e-05
-7.56044e-05
-9.44268e-06
-7.69923e-05
-7.76719e-06
-6.07916e-06
-7.83229e-05
-7.17228e-05
-9.75479e-06
-7.30121e-05
-8.1535e-06
-7.42413e-05
-6.53772e-06
-4.91085e-06
-7.54096e-05
-6.84401e-05
-8.54203e-06
-6.95921e-05
-7.0013e-06
-7.06826e-05
-5.44731e-06
-3.88318e-06
-7.17101e-05
-6.45007e-05
-7.45143e-06
-6.55305e-05
-5.9717e-06
-6.64982e-05
-4.47946e-06
-2.97764e-06
-6.74037e-05
-6.00721e-05
-6.47206e-06
-6.09915e-05
-5.05201e-06
-6.18512e-05
-3.61988e-06
-2.17834e-06
-6.26503e-05
-5.5301e-05
-5.59433e-06
-5.6122e-05
-4.23116e-06
-5.68857e-05
-2.85599e-06
-1.47142e-06
-5.75926e-05
-5.03179e-05
-4.80928e-06
-5.105e-05
-3.49877e-06
-5.173e-05
-2.17602e-06
-8.43672e-07
-5.23576e-05
-4.52337e-05
-4.10895e-06
-4.58867e-05
-2.84593e-06
-4.64927e-05
-1.56974e-06
-2.83495e-07
-4.70529e-05
-4.01454e-05
-3.48425e-06
-4.07283e-05
-2.26264e-06
-4.1272e-05
-1.02606e-06
2.21778e-07
-4.17771e-05
-3.51301e-05
-2.92342e-06
-3.56572e-05
-1.73575e-06
-3.6153e-05
-5.29909e-07
6.88517e-07
-3.66197e-05
-3.02425e-05
-2.40903e-06
-3.07336e-05
-1.24426e-06
-3.12064e-05
-5.71115e-08
1.14272e-06
-3.16605e-05
-2.55027e-05
-1.91126e-06
-2.59966e-05
-7.50602e-07
-2.6491e-05
4.3755e-07
1.63144e-06
-2.69797e-05
-2.08829e-05
-1.35769e-06
-2.14677e-05
-1.65451e-07
-2.20826e-05
1.05246e-06
2.24994e-06
-2.2701e-05
-1.62717e-05
-5.72814e-07
-1.7201e-05
7.63754e-07
-1.8142e-05
1.99353e-06
3.14448e-06
-1.90364e-05
-1.21233e-05
-1.35834e-05
-1.49079e-05
-1.61e-05
7.0167e-05
4.40089e-05
0.000100355
3.07776e-05
0.000126417
-1.42662e-05
0.000114421
-5.75359e-05
0.000110297
-9.32702e-05
0.000115397
-0.000114585
0.000125651
-0.000124927
0.000139113
-0.000126663
0.000153942
-0.000121087
0.000168189
-0.000108471
0.000179862
-8.84854e-05
0.000187145
-6.10618e-05
0.000188397
-2.62707e-05
0.000182197
1.55154e-05
0.000167762
6.32039e-05
0.000144325
0.000115384
0.00011128
0.000167756
6.54574e-05
0.000213351
0.000245362
7.66291e-05
3.6572e-05
0.00010751
-1.0302e-07
0.000126226
-3.29821e-05
0.000129743
-6.10537e-05
0.000133745
-9.72714e-05
0.000140081
-0.000120921
0.000148728
-0.000133575
0.000159334
-0.000137268
0.000170947
-0.0001327
0.000181976
-0.0001195
0.000190393
-9.69026e-05
0.000194352
-6.50207e-05
0.000192093
-2.40115e-05
0.00018228
2.53281e-05
0.000165173
8.03103e-05
0.000140158
0.000140399
0.000106444
0.00020147
6.17773e-05
0.000258018
0.00030714
0.000122036
2.58633e-05
0.000128663
-6.73026e-06
0.000136398
-4.07172e-05
0.000148476
-7.31316e-05
0.000156509
-0.000105305
0.000162843
-0.000127254
0.000169549
-0.000140281
0.000177264
-0.000144983
0.00018562
-0.000141055
0.000193081
-0.000126961
0.000197163
-0.000100984
0.000195522
-6.33797e-05
0.000187058
-1.55472e-05
0.000169989
4.23966e-05
0.000148976
0.000101324
0.000123988
0.000165388
9.30049e-05
0.000232453
5.3368e-05
0.000297654
0.000360508
0.000153461
1.22091e-05
0.000164733
-1.80021e-05
0.000172664
-4.86484e-05
0.000178396
-7.88639e-05
0.000182051
-0.000108959
0.000184797
-0.00013
0.000188035
-0.000143519
0.000192413
-0.000149361
0.000197227
-0.00014587
0.000200498
-0.000130231
0.000199167
-9.96534e-05
0.000187271
-5.14836e-05
0.000168071
3.65241e-06
0.000138996
7.14717e-05
0.000114072
0.000126248
9.21784e-05
0.000187281
6.9507e-05
0.000255124
4.00945e-05
0.000327067
0.000400602
0.000187463
5.68241e-06
0.000193902
-2.44417e-05
0.000198754
-5.35004e-05
0.000202346
-8.24558e-05
0.000202104
-0.000108718
0.000201659
-0.000129555
0.000202222
-0.000144082
0.000203773
-0.000150913
0.00020527
-0.000147367
0.000203859
-0.00012882
0.000197361
-9.31556e-05
0.000155588
-9.70985e-06
0.000118183
4.10571e-05
8.7626e-05
0.000102028
6.56203e-05
0.000148253
5.34231e-05
0.000199478
4.27313e-05
0.000265816
2.51376e-05
0.00034466
0.00042574
0.000204057
-2.50698e-06
0.000209437
-2.98214e-05
0.000212788
-5.68512e-05
0.000213724
-8.33924e-05
0.000213006
-0.000108
0.000212001
-0.00012855
0.000211552
-0.000143632
0.000211235
-0.000150596
0.000209576
-0.000145708
0.000192504
-0.000111748
0.000177241
-7.78924e-05
0.00015905
8.48135e-06
0.000131271
6.88361e-05
0.000100105
0.000133194
6.00257e-05
0.000188332
3.30604e-05
0.000226444
2.18085e-05
0.000277068
1.35436e-05
0.000352925
0.000439283
0.000204701
-1.19129e-05
0.000210953
-3.6073e-05
0.00021485
-6.07481e-05
0.000216802
-8.53442e-05
0.000217455
-0.000108653
0.000217456
-0.000128551
0.000217139
-0.000143315
0.000216173
-0.00014963
0.000194695
-0.000124229
0.000183178
-0.000100232
0.000155308
-5.00224e-05
0.000146116
1.76743e-05
0.000130878
8.40735e-05
0.000113104
0.000150967
8.97133e-05
0.000211723
6.60142e-05
0.000250142
8.08405e-06
0.000334998
7.78379e-06
0.000353226
0.000447067
0.000198577
-2.28085e-05
0.000206435
-4.39311e-05
0.000212004
-6.63169e-05
0.000215928
-8.92675e-05
0.000218459
-0.000111184
0.000219943
-0.000130036
0.000219879
-0.000143251
0.000207278
-0.000137029
0.000190685
-0.000107636
0.000165545
-7.5091e-05
0.000145401
-2.98784e-05
0.00013338
2.96951e-05
0.000122138
9.53151e-05
0.000109076
0.000164029
8.81533e-05
0.000232645
4.27681e-05
0.000295526
3.4504e-06
0.000374315
8.02989e-06
0.000348646
0.000455097
0.000190823
-3.4987e-05
0.000200448
-5.35569e-05
0.000207905
-7.37733e-05
0.000213761
-9.51238e-05
0.000218951
-0.000116375
0.000222447
-0.000133531
0.000211792
-0.000132596
0.000191218
-0.000116455
0.000171978
-8.83955e-05
0.000151848
-5.49604e-05
0.000134277
-1.2307e-05
0.000121427
4.25449e-05
0.000111137
0.000105604
0.000100641
0.000174525
8.50278e-05
0.000248258
5.45848e-05
0.000325968
4.17674e-05
0.000387133
7.26172e-06
0.000383152
0.000462359
0.000184416
-4.81746e-05
0.000195611
-6.47524e-05
0.000205373
-8.3535e-05
0.000216686
-0.000106437
0.000219464
-0.000119152
0.000208199
-0.000122266
0.000188635
-0.000113032
0.000168207
-9.60269e-05
0.000149941
-7.01294e-05
0.000132656
-3.76744e-05
0.000117019
3.32988e-06
0.000104941
5.46226e-05
9.58839e-05
0.000114662
8.81965e-05
0.000182212
8.11399e-05
0.000255314
7.28765e-05
0.000334231
5.76473e-05
0.000402362
6.5281e-06
0.000434271
0.000468887
0.000182076
-6.14309e-05
0.000198346
-8.10219e-05
0.000216124
-0.000101313
0.000210938
-0.000101251
0.000196853
-0.000105068
0.00017867
-0.000104082
0.000159993
-9.43539e-05
0.000141052
-7.7086e-05
0.000123756
-5.28336e-05
0.000107818
-2.17358e-05
9.37184e-05
1.74297e-05
8.28855e-05
6.54555e-05
7.50322e-05
0.000122515
6.89174e-05
0.000188327
6.28329e-05
0.000261398
5.70952e-05
0.00033997
3.92046e-05
0.000420253
4.8871e-06
0.000468589
0.000473774
0.000195074
-7.55098e-05
0.0001917
-7.76482e-05
0.000183247
-9.286e-05
0.000176145
-9.41486e-05
0.000162869
-9.17919e-05
0.000145671
-8.6884e-05
0.000127627
-7.63098e-05
0.00011015
-5.96091e-05
9.38311e-05
-3.65142e-05
7.88757e-05
-6.78018e-06
6.61334e-05
3.01722e-05
5.65572e-05
7.50321e-05
5.00655e-05
0.000129007
4.52283e-05
0.000193165
3.96266e-05
0.000267001
3.1326e-05
0.00034827
1.88773e-05
0.000432703
3.10802e-06
0.000484359
0.000476882
0.000153102
-8.0033e-05
0.000155442
-7.99877e-05
0.000147338
-8.47566e-05
0.000136823
-8.3633e-05
0.000124001
-7.89698e-05
0.000108799
-7.16821e-05
9.26393e-05
-6.015e-05
7.64496e-05
-4.34193e-05
6.09947e-05
-2.10591e-05
4.70253e-05
7.18946e-06
3.56518e-05
4.15461e-05
2.75725e-05
8.3112e-05
2.27831e-05
0.000133797
2.0512e-05
0.000195437
1.8272e-05
0.000269241
1.33266e-05
0.000353218
8.31456e-06
0.000437714
1.01285e-06
0.00049166
0.000477895
0.000114956
-8.15313e-05
0.000113909
-7.89411e-05
0.000106888
-7.77348e-05
9.70521e-05
-7.37975e-05
8.52216e-05
-6.71392e-05
7.14785e-05
-5.79388e-05
5.6546e-05
-4.52174e-05
4.13546e-05
-2.82277e-05
2.66868e-05
-6.39112e-06
1.38097e-05
2.00668e-05
3.88988e-06
5.14666e-05
-2.4979e-06
8.95006e-05
-5.06727e-06
0.000136368
-4.47623e-06
0.000194846
-1.7277e-06
0.000266495
5.31154e-07
0.000350956
1.99389e-06
0.000436251
2.4404e-08
0.000493628
0.000477919
8.10218e-05
-7.87346e-05
7.68801e-05
-7.47993e-05
6.95099e-05
-7.03645e-05
5.98039e-05
-6.40915e-05
4.82705e-05
-5.56057e-05
3.51249e-05
-4.47931e-05
2.08822e-05
-3.09747e-05
6.36595e-06
-1.37114e-05
-7.24078e-06
7.2158e-06
-1.86287e-05
3.14552e-05
-2.70542e-05
5.98928e-05
-3.18436e-05
9.42912e-05
-3.26448e-05
0.00013717
-2.90593e-05
0.000191262
-2.07826e-05
0.000258216
-1.03289e-05
0.000340502
-6.85024e-07
0.0004266
-6.44014e-06
0.000499381
0.000471478
4.95419e-05
-7.42236e-05
4.35114e-05
-6.87688e-05
3.53758e-05
-6.22289e-05
2.53509e-05
-5.40667e-05
1.37643e-05
-4.40191e-05
8.88244e-07
-3.1917e-05
-1.26936e-05
-1.73928e-05
-2.61304e-05
-2.74607e-07
-3.82402e-05
1.93259e-05
-4.82588e-05
4.14742e-05
-5.56033e-05
6.72381e-05
-5.95464e-05
9.82354e-05
-5.92022e-05
0.000136827
-5.38934e-05
0.000185953
-4.32498e-05
0.000247571
-2.15749e-05
0.000318821
-4.69704e-06
0.000409716
7.1818e-05
0.00042286
0.000543296
2.05314e-05
-6.84974e-05
1.3301e-05
-6.15384e-05
4.44448e-06
-5.33724e-05
-5.86927e-06
-4.3753e-05
-1.73274e-05
-3.2561e-05
-2.95896e-05
-1.96548e-05
-4.21358e-05
-4.84658e-06
-5.41275e-05
1.17172e-05
-6.47815e-05
2.998e-05
-7.37233e-05
5.04165e-05
-8.03897e-05
7.39052e-05
-8.40268e-05
0.000101873
-8.3714e-05
0.000136515
-7.8483e-05
0.000180722
-6.74259e-05
0.000236512
-5.08597e-05
0.000302252
-1.47261e-05
0.000373577
-2.73193e-05
0.000435448
0.000515977
-5.51505e-06
-6.18038e-05
-1.34662e-05
-5.35872e-05
-2.26126e-05
-4.4226e-05
-3.27623e-05
-3.36034e-05
-4.36607e-05
-2.16626e-05
-5.49817e-05
-8.33379e-06
-6.61429e-05
6.31461e-06
-7.65698e-05
2.21442e-05
-8.59579e-05
3.93682e-05
-9.39626e-05
5.84216e-05
-0.000100074
8.0017e-05
-0.000103557
0.000105358
-0.000103423
0.000136381
-9.84884e-05
0.000175787
-8.81827e-05
0.000226205
-7.39568e-05
0.000288024
-5.99033e-05
0.000359522
-6.38599e-05
0.000439405
0.000452116
-2.79205e-05
-5.46021e-05
-3.60618e-05
-4.5446e-05
-4.50279e-05
-3.526e-05
-5.46259e-05
-2.40054e-05
-6.46118e-05
-1.16768e-05
-7.4631e-05
1.68541e-06
-8.42539e-05
1.59375e-05
-9.32449e-05
3.11353e-05
-0.00010141
4.75336e-05
-0.000108458
6.54698e-05
-0.000113943
8.55019e-05
-0.000117168
0.000108583
-0.000117071
0.000136284
-0.000112162
0.000170877
-0.000100822
0.000214864
-8.22799e-05
0.000269482
-5.61196e-05
0.000333364
-1.9898e-05
0.000403185
0.000432219
-4.62702e-05
-4.73284e-05
-5.41704e-05
-3.75458e-05
-6.25701e-05
-2.68604e-05
-7.12828e-05
-1.52928e-05
-8.00881e-05
-2.87159e-06
-8.86661e-05
1.02634e-05
-9.68145e-05
2.40858e-05
-0.000104434
3.87551e-05
-0.000111362
5.44616e-05
-0.000117363
7.14706e-05
-0.00012207
9.02088e-05
-0.000124878
0.000111392
-0.00012479
0.000136196
-0.000120293
0.000166381
-0.000109509
0.00020408
-9.09154e-05
0.000250889
-6.4004e-05
0.000306454
-2.6873e-05
0.000366057
0.000405347
-6.05263e-05
-4.03415e-05
-6.7868e-05
-3.02042e-05
-7.5444e-05
-1.92845e-05
-8.30932e-05
-7.64366e-06
-9.05963e-05
4.63146e-06
-9.77734e-05
1.74404e-05
-0.000104559
3.08712e-05
-0.000110856
4.5052e-05
-0.00011653
6.01356e-05
-0.000121392
7.6333e-05
-0.00012515
9.3967e-05
-0.000127315
0.000113557
-0.00012706
0.000135941
-0.000123066
0.000162386
-0.00011353
0.000194543
-9.65948e-05
0.000233955
-7.07349e-05
0.000280595
-3.45189e-05
0.000329842
0.000370829
-7.09742e-05
-3.3881e-05
-7.75719e-05
-2.36065e-05
-8.41979e-05
-1.26587e-05
-9.0718e-05
-1.12366e-06
-9.69729e-05
1.08863e-05
-0.000102893
2.33601e-05
-0.000108415
3.63937e-05
-0.000113451
5.00875e-05
-0.000117882
6.45672e-05
-0.000121552
8.00024e-05
-0.000124221
9.66364e-05
-0.000125502
0.000114838
-0.00012474
0.000135178
-0.000120863
0.000158509
-0.000112288
0.000185968
-9.70169e-05
0.000218684
-7.30387e-05
0.000256618
-3.92838e-05
0.000296088
0.000331546
-7.81003e-05
-2.8067e-05
-8.38892e-05
-1.78178e-05
-8.9564e-05
-6.98392e-06
-9.50145e-05
4.32663e-06
-0.000100151
1.60232e-05
-0.000104938
2.81462e-05
-0.000109304
4.07599e-05
-0.000113162
5.39458e-05
-0.000116403
6.7808e-05
-0.000118883
8.24818e-05
-0.000120394
9.81479e-05
-0.000120618
0.000115062
-0.000119035
0.000133594
-0.000114798
0.000154272
-0.000106597
0.000177767
-9.26268e-05
0.000204714
-7.09052e-05
0.000234896
-4.01998e-05
0.000265383
0.000291346
-8.24537e-05
-2.29286e-05
-8.7452e-05
-1.28195e-05
-9.224e-05
-2.19605e-06
-9.67352e-05
8.82173e-06
-0.000100897
2.01851e-05
-0.000104677
3.19256e-05
-0.000108004
4.4087e-05
-0.000110791
5.67329e-05
-0.00011293
6.99468e-05
-0.000114281
8.3833e-05
-0.000114655
9.85214e-05
-0.000113773
0.000114179
-0.000111207
0.000131028
-0.000106289
0.000149354
-9.79937e-05
0.000169472
-8.48627e-05
0.000191583
-6.51977e-05
0.000215231
-3.76664e-05
0.000237852
0.00025368
-8.45481e-05
-1.84356e-05
-8.88229e-05
-8.54479e-06
-9.28238e-05
1.80471e-06
-9.64954e-05
1.24932e-05
-9.98071e-05
2.34967e-05
-0.000102705
3.48229e-05
-0.000105116
4.64986e-05
-0.000106954
5.85704e-05
-0.000108108
7.11013e-05
-0.000108442
8.41666e-05
-0.000107774
9.78528e-05
-0.000105853
0.000112258
-0.000102317
0.000127493
-9.6633e-05
0.000143669
-8.80127e-05
0.000160851
-7.53606e-05
0.000178931
-5.73664e-05
0.000197237
-3.28857e-05
0.000213371
0.000220794
-8.48198e-05
-1.45306e-05
-8.84554e-05
-4.90926e-06
-9.17746e-05
5.12375e-06
-9.47432e-05
1.54617e-05
-9.73237e-05
2.60771e-05
-9.94606e-05
3.69596e-05
-0.000101082
4.81202e-05
-0.000102101
5.95886e-05
-0.000102407
7.14072e-05
-0.000101865
8.3625e-05
-0.000100304
9.62913e-05
-9.74953e-05
0.000109449
-9.31307e-05
0.000123128
-8.67816e-05
0.00013732
-7.78569e-05
0.000151926
-6.55727e-05
0.000166646
-4.90151e-05
0.000180679
-2.74372e-05
0.000191793
0.000193357
-8.36252e-05
-1.11452e-05
-8.67088e-05
-1.82572e-06
-8.94487e-05
7.86354e-06
-9.1819e-05
1.78319e-05
-9.37781e-05
2.8036e-05
-9.52703e-05
3.84516e-05
-9.62253e-05
4.90751e-05
-9.65565e-05
5.99196e-05
-9.61578e-05
7.10084e-05
-9.48994e-05
8.23665e-05
-9.26208e-05
9.40125e-05
-8.91195e-05
0.000105948
-8.41354e-05
0.000118144
-7.73314e-05
0.000130516
-6.82747e-05
0.00014287
-5.64368e-05
0.000154808
-4.12584e-05
0.000165501
-2.2406e-05
0.000172941
0.00017095
-8.12542e-05
-8.21386e-06
-8.38653e-05
7.85288e-07
-8.61188e-05
1.01169e-05
-8.79861e-05
1.96991e-05
-8.94253e-05
2.9475e-05
-9.0382e-05
3.94082e-05
-9.07886e-05
4.94816e-05
-9.0562e-05
5.9693e-05
-8.96019e-05
7.00481e-05
-8.77874e-05
8.05519e-05
-8.49736e-05
9.11985e-05
-8.09853e-05
0.000101959
-7.56098e-05
0.000112769
-6.85905e-05
0.000123496
-5.96262e-05
0.000133905
-4.83898e-05
0.000143572
-3.45987e-05
0.000151709
-1.82444e-05
0.000156586
0.000152706
-7.79513e-05
-5.67218e-06
-8.01613e-05
2.99529e-06
-8.20078e-05
1.19633e-05
-8.3458e-05
2.11492e-05
-8.44705e-05
3.04874e-05
-8.49934e-05
3.9931e-05
-8.49629e-05
4.9451e-05
-8.43016e-05
5.90315e-05
-8.2917e-05
6.86634e-05
-8.07004e-05
7.83352e-05
-7.75251e-05
8.8023e-05
-7.32447e-05
9.76789e-05
-6.76924e-05
0.000107216
-6.0682e-05
0.000116486
-5.20184e-05
0.000125241
-4.15256e-05
0.000133079
-2.91179e-05
0.000139301
-1.49868e-05
0.000142455
0.000137719
-7.39188e-05
-3.46352e-06
-7.5793e-05
4.86938e-06
-7.73025e-05
1.34727e-05
-7.84132e-05
2.22597e-05
-7.90844e-05
3.11586e-05
-7.92675e-05
4.01139e-05
-7.89032e-05
4.90866e-05
-7.79212e-05
5.80494e-05
-7.62388e-05
6.69809e-05
-7.37611e-05
7.58573e-05
-7.03811e-05
8.46428e-05
-6.59813e-05
9.32789e-05
-6.0436e-05
0.000101671
-5.36187e-05
0.000109668
-4.54166e-05
0.000117039
-3.57611e-05
0.000123423
-2.46887e-05
0.000128229
-1.24839e-05
0.00013025
0.000125235
-6.93296e-05
-1.5376e-06
-7.09256e-05
6.4654e-06
-7.2162e-05
1.4709e-05
-7.30039e-05
2.31016e-05
-7.34122e-05
3.15667e-05
-7.33412e-05
4.00429e-05
-7.27374e-05
4.84827e-05
-7.15381e-05
5.685e-05
-6.96715e-05
6.51142e-05
-6.70571e-05
7.32428e-05
-6.36077e-05
8.11933e-05
-5.92323e-05
8.89034e-05
-5.38413e-05
9.62794e-05
-4.73553e-05
0.000103182
-3.97215e-05
0.000109405
-3.09406e-05
0.000114642
-2.11153e-05
0.000118404
-1.05511e-05
0.000119686
0.000114684
-6.43355e-05
1.47552e-07
-6.57049e-05
7.8348e-06
-6.67256e-05
1.57297e-05
-6.73627e-05
2.37386e-05
-6.75784e-05
3.17824e-05
-6.73307e-05
3.97951e-05
-6.65715e-05
4.77234e-05
-6.52462e-05
5.55247e-05
-6.32941e-05
6.31619e-05
-6.06489e-05
7.05974e-05
-5.72417e-05
7.7786e-05
-5.30048e-05
8.46664e-05
-4.78778e-05
9.11523e-05
-4.18168e-05
9.7121e-05
-3.48094e-05
0.000102398
-2.68966e-05
0.00010673
-1.82077e-05
0.000109715
-9.02981e-06
0.000110508
0.000105654
-5.90744e-05
1.62952e-06
-6.02614e-05
9.02179e-06
-6.11171e-05
1.65853e-05
-6.1606e-05
2.42275e-05
-6.16917e-05
3.18681e-05
-6.1335e-05
3.94384e-05
-6.04935e-05
4.68818e-05
-5.91204e-05
5.41516e-05
-5.71654e-05
6.12068e-05
-5.45756e-05
6.80076e-05
-5.12983e-05
7.45087e-05
-4.72852e-05
8.06532e-05
-4.24982e-05
8.63653e-05
-3.69184e-05
9.15411e-05
-3.05578e-05
9.60372e-05
-2.34765e-05
9.96482e-05
-1.58072e-05
0.000102045
-7.80398e-06
0.000102504
9.78501e-05
-5.36697e-05
2.94169e-06
-5.47125e-05
1.00647e-05
-5.54478e-05
1.73205e-05
-5.58385e-05
2.46182e-05
-5.58482e-05
3.18778e-05
-5.54406e-05
3.90307e-05
-5.45779e-05
4.60191e-05
-5.32211e-05
5.27947e-05
-5.13294e-05
5.93151e-05
-4.88619e-05
6.554e-05
-4.57796e-05
7.14263e-05
-4.20494e-05
7.6923e-05
-3.76497e-05
8.19655e-05
-3.25773e-05
8.64686e-05
-2.68571e-05
9.0317e-05
-2.0555e-05
9.33461e-05
-1.37944e-05
9.52847e-05
-6.7924e-06
9.55024e-05
9.10575e-05
-4.82283e-05
4.11725e-06
-4.91645e-05
1.1001e-05
-4.98205e-05
1.79765e-05
-5.01566e-05
2.49544e-05
-5.01363e-05
3.18575e-05
-4.97251e-05
3.86195e-05
-4.88903e-05
4.51843e-05
-4.75995e-05
5.15039e-05
-4.58209e-05
5.75365e-05
-4.35239e-05
6.32429e-05
-4.06808e-05
6.85832e-05
-3.72703e-05
7.35126e-05
-3.32818e-05
7.7977e-05
-2.87212e-05
8.19079e-05
-2.36182e-05
8.52141e-05
-1.80357e-05
8.77637e-05
-1.20826e-05
8.93318e-05
-5.94278e-06
8.93623e-05
8.51149e-05
-4.28509e-05
5.19117e-06
-4.37189e-05
1.1869e-05
-4.43343e-05
1.8592e-05
-4.46543e-05
2.52744e-05
-4.46415e-05
3.18447e-05
-4.42638e-05
3.82419e-05
-4.34931e-05
4.44136e-05
-4.23037e-05
5.03145e-05
-4.06719e-05
5.59047e-05
-3.85761e-05
6.11471e-05
-3.59979e-05
6.6005e-05
-3.29248e-05
7.04395e-05
-2.93532e-05
7.44054e-05
-2.52931e-05
7.78479e-05
-2.07736e-05
8.06946e-05
-1.58502e-05
8.28403e-05
-1.06148e-05
8.40962e-05
-5.22058e-06
8.39684e-05
7.98941e-05
-3.76352e-05
6.20678e-06
-3.84776e-05
1.27115e-05
-3.90913e-05
1.92057e-05
-3.9429e-05
2.56122e-05
-3.94534e-05
3.18691e-05
-3.91354e-05
3.79239e-05
-3.84522e-05
4.37305e-05
-3.73852e-05
4.92475e-05
-3.59184e-05
5.44379e-05
-3.40383e-05
5.92669e-05
-3.17341e-05
6.37009e-05
-2.9e-05
6.77053e-05
-2.58365e-05
7.12419e-05
-2.22544e-05
7.42659e-05
-1.82789e-05
7.67191e-05
-1.39545e-05
7.85159e-05
-9.35512e-06
7.9497e-05
-4.60768e-06
7.92207e-05
7.52867e-05
-3.26808e-05
7.22712e-06
-3.35515e-05
1.35824e-05
-3.42047e-05
1.98589e-05
-3.45901e-05
2.59977e-05
-3.46729e-05
3.1952e-05
-3.44296e-05
3.76807e-05
-3.38445e-05
4.31454e-05
-3.29066e-05
4.83097e-05
-3.16079e-05
5.31392e-05
-2.99423e-05
5.76014e-05
-2.7906e-05
6.16647e-05
-2.54981e-05
6.52974e-05
-2.27218e-05
6.84657e-05
-1.95867e-05
7.11308e-05
-1.61113e-05
7.32437e-05
-1.23276e-05
7.47323e-05
-8.28951e-06
7.54589e-05
-4.09644e-06
7.5028e-05
7.11901e-05
-2.81048e-05
8.35225e-06
-2.90723e-05
1.455e-05
-2.98088e-05
2.05955e-05
-3.02673e-05
2.64562e-05
-3.04209e-05
3.21056e-05
-3.0256e-05
3.75158e-05
-2.97664e-05
4.26558e-05
-2.89503e-05
4.74935e-05
-2.78079e-05
5.19969e-05
-2.6341e-05
5.61344e-05
-2.45519e-05
5.98756e-05
-2.24441e-05
6.31897e-05
-2.00229e-05
6.60445e-05
-1.72958e-05
6.84037e-05
-1.42739e-05
7.02219e-05
-1.09737e-05
7.14322e-05
-7.42472e-06
7.191e-05
-3.69488e-06
7.12979e-05
6.74953e-05
-2.40631e-05
9.71437e-06
-2.52058e-05
1.56928e-05
-2.60694e-05
2.14591e-05
-2.66196e-05
2.70064e-05
-2.68466e-05
3.23327e-05
-2.67523e-05
3.74215e-05
-2.63434e-05
4.2247e-05
-2.56288e-05
4.6779e-05
-2.46177e-05
5.09858e-05
-2.33193e-05
5.4836e-05
-2.17423e-05
5.82986e-05
-1.9895e-05
6.13424e-05
-1.77852e-05
6.39347e-05
-1.54197e-05
6.60382e-05
-1.2803e-05
6.76052e-05
-9.93537e-06
6.85646e-05
-6.81173e-06
6.87863e-05
-3.44463e-06
6.7931e-05
6.40507e-05
-2.07657e-05
1.14437e-05
-2.21803e-05
1.71075e-05
-2.32078e-05
2.24867e-05
-2.38558e-05
2.76544e-05
-2.41468e-05
3.26238e-05
-2.41043e-05
3.73791e-05
-2.37504e-05
4.18932e-05
-2.31051e-05
4.61337e-05
-2.21865e-05
5.00673e-05
-2.1011e-05
5.36606e-05
-1.95935e-05
5.68812e-05
-1.7948e-05
5.96969e-05
-1.60867e-05
6.20735e-05
-1.40196e-05
6.39712e-05
-1.17514e-05
6.53371e-05
-9.27441e-06
6.60877e-05
-6.54971e-06
6.60618e-05
-3.47728e-06
6.48586e-05
6.05734e-05
-1.86288e-05
-2.03855e-05
-2.15735e-05
-2.22975e-05
-2.26239e-05
-2.26009e-05
-2.22648e-05
-2.16441e-05
-2.07631e-05
-1.9643e-05
-1.8303e-05
-1.67613e-05
-1.50349e-05
-1.31388e-05
-1.10838e-05
-8.86785e-06
-6.44745e-06
-3.64725e-06
)
;

boundaryField
{
    leftWall
    {
        type            calculated;
        value           uniform 0;
    }
    rightWall
    {
        type            calculated;
        value           uniform 0;
    }
    lowerWall
    {
        type            calculated;
        value           uniform 0;
    }
    atmosphere
    {
        type            calculated;
        value           nonuniform List<scalar> 
46
(
-3.99694e-05
-6.14583e-05
-5.87139e-05
-5.7526e-05
-5.65639e-05
-5.55862e-05
-5.44836e-05
-5.31949e-05
-5.16821e-05
-4.99222e-05
-4.79009e-05
-4.56092e-05
-4.30408e-05
-4.01909e-05
-3.70547e-05
-3.36261e-05
-2.98963e-05
-2.5852e-05
-2.14757e-05
-1.67541e-05
-1.17108e-05
-6.51324e-06
-1.98694e-06
9.41332e-07
2.22414e-06
3.31812e-06
4.33662e-06
1.39726e-05
1.88642e-05
2.36747e-05
2.83785e-05
3.29502e-05
3.73562e-05
4.1557e-05
4.55131e-05
4.91863e-05
5.25404e-05
5.55413e-05
5.81553e-05
6.03471e-05
6.20752e-05
6.32822e-05
6.38717e-05
6.36414e-05
6.20584e-05
5.69262e-05
)
;
    }
    defaultFaces
    {
        type            empty;
    }
}


// ************************************************************************* //
