/*--------------------------------*- C++ -*----------------------------------*\
  =========                 |
  \\      /  F ield         | OpenFOAM: The Open Source CFD Toolbox
   \\    /   O peration     | Website:  https://openfoam.org
    \\  /    A nd           | Version:  13
     \\/     M anipulation  |
\*---------------------------------------------------------------------------*/
FoamFile
{
    format      ascii;
    class       surfaceScalarField;
    location    "1.65";
    object      phi;
}
// * * * * * * * * * * * * * * * * * * * * * * * * * * * * * * * * * * * * * //

dimensions      [0 3 -1 0 0 0 0];

internalField   nonuniform List<scalar> 
4432
(
-1.51059e-06
1.51059e-06
-1.89486e-06
3.84276e-07
-2.02692e-06
1.32064e-07
-2.20508e-06
1.78156e-07
-2.47637e-06
2.71285e-07
-2.85579e-06
3.79421e-07
-3.35504e-06
4.99247e-07
-3.97058e-06
6.1555e-07
-4.68373e-06
7.13143e-07
-5.45741e-06
7.73681e-07
-6.24042e-06
7.83016e-07
-6.99107e-06
7.50653e-07
-7.6521e-06
6.61034e-07
-8.1582e-06
5.061e-07
-8.46031e-06
3.0211e-07
-8.55132e-06
9.10157e-08
-8.44615e-06
-1.05174e-07
-8.153e-06
-2.9315e-07
-7.72506e-06
-4.27939e-07
-7.136e-06
-5.89058e-07
-6.09141e-06
-1.04459e-06
-4.20378e-06
-1.88763e-06
-4.20378e-06
-7.68274e-07
2.27887e-06
-1.04866e-06
6.6466e-07
-1.35797e-06
4.41374e-07
-1.68519e-06
5.05375e-07
-2.05109e-06
6.37178e-07
-2.49543e-06
8.23756e-07
-3.04584e-06
1.04965e-06
-3.70783e-06
1.27753e-06
-4.47045e-06
1.47575e-06
-5.30208e-06
1.60531e-06
-6.15619e-06
1.63712e-06
-6.98213e-06
1.57659e-06
-7.71981e-06
1.39872e-06
-8.30677e-06
1.09307e-06
-8.68641e-06
6.81746e-07
-8.82364e-06
2.28249e-07
-8.67952e-06
-2.49294e-07
-8.23276e-06
-7.39908e-07
-7.50091e-06
-1.15979e-06
-6.47873e-06
-1.61124e-06
-5.08966e-06
-2.43366e-06
-3.15798e-06
-3.81931e-06
-7.36176e-06
-2.19559e-07
2.49843e-06
-5.56566e-07
1.00167e-06
-9.77859e-07
8.62666e-07
-1.39299e-06
9.20508e-07
-1.81832e-06
1.0625e-06
-2.30204e-06
1.30748e-06
-2.88e-06
1.62761e-06
-3.56189e-06
1.95942e-06
-4.34009e-06
2.25394e-06
-5.18796e-06
2.45318e-06
-6.06117e-06
2.51032e-06
-6.90736e-06
2.42278e-06
-7.66606e-06
2.15742e-06
-8.27763e-06
1.70464e-06
-8.68048e-06
1.0846e-06
-8.82866e-06
3.76432e-07
-8.66241e-06
-4.15543e-07
-8.14065e-06
-1.26167e-06
-7.28039e-06
-2.02006e-06
-6.09928e-06
-2.79236e-06
-4.58238e-06
-3.95056e-06
-2.64401e-06
-5.75769e-06
-1.00058e-05
2.30683e-07
2.26775e-06
-2.26325e-07
1.45867e-06
-7.26949e-07
1.36329e-06
-1.1946e-06
1.38815e-06
-1.65826e-06
1.52615e-06
-2.17008e-06
1.81929e-06
-2.76716e-06
2.22468e-06
-3.45974e-06
2.65199e-06
-4.24422e-06
3.03841e-06
-5.09326e-06
3.3022e-06
-5.9645e-06
3.38156e-06
-6.80691e-06
3.26518e-06
-7.55927e-06
2.90977e-06
-8.16389e-06
2.30925e-06
-8.56082e-06
1.48152e-06
-8.70267e-06
5.18286e-07
-8.5134e-06
-6.04822e-07
-7.93891e-06
-1.83616e-06
-7.00765e-06
-2.95131e-06
-5.75797e-06
-4.04204e-06
-4.19809e-06
-5.51044e-06
-2.2945e-06
-7.66128e-06
-1.23003e-05
3.72023e-07
1.89572e-06
-6.25183e-08
1.89321e-06
-5.51329e-07
1.8521e-06
-1.03898e-06
1.87579e-06
-1.53345e-06
2.02062e-06
-2.07152e-06
2.35736e-06
-2.68581e-06
2.83896e-06
-3.39405e-06
3.36023e-06
-4.16545e-06
3.8098e-06
-4.99228e-06
4.12903e-06
-5.84175e-06
4.23102e-06
-6.6605e-06
4.08393e-06
-7.38623e-06
3.6355e-06
-7.96657e-06
2.88959e-06
-8.33502e-06
1.84996e-06
-8.44942e-06
6.32691e-07
-8.22592e-06
-8.28327e-07
-7.60376e-06
-2.45831e-06
-6.62524e-06
-3.92983e-06
-5.34396e-06
-5.32332e-06
-3.78653e-06
-7.06787e-06
-1.96952e-06
-9.47829e-06
-1.42698e-05
6.62504e-08
1.82949e-06
-1.58574e-08
1.97533e-06
-3.99954e-07
2.2362e-06
-8.89859e-07
2.3657e-06
-1.41754e-06
2.5483e-06
-1.98267e-06
2.92248e-06
-2.60419e-06
3.46049e-06
-3.31334e-06
4.06937e-06
-4.06284e-06
4.55929e-06
-4.85349e-06
4.91967e-06
-5.67294e-06
5.05047e-06
-6.45899e-06
4.86997e-06
-7.1474e-06
4.32389e-06
-7.66478e-06
3.40696e-06
-7.97128e-06
2.15645e-06
-8.04318e-06
7.04585e-07
-7.78305e-06
-1.08846e-06
-7.1154e-06
-3.12596e-06
-6.09597e-06
-4.94925e-06
-4.79012e-06
-6.62917e-06
-3.24101e-06
-8.61698e-06
-1.52185e-06
-1.11974e-05
-1.57916e-05
9.84763e-07
8.44736e-07
9.37167e-07
2.02293e-06
6.01823e-07
2.57154e-06
7.25739e-08
2.89495e-06
-5.61142e-07
3.18202e-06
-1.24818e-06
3.60951e-06
-1.97848e-06
4.19078e-06
-2.76207e-06
4.85295e-06
-3.61381e-06
5.41102e-06
-4.47178e-06
5.77761e-06
-5.33937e-06
5.91804e-06
-6.11038e-06
5.64095e-06
-6.7399e-06
4.95339e-06
-7.17843e-06
3.84548e-06
-7.42431e-06
2.40232e-06
-7.46675e-06
7.47018e-07
-7.14911e-06
-1.4061e-06
-6.43964e-06
-3.83544e-06
-5.39949e-06
-5.9894e-06
-4.06223e-06
-7.96643e-06
-2.48396e-06
-1.01952e-05
-7.8598e-07
-1.28954e-05
-1.65776e-05
1.54989e-06
-7.05143e-07
1.81335e-06
1.75947e-06
1.61948e-06
2.76542e-06
1.2059e-06
3.30853e-06
6.80631e-07
3.70729e-06
1.09498e-07
4.18064e-06
-4.80324e-07
4.7806e-06
-1.09563e-06
5.46825e-06
-1.79461e-06
6.11e-06
-2.61564e-06
6.59863e-06
-3.55147e-06
6.85385e-06
-4.54212e-06
6.63158e-06
-5.44371e-06
5.85498e-06
-6.14777e-06
4.54952e-06
-6.52172e-06
2.77626e-06
-6.53565e-06
7.60947e-07
-6.13719e-06
-1.80457e-06
-5.48412e-06
-4.48851e-06
-4.47756e-06
-6.99595e-06
-3.08249e-06
-9.36149e-06
-1.43375e-06
-1.1844e-05
2.62983e-07
-1.45921e-05
-1.63146e-05
5.55985e-06
-5.55985e-06
9.86466e-06
-4.30482e-06
1.22018e-05
-2.3371e-06
1.34144e-05
-1.21268e-06
1.31468e-05
2.67659e-07
1.28039e-05
3.42933e-07
1.26518e-05
1.52085e-07
1.16606e-05
9.91204e-07
9.0525e-06
2.60808e-06
5.21588e-06
3.83662e-06
1.4118e-06
3.80409e-06
-7.52075e-07
2.16388e-06
-1.77852e-06
1.02644e-06
-2.0721e-06
2.9359e-07
-2.17903e-06
1.0693e-07
-1.86639e-06
-3.12637e-07
-1.42004e-06
-4.46353e-07
-1.90117e-07
-1.22992e-06
-1.90115e-07
3.73821e-06
-9.29804e-06
7.46695e-06
-8.03354e-06
1.03331e-05
-5.20327e-06
1.1688e-05
-2.56751e-06
1.22606e-05
-3.05004e-07
1.25871e-05
1.64355e-08
1.23647e-05
3.74539e-07
1.13518e-05
2.00408e-06
9.00638e-06
4.95349e-06
6.19779e-06
6.6452e-06
3.51845e-06
6.48343e-06
1.46972e-06
4.21261e-06
1.37173e-07
2.35899e-06
-5.06961e-07
9.37727e-07
-6.32286e-07
2.32259e-07
-7.20859e-07
-2.2406e-07
-1.00822e-06
-1.58985e-07
-1.04589e-06
-1.19224e-06
-1.236e-06
2.25467e-06
-1.15527e-05
5.40114e-06
-1.118e-05
8.66488e-06
-8.46701e-06
1.13049e-05
-5.20748e-06
1.25867e-05
-1.58686e-06
1.27422e-05
-1.39047e-07
1.23548e-05
7.6197e-07
1.12242e-05
3.13469e-06
9.32426e-06
6.85339e-06
6.65058e-06
9.31888e-06
4.60226e-06
8.53174e-06
2.96782e-06
5.84705e-06
1.83005e-06
3.49676e-06
1.14567e-06
1.6221e-06
9.34357e-07
4.4358e-07
6.43697e-07
6.66022e-08
1.45852e-07
3.38864e-07
-5.2297e-07
-5.23419e-07
-1.75897e-06
2.01605e-06
-1.35687e-05
5.50582e-06
-1.46698e-05
7.87641e-06
-1.08376e-05
1.10524e-05
-8.38341e-06
1.33051e-05
-3.8396e-06
1.34063e-05
-2.40222e-07
1.27158e-05
1.45248e-06
1.11562e-05
4.69428e-06
9.29934e-06
8.71021e-06
7.28477e-06
1.13334e-05
5.66682e-06
1.01497e-05
4.29764e-06
7.21623e-06
3.30452e-06
4.48988e-06
2.95436e-06
1.97227e-06
2.64276e-06
7.55189e-07
2.20387e-06
5.05493e-07
1.95326e-06
5.89484e-07
1.78512e-06
-3.55269e-07
2.61727e-08
6.48662e-06
-2.00554e-05
1.0473e-05
-1.86561e-05
9.38916e-06
-9.75377e-06
1.08606e-05
-9.85486e-06
1.36552e-05
-6.63415e-06
1.49599e-05
-1.54493e-06
1.39801e-05
2.43228e-06
1.17902e-05
6.88413e-06
9.57325e-06
1.09272e-05
8.24489e-06
1.26618e-05
7.24996e-06
1.11446e-05
6.0975e-06
8.3687e-06
5.16977e-06
5.41761e-06
4.97942e-06
2.16262e-06
4.709e-06
1.02562e-06
3.86972e-06
1.34477e-06
2.91042e-06
1.54878e-06
2.25682e-06
2.9834e-07
2.28299e-06
1.2364e-05
-3.24194e-05
1.7034e-05
-2.33262e-05
1.37447e-05
-6.46445e-06
1.17285e-05
-7.83865e-06
1.3184e-05
-8.08965e-06
1.59466e-05
-4.30754e-06
1.59082e-05
2.47067e-06
1.4002e-05
8.79028e-06
1.19687e-05
1.29605e-05
1.04787e-05
1.41518e-05
9.55306e-06
1.20703e-05
8.74228e-06
9.17948e-06
8.18869e-06
5.97121e-06
7.72557e-06
2.62575e-06
7.32603e-06
1.42516e-06
5.86281e-06
2.808e-06
3.23952e-06
4.17209e-06
4.0424e-07
3.13363e-06
2.68726e-06
1.61575e-05
-4.85769e-05
2.0531e-05
-2.76997e-05
1.82733e-05
-4.20686e-06
1.34836e-05
-3.04892e-06
1.33181e-05
-7.9242e-06
1.52976e-05
-6.287e-06
1.6205e-05
1.56328e-06
1.50264e-05
9.96883e-06
1.37816e-05
1.42054e-05
1.30137e-05
1.49198e-05
1.23438e-05
1.27402e-05
1.17131e-05
9.81017e-06
1.10595e-05
6.62485e-06
1.03266e-05
3.35862e-06
9.59905e-06
2.15272e-06
7.84653e-06
4.56051e-06
3.78277e-06
8.23585e-06
-3.23865e-07
7.24027e-06
2.3634e-06
1.84481e-05
-6.7025e-05
2.11254e-05
-3.0377e-05
2.02925e-05
-3.37401e-06
1.56391e-05
1.60448e-06
1.37301e-05
-6.01518e-06
1.44635e-05
-7.02039e-06
1.56761e-05
3.50684e-07
1.51617e-05
1.04832e-05
1.46553e-05
1.47118e-05
1.43972e-05
1.51778e-05
1.40781e-05
1.30593e-05
1.3629e-05
1.02593e-05
1.29578e-05
7.29606e-06
1.19912e-05
4.32519e-06
1.08403e-05
3.3036e-06
8.96535e-06
6.43546e-06
4.49132e-06
1.27099e-05
2.62873e-08
1.17053e-05
2.3897e-06
3.83825e-06
-4.54339e-06
5.03964e-06
5.58074e-07
5.03099e-06
2.77407e-06
4.5166e-06
3.82293e-06
3.78315e-06
4.44075e-06
2.97667e-06
4.98713e-06
2.19804e-06
5.55923e-06
1.51369e-06
6.15261e-06
9.16557e-07
6.70714e-06
3.33208e-07
7.18199e-06
-3.00106e-07
7.48717e-06
-1.11005e-06
7.44152e-06
-2.19233e-06
6.93724e-06
-3.60335e-06
5.96053e-06
-5.24735e-06
4.42026e-06
-6.70189e-06
2.21548e-06
-7.60566e-06
-9.00798e-07
-7.56378e-06
-4.53039e-06
-5.65165e-06
-8.90808e-06
-2.37186e-06
-1.26413e-05
1.42526e-06
-1.56411e-05
5.06117e-06
-1.8228e-05
-2.00193e-05
8.7659e-06
2.88752e-06
-7.43092e-06
3.71604e-06
-2.70452e-07
3.86677e-06
2.62334e-06
3.81156e-06
3.87813e-06
3.67196e-06
4.58034e-06
3.48298e-06
5.17611e-06
3.33461e-06
5.70759e-06
3.32072e-06
6.1665e-06
3.48142e-06
6.54645e-06
3.80386e-06
6.85955e-06
4.22637e-06
7.06467e-06
4.67183e-06
6.99607e-06
5.14376e-06
6.46532e-06
5.73333e-06
5.37096e-06
6.49005e-06
3.66354e-06
7.34127e-06
1.36426e-06
8.07903e-06
-1.63857e-06
8.93077e-06
-5.38214e-06
9.82604e-06
-9.80336e-06
1.14998e-05
-1.4315e-05
1.44661e-05
-1.86075e-05
1.88673e-05
-2.26292e-05
-2.62156e-05
2.50636e-05
7.86348e-07
-8.21727e-06
8.55185e-07
-3.39296e-07
1.0835e-06
2.39502e-06
1.47898e-06
3.48265e-06
1.896e-06
4.16331e-06
2.26165e-06
4.81046e-06
2.65572e-06
5.31353e-06
3.19598e-06
5.62623e-06
3.96522e-06
5.77721e-06
4.95769e-06
5.86708e-06
6.12423e-06
5.89814e-06
7.4335e-06
5.6868e-06
8.93846e-06
4.96037e-06
1.07072e-05
3.60224e-06
1.27832e-05
1.58753e-06
1.50264e-05
-8.7893e-07
1.72312e-05
-3.84339e-06
1.93358e-05
-7.48667e-06
2.1338e-05
-1.18056e-05
2.35585e-05
-1.65354e-05
2.62201e-05
-2.12691e-05
2.91787e-05
-2.55878e-05
-2.91336e-05
3.20967e-05
-1.86038e-06
-6.35691e-06
-2.4175e-06
2.17809e-07
-1.9773e-06
1.95481e-06
-1.1986e-06
2.70394e-06
-3.46055e-07
3.31075e-06
2.95244e-07
4.16915e-06
1.04334e-06
4.56543e-06
2.06061e-06
4.60895e-06
3.30492e-06
4.5329e-06
4.77417e-06
4.39784e-06
6.48729e-06
4.18502e-06
8.46868e-06
3.70542e-06
1.07359e-05
2.69317e-06
1.3274e-05
1.06412e-06
1.60604e-05
-1.19882e-06
1.89926e-05
-3.81113e-06
2.18643e-05
-6.71502e-06
2.46075e-05
-1.02299e-05
2.70974e-05
-1.42955e-05
2.93366e-05
-1.87746e-05
3.13406e-05
-2.32731e-05
3.30271e-05
-2.72742e-05
-3.02708e-05
3.41643e-05
-5.3975e-06
-9.59421e-07
-5.38901e-06
2.09301e-07
-4.66121e-06
1.22699e-06
-3.7626e-06
1.80532e-06
-2.73748e-06
2.28561e-06
-2.026e-06
3.45765e-06
-1.11849e-06
3.65791e-06
2.82093e-07
3.20835e-06
1.98263e-06
2.83236e-06
3.89505e-06
2.48541e-06
6.09075e-06
1.98933e-06
8.64868e-06
1.1475e-06
1.15263e-05
-1.84465e-07
1.46491e-05
-2.05864e-06
1.78483e-05
-4.39801e-06
2.10709e-05
-7.03365e-06
2.4261e-05
-9.90505e-06
2.7302e-05
-1.32709e-05
3.00163e-05
-1.70097e-05
3.2161e-05
-2.09192e-05
3.35785e-05
-2.46906e-05
3.41706e-05
-2.78663e-05
-3.0052e-05
3.39518e-05
-5.97596e-06
5.01652e-06
-6.16864e-06
4.0196e-07
-6.173e-06
1.23132e-06
-5.9971e-06
1.6294e-06
-5.57914e-06
1.86762e-06
-4.64726e-06
2.52575e-06
-3.39843e-06
2.40907e-06
-1.84277e-06
1.65268e-06
1.12176e-07
8.77394e-07
2.45613e-06
1.41448e-07
5.15037e-06
-7.04916e-07
8.18551e-06
-1.88764e-06
1.14788e-05
-3.47773e-06
1.49237e-05
-5.50358e-06
1.83847e-05
-7.85894e-06
2.18096e-05
-1.04585e-05
2.52192e-05
-1.33146e-05
2.84042e-05
-1.64558e-05
3.1208e-05
-1.98135e-05
3.33981e-05
-2.31093e-05
3.47907e-05
-2.6083e-05
3.53153e-05
-2.83909e-05
-2.95829e-05
3.48463e-05
-4.67222e-07
5.48373e-06
-1.94785e-06
1.88257e-06
-4.25246e-06
3.53591e-06
-6.08014e-06
3.45706e-06
-6.65212e-06
2.43959e-06
-5.99988e-06
1.87349e-06
-4.70395e-06
1.11313e-06
-3.05491e-06
3.62679e-09
-9.80282e-07
-1.19724e-06
1.56058e-06
-2.39942e-06
4.53479e-06
-3.67912e-06
7.83389e-06
-5.18673e-06
1.13614e-05
-7.00527e-06
1.50005e-05
-9.14262e-06
1.86835e-05
-1.15419e-05
2.2369e-05
-1.4144e-05
2.59668e-05
-1.69124e-05
2.93159e-05
-1.98048e-05
3.22063e-05
-2.27038e-05
3.44788e-05
-2.53818e-05
3.59799e-05
-2.75841e-05
3.66169e-05
-2.90277e-05
-2.92217e-05
3.62557e-05
8.64754e-06
-3.16381e-06
7.78119e-06
2.74892e-06
2.44582e-06
8.87125e-06
-3.09888e-06
9.00175e-06
-5.61049e-06
4.9512e-06
-5.79749e-06
2.06049e-06
-4.80454e-06
1.20187e-07
-3.18093e-06
-1.61998e-06
-1.04181e-06
-3.33636e-06
1.60543e-06
-5.04665e-06
4.6959e-06
-6.76958e-06
8.13013e-06
-8.62096e-06
1.17991e-05
-1.06743e-05
1.56078e-05
-1.29513e-05
1.94816e-05
-1.54156e-05
2.33684e-05
-1.80308e-05
2.71735e-05
-2.07175e-05
3.07258e-05
-2.33571e-05
3.38048e-05
-2.57827e-05
3.61601e-05
-2.7737e-05
3.75652e-05
-2.8989e-05
3.78369e-05
-2.92993e-05
-2.78635e-05
3.6479e-05
9.93379e-06
-1.30975e-05
1.66825e-05
-3.99977e-06
1.45835e-05
1.09703e-05
3.29808e-06
2.02871e-05
-3.26584e-06
1.15152e-05
-4.771e-06
3.5657e-06
-3.80881e-06
-8.41939e-07
-2.07836e-06
-3.35037e-06
9.32419e-08
-5.50791e-06
2.80622e-06
-7.75956e-06
6.06749e-06
-1.00308e-05
9.72693e-06
-1.22803e-05
1.36176e-05
-1.45648e-05
1.76262e-05
-1.69598e-05
2.16902e-05
-1.94795e-05
2.57419e-05
-2.20824e-05
2.96471e-05
-2.46225e-05
3.31604e-05
-2.68703e-05
3.59719e-05
-2.8594e-05
3.78239e-05
-2.95887e-05
3.85563e-05
-2.97211e-05
3.83223e-05
-2.90646e-05
-2.6403e-05
3.68621e-05
-4.53483e-06
-8.56238e-06
6.36464e-06
-1.48991e-05
1.70861e-05
2.48905e-07
1.7406e-05
1.99674e-05
9.05866e-06
1.98627e-05
2.96924e-06
9.65531e-06
3.82819e-07
1.74468e-06
1.27746e-07
-3.09512e-06
1.35245e-06
-6.73245e-06
3.6876e-06
-1.00945e-05
6.88586e-06
-1.32289e-05
1.02355e-05
-1.56298e-05
1.33569e-05
-1.76861e-05
1.63084e-05
-1.99111e-05
1.91387e-05
-2.23096e-05
2.18014e-05
-2.47449e-05
2.42119e-05
-2.70328e-05
2.62751e-05
-2.89334e-05
2.78871e-05
-3.02058e-05
2.89207e-05
-3.06219e-05
2.92779e-05
-3.00777e-05
2.89123e-05
-2.86991e-05
-2.37926e-05
2.63015e-05
2.97059e-06
-1.15325e-05
-4.24979e-06
-7.67849e-06
1.25296e-06
-5.25367e-06
5.86941e-06
1.53512e-05
6.56188e-06
1.91704e-05
4.74015e-06
1.14773e-05
2.94108e-06
3.54393e-06
2.32015e-06
-2.47404e-06
2.88961e-06
-7.30177e-06
4.55859e-06
-1.17634e-05
6.82387e-06
-1.54941e-05
9.26391e-06
-1.80697e-05
1.14177e-05
-1.98398e-05
1.32768e-05
-2.17701e-05
1.48817e-05
-2.39144e-05
1.61901e-05
-2.60533e-05
1.71348e-05
-2.79775e-05
1.76839e-05
-2.94825e-05
1.78307e-05
-3.03526e-05
1.75863e-05
-3.03775e-05
1.69036e-05
-2.93952e-05
1.55201e-05
-2.73158e-05
-2.27314e-05
1.4458e-05
-1.73245e-06
-9.79968e-06
-4.208e-06
-5.2026e-06
-8.17865e-06
-1.28274e-06
-3.62715e-06
1.08e-05
1.07482e-06
1.44687e-05
2.77513e-06
9.77716e-06
2.98043e-06
3.3388e-06
3.04402e-06
-2.53748e-06
3.48143e-06
-7.73906e-06
4.56814e-06
-1.285e-05
5.86037e-06
-1.67862e-05
7.28806e-06
-1.94973e-05
8.55758e-06
-2.11092e-05
9.55626e-06
-2.27687e-05
1.03069e-05
-2.46651e-05
1.07443e-05
-2.64906e-05
1.0832e-05
-2.80652e-05
1.05605e-05
-2.92112e-05
9.97504e-06
-2.97673e-05
9.14884e-06
-2.95514e-05
8.17304e-06
-2.84195e-05
7.16483e-06
-2.6308e-05
-2.28359e-05
7.2684e-06
-3.34943e-06
-6.44983e-06
-6.33324e-06
-2.21845e-06
-9.20586e-06
1.59016e-06
-6.47829e-06
8.07264e-06
-2.08557e-06
1.00762e-05
6.51694e-07
7.04009e-06
1.96901e-06
2.02164e-06
2.64692e-06
-3.21525e-06
3.16238e-06
-8.25441e-06
3.59738e-06
-1.32849e-05
4.1311e-06
-1.73198e-05
4.68857e-06
-2.00547e-05
5.19946e-06
-2.162e-05
5.58583e-06
-2.3155e-05
5.7621e-06
-2.48413e-05
5.6724e-06
-2.64009e-05
5.29221e-06
-2.76851e-05
4.63318e-06
-2.85522e-05
3.7457e-06
-2.88799e-05
2.72505e-06
-2.85307e-05
1.70634e-06
-2.7401e-05
8.69565e-07
-2.54716e-05
-2.27714e-05
8.04168e-07
-4.24693e-06
-2.20251e-06
-6.96228e-06
4.972e-07
-8.47124e-06
3.09938e-06
-6.6654e-06
6.26704e-06
-3.49244e-06
6.90344e-06
-9.43009e-07
4.49083e-06
6.46691e-07
4.32093e-07
1.55904e-06
-4.12747e-06
2.07238e-06
-8.76764e-06
2.07975e-06
-1.32922e-05
1.94076e-06
-1.71808e-05
1.79252e-06
-1.99064e-05
1.72061e-06
-2.15481e-05
1.64283e-06
-2.30772e-05
1.39076e-06
-2.45892e-05
9.27238e-07
-2.59374e-05
2.34766e-07
-2.69926e-05
-6.63822e-07
-2.76537e-05
-1.72008e-06
-2.78237e-05
-2.84345e-06
-2.74073e-05
-3.90719e-06
-2.63373e-05
-4.73083e-06
-2.46482e-05
-2.25386e-05
-4.96433e-06
-4.06203e-06
1.85989e-06
-6.42323e-06
2.85869e-06
-7.33949e-06
4.01588e-06
-6.20261e-06
5.13035e-06
-4.0581e-06
4.75911e-06
-2.08454e-06
2.51743e-06
-7.11903e-07
-9.40406e-07
9.95792e-08
-4.93883e-06
4.23444e-07
-9.0914e-06
2.44159e-07
-1.31128e-05
-3.19858e-07
-1.66167e-05
-9.69581e-07
-1.92566e-05
-1.47252e-06
-2.1045e-05
-1.95512e-06
-2.25945e-05
-2.55574e-06
-2.39885e-05
-3.32764e-06
-2.51654e-05
-4.27366e-06
-2.60466e-05
-5.37236e-06
-2.6555e-05
-6.57583e-06
-2.66202e-05
-7.79979e-06
-2.61832e-05
-8.92357e-06
-2.52135e-05
-9.80896e-06
-2.37628e-05
-2.2021e-05
-1.03273e-05
-3.45564e-06
5.31584e-06
-5.46187e-06
4.86517e-06
-6.20237e-06
4.75659e-06
-5.6185e-06
4.54666e-06
-4.29634e-06
3.43712e-06
-2.96109e-06
1.18231e-06
-1.9814e-06
-1.91996e-06
-1.45072e-06
-5.4694e-06
-1.38503e-06
-9.15699e-06
-1.77478e-06
-1.2723e-05
-2.53163e-06
-1.58597e-05
-3.4349e-06
-1.83532e-05
-4.24444e-06
-2.02354e-05
-5.05389e-06
-2.1785e-05
-5.95524e-06
-2.30871e-05
-6.98198e-06
-2.41387e-05
-8.13875e-06
-2.48898e-05
-9.40531e-06
-2.52885e-05
-1.07368e-05
-2.52887e-05
-1.20631e-05
-2.48567e-05
-1.32918e-05
-2.39847e-05
-1.43252e-05
-2.27296e-05
-2.12229e-05
-1.51239e-05
-2.84943e-06
8.16555e-06
-4.56761e-06
6.58357e-06
-5.29403e-06
5.48319e-06
-5.11749e-06
4.37028e-06
-4.41411e-06
2.73388e-06
-3.63519e-06
4.03521e-07
-3.07043e-06
-2.48462e-06
-2.8477e-06
-5.69203e-06
-3.01516e-06
-8.98945e-06
-3.58e-06
-1.2158e-05
-4.45132e-06
-1.49883e-05
-5.4711e-06
-1.73334e-05
-6.50836e-06
-1.91981e-05
-7.57217e-06
-2.07211e-05
-8.70904e-06
-2.19502e-05
-9.94297e-06
-2.29047e-05
-1.12737e-05
-2.35591e-05
-1.26811e-05
-2.38811e-05
-1.41266e-05
-2.38431e-05
-1.55542e-05
-2.3429e-05
-1.68969e-05
-2.2642e-05
-1.80908e-05
-2.15357e-05
-2.01902e-05
-1.91243e-05
-2.40621e-06
1.0572e-05
-3.89076e-06
8.0683e-06
-4.61975e-06
6.21234e-06
-4.72241e-06
4.47308e-06
-4.45269e-06
2.46428e-06
-4.10315e-06
5.4087e-08
-3.89067e-06
-2.69701e-06
-3.93867e-06
-5.64395e-06
-4.30442e-06
-8.62362e-06
-4.99043e-06
-1.1472e-05
-5.9412e-06
-1.40375e-05
-7.05213e-06
-1.62224e-05
-8.23156e-06
-1.80186e-05
-9.47234e-06
-1.94803e-05
-1.07821e-05
-2.06404e-05
-1.21701e-05
-2.15167e-05
-1.36313e-05
-2.20979e-05
-1.51459e-05
-2.23665e-05
-1.66809e-05
-2.23081e-05
-1.81939e-05
-2.19158e-05
-1.96364e-05
-2.11995e-05
-2.09644e-05
-2.02078e-05
-1.89783e-05
-2.21768e-05
-2.06974e-06
1.26419e-05
-3.36199e-06
9.3607e-06
-4.07696e-06
6.92744e-06
-4.35073e-06
4.74696e-06
-4.36614e-06
2.4798e-06
-4.32154e-06
9.57434e-09
-4.37669e-06
-2.64177e-06
-4.6364e-06
-5.38417e-06
-5.15384e-06
-8.10612e-06
-5.93603e-06
-1.06897e-05
-6.9446e-06
-1.30289e-05
-8.11311e-06
-1.50538e-05
-9.38439e-06
-1.67473e-05
-1.07349e-05
-1.81297e-05
-1.21556e-05
-1.92196e-05
-1.36442e-05
-2.0028e-05
-1.51904e-05
-2.05517e-05
-1.67742e-05
-2.07827e-05
-1.83682e-05
-2.07141e-05
-1.99387e-05
-2.03452e-05
-2.14505e-05
-1.96877e-05
-2.28724e-05
-1.87859e-05
-1.76555e-05
-2.4196e-05
-1.75972e-06
1.44017e-05
-2.86769e-06
1.04688e-05
-3.53547e-06
7.5953e-06
-3.89431e-06
5.10589e-06
-4.08215e-06
2.66772e-06
-4.23898e-06
1.66482e-07
-4.48201e-06
-2.39868e-06
-4.89439e-06
-4.97173e-06
-5.52106e-06
-7.47939e-06
-6.37052e-06
-9.84022e-06
-7.41899e-06
-1.19803e-05
-8.62333e-06
-1.38494e-05
-9.94188e-06
-1.54287e-05
-1.1349e-05
-1.67225e-05
-1.2829e-05
-1.77396e-05
-1.43704e-05
-1.84866e-05
-1.59589e-05
-1.89633e-05
-1.75748e-05
-1.91669e-05
-1.91936e-05
-1.90953e-05
-2.07891e-05
-1.87497e-05
-2.23334e-05
-1.81433e-05
-2.38013e-05
-1.73183e-05
-1.62718e-05
-2.51855e-05
-1.4085e-06
1.58103e-05
-2.30907e-06
1.13694e-05
-2.88993e-06
8.17623e-06
-3.26588e-06
5.4819e-06
-3.54246e-06
2.94436e-06
-3.8204e-06
4.44481e-07
-4.18458e-06
-2.03445e-06
-4.69815e-06
-4.45812e-06
-5.39663e-06
-6.78087e-06
-6.28803e-06
-8.94878e-06
-7.35692e-06
-1.09114e-05
-8.57362e-06
-1.26327e-05
-9.90671e-06
-1.40956e-05
-1.13315e-05
-1.52977e-05
-1.2829e-05
-1.62422e-05
-1.43831e-05
-1.69325e-05
-1.59769e-05
-1.73695e-05
-1.75906e-05
-1.75531e-05
-1.9203e-05
-1.74829e-05
-2.07903e-05
-1.71622e-05
-2.23303e-05
-1.66033e-05
-2.3802e-05
-1.58466e-05
-1.48845e-05
-2.51899e-05
-9.81281e-07
1.67915e-05
-1.63146e-06
1.20196e-05
-2.08229e-06
8.6271e-06
-2.42091e-06
5.82056e-06
-2.72373e-06
3.24722e-06
-3.06169e-06
7.82485e-07
-3.49414e-06
-1.60196e-06
-4.06643e-06
-3.8858e-06
-4.80469e-06
-6.04258e-06
-5.71472e-06
-8.03872e-06
-6.78522e-06
-9.84089e-06
-7.99412e-06
-1.14238e-05
-9.31624e-06
-1.27734e-05
-1.07286e-05
-1.38853e-05
-1.22113e-05
-1.47595e-05
-1.37461e-05
-1.53977e-05
-1.53147e-05
-1.5801e-05
-1.68978e-05
-1.59701e-05
-1.84747e-05
-1.5906e-05
-2.00255e-05
-1.56114e-05
-2.15294e-05
-1.50993e-05
-2.29667e-05
-1.44094e-05
-1.35261e-05
-2.43257e-05
-4.68735e-07
1.72603e-05
-8.22657e-07
1.23735e-05
-1.10628e-06
8.91073e-06
-1.36465e-06
6.07896e-06
-1.64595e-06
3.52854e-06
-1.99658e-06
1.13315e-06
-2.45536e-06
-1.14316e-06
-3.05158e-06
-3.28956e-06
-3.80226e-06
-5.29189e-06
-4.70988e-06
-7.13109e-06
-5.76447e-06
-8.78629e-06
-6.9479e-06
-1.02403e-05
-8.23874e-06
-1.14826e-05
-9.61575e-06
-1.25082e-05
-1.1059e-05
-1.33162e-05
-1.25497e-05
-1.3907e-05
-1.40691e-05
-1.42816e-05
-1.55982e-05
-1.4441e-05
-1.71179e-05
-1.43862e-05
-1.86086e-05
-1.41205e-05
-2.00519e-05
-1.36561e-05
-2.14306e-05
-1.30307e-05
-1.22305e-05
-2.27268e-05
1.09434e-07
1.71507e-05
7.83697e-08
1.24045e-05
-7.41257e-09
8.99649e-06
-1.5002e-07
6.22156e-06
-3.71066e-07
3.74959e-06
-6.95928e-07
1.45802e-06
-1.14598e-06
-6.93098e-07
-1.73646e-06
-2.69907e-06
-2.47533e-06
-4.553e-06
-3.3612e-06
-6.24521e-06
-4.3835e-06
-7.76397e-06
-5.5258e-06
-9.09802e-06
-6.76874e-06
-1.02396e-05
-8.09247e-06
-1.11845e-05
-9.47762e-06
-1.1931e-05
-1.09054e-05
-1.24792e-05
-1.23574e-05
-1.28296e-05
-1.38151e-05
-1.29833e-05
-1.52597e-05
-1.29416e-05
-1.66735e-05
-1.27066e-05
-1.80391e-05
-1.22904e-05
-1.93405e-05
-1.17295e-05
-1.10053e-05
-2.05662e-05
6.77752e-07
1.64729e-05
9.93486e-07
1.20887e-05
1.13021e-06
8.85972e-06
1.13094e-06
6.2208e-06
1.00135e-06
3.87917e-06
7.35673e-07
1.72369e-06
3.27041e-07
-2.8447e-07
-2.28476e-07
-2.14356e-06
-9.32213e-07
-3.84927e-06
-1.77785e-06
-5.39957e-06
-2.75221e-06
-6.78961e-06
-3.839e-06
-8.01122e-06
-5.01986e-06
-9.05875e-06
-6.27589e-06
-9.92843e-06
-7.58839e-06
-1.06185e-05
-8.93911e-06
-1.11285e-05
-1.031e-05
-1.14587e-05
-1.16833e-05
-1.16101e-05
-1.30414e-05
-1.15834e-05
-1.43667e-05
-1.13812e-05
-1.56434e-05
-1.10137e-05
-1.68586e-05
-1.05143e-05
-9.86826e-06
-1.79962e-05
1.18483e-06
1.52878e-05
1.83663e-06
1.14368e-05
2.20776e-06
8.48852e-06
2.37438e-06
6.05413e-06
2.36341e-06
3.89011e-06
2.1849e-06
1.90218e-06
1.84419e-06
5.6226e-08
1.34745e-06
-1.64683e-06
7.01634e-07
-3.20346e-06
-8.3028e-08
-4.61492e-06
-9.92796e-07
-5.87984e-06
-2.01033e-06
-6.99368e-06
-3.11637e-06
-7.9527e-06
-4.29253e-06
-8.75226e-06
-5.52069e-06
-9.39036e-06
-6.78325e-06
-9.86592e-06
-8.06292e-06
-1.01791e-05
-9.34273e-06
-1.03304e-05
-1.06054e-05
-1.03207e-05
-1.1835e-05
-1.01516e-05
-1.30164e-05
-9.83222e-06
-1.41375e-05
-9.39333e-06
-8.81832e-06
-1.5188e-05
1.57461e-06
1.37132e-05
2.52631e-06
1.0485e-05
3.1286e-06
7.88616e-06
3.47403e-06
5.70864e-06
3.60231e-06
3.76178e-06
3.53476e-06
1.9697e-06
3.28606e-06
3.04895e-07
2.87018e-06
-1.23097e-06
2.30138e-06
-2.63468e-06
1.59475e-06
-3.9083e-06
7.66575e-07
-5.05167e-06
-1.65733e-07
-6.06138e-06
-1.18419e-06
-6.93425e-06
-2.26969e-06
-7.66676e-06
-3.40363e-06
-8.25641e-06
-4.56916e-06
-8.70039e-06
-5.74968e-06
-8.99855e-06
-6.92894e-06
-9.15113e-06
-8.09118e-06
-9.15842e-06
-9.22058e-06
-9.02206e-06
-1.03032e-05
-8.74962e-06
-1.13292e-05
-8.36733e-06
-7.86314e-06
-1.22848e-05
1.81141e-06
1.19015e-05
3.00445e-06
9.2918e-06
3.81985e-06
7.07064e-06
4.34501e-06
5.18341e-06
4.62348e-06
3.48326e-06
4.68294e-06
1.9102e-06
4.54466e-06
4.43146e-07
4.22846e-06
-9.14798e-07
3.7542e-06
-2.16045e-06
3.14087e-06
-3.29498e-06
2.40738e-06
-4.31819e-06
1.57285e-06
-5.22685e-06
6.55559e-07
-6.01695e-06
-3.26997e-07
-6.6842e-06
-1.3578e-06
-7.22561e-06
-2.41902e-06
-7.63917e-06
-3.49418e-06
-7.92341e-06
-4.56807e-06
-8.07725e-06
-5.6254e-06
-8.10109e-06
-6.6517e-06
-7.99565e-06
-7.634e-06
-7.76725e-06
-8.56318e-06
-7.43826e-06
-6.99451e-06
-9.43226e-06
1.89847e-06
1.0003e-05
3.25771e-06
7.93244e-06
4.24969e-06
6.07856e-06
4.93988e-06
4.49314e-06
5.36634e-06
3.05675e-06
5.55798e-06
1.71851e-06
5.53961e-06
4.61474e-07
5.33498e-06
-7.10191e-07
4.96795e-06
-1.79344e-06
4.46062e-06
-2.78767e-06
3.83372e-06
-3.6913e-06
3.10694e-06
-4.50008e-06
2.29895e-06
-5.20896e-06
1.42768e-06
-5.81292e-06
5.0984e-07
-6.30777e-06
-4.38987e-07
-6.69034e-06
-1.40369e-06
-6.95872e-06
-2.36847e-06
-7.1125e-06
-3.31887e-06
-7.15067e-06
-4.2411e-06
-7.07331e-06
-5.1223e-06
-6.88604e-06
-5.95539e-06
-6.60516e-06
-6.21707e-06
-6.73328e-06
1.8622e-06
8.14046e-06
3.31034e-06
6.48414e-06
4.4305e-06
4.95831e-06
5.25545e-06
3.66811e-06
5.81242e-06
2.49972e-06
6.12799e-06
1.40289e-06
6.22754e-06
3.61887e-07
6.13713e-06
-6.19806e-07
5.88275e-06
-1.53909e-06
5.48827e-06
-2.3932e-06
4.97532e-06
-3.17836e-06
4.36377e-06
-3.88853e-06
3.67201e-06
-4.51721e-06
2.91735e-06
-5.05825e-06
2.11608e-06
-5.50649e-06
1.28366e-06
-5.85792e-06
4.34766e-07
-6.10983e-06
-4.17022e-07
-6.26072e-06
-1.25879e-06
-6.30889e-06
-2.07814e-06
-6.25385e-06
-2.85707e-06
-6.10704e-06
-3.59388e-06
-5.86842e-06
-5.52521e-06
-4.28611e-06
1.74441e-06
6.3961e-06
3.21346e-06
5.01504e-06
4.40615e-06
3.76556e-06
5.32359e-06
2.75061e-06
5.98042e-06
1.84284e-06
6.39879e-06
9.8448e-07
6.60284e-06
1.5781e-07
6.61942e-06
-6.36413e-07
6.47472e-06
-1.39442e-06
6.19272e-06
-2.11122e-06
5.79485e-06
-2.78049e-06
5.30049e-06
-3.39417e-06
4.72736e-06
-3.94407e-06
4.09186e-06
-4.42274e-06
3.40932e-06
-4.82394e-06
2.69426e-06
-5.14286e-06
1.96063e-06
-5.3762e-06
1.22178e-06
-5.52188e-06
4.9174e-07
-5.57882e-06
-2.15029e-07
-5.54697e-06
-9.03469e-07
-5.41856e-06
-1.54712e-06
-5.22472e-06
-4.9205e-06
-2.15218e-06
1.57676e-06
4.81917e-06
3.01673e-06
3.575e-06
4.2312e-06
2.55105e-06
5.19447e-06
1.7873e-06
5.91241e-06
1.12487e-06
6.40341e-06
4.9345e-07
6.69015e-06
-1.28956e-07
6.79821e-06
-7.44497e-07
6.75231e-06
-1.34852e-06
6.57513e-06
-1.93406e-06
6.28685e-06
-2.49222e-06
5.90563e-06
-3.01294e-06
5.448e-06
-3.48644e-06
4.92921e-06
-3.90394e-06
4.36346e-06
-4.25817e-06
3.76412e-06
-4.54351e-06
3.14393e-06
-4.75601e-06
2.51511e-06
-4.89306e-06
1.8891e-06
-4.95279e-06
1.2758e-06
-4.93356e-06
6.89469e-07
-4.83215e-06
1.23285e-07
-4.65861e-06
-4.40125e-06
-3.9629e-07
1.39898e-06
3.42032e-06
2.76943e-06
2.20458e-06
3.95612e-06
1.36437e-06
4.91851e-06
8.24906e-07
5.65769e-06
3.8567e-07
6.18869e-06
-3.75676e-08
6.53217e-06
-4.72454e-07
6.71083e-06
-9.23173e-07
6.74695e-06
-1.38465e-06
6.66092e-06
-1.84803e-06
6.47091e-06
-2.30221e-06
6.19329e-06
-2.73532e-06
5.84297e-06
-3.13611e-06
5.4337e-06
-3.49466e-06
4.97831e-06
-3.80276e-06
4.48893e-06
-4.05412e-06
3.97716e-06
-4.24423e-06
3.45412e-06
-4.37002e-06
2.93028e-06
-4.42893e-06
2.41586e-06
-4.41904e-06
1.9218e-06
-4.33809e-06
1.45653e-06
-4.19331e-06
-3.95305e-06
1.00802e-06
1.23955e-06
2.18079e-06
2.50445e-06
9.39725e-07
3.61936e-06
2.49487e-07
4.53969e-06
-9.54199e-08
5.26383e-06
-3.3847e-07
5.80381e-06
-5.77549e-07
6.17712e-06
-8.45773e-07
6.40323e-06
-1.14929e-06
6.50136e-06
-1.48279e-06
6.48908e-06
-1.83575e-06
6.38208e-06
-2.19521e-06
6.19455e-06
-2.54778e-06
5.93943e-06
-2.88098e-06
5.62872e-06
-3.18394e-06
5.27372e-06
-3.44774e-06
4.88517e-06
-3.66556e-06
4.4734e-06
-3.83245e-06
4.04834e-06
-3.94496e-06
3.61977e-06
-4.00034e-06
3.19667e-06
-3.99587e-06
2.78731e-06
-3.92867e-06
2.39636e-06
-3.80244e-06
-3.57994e-06
2.023e-06
1.09844e-06
1.08256e-06
2.23223e-06
-1.93957e-07
3.24189e-06
-7.60106e-07
4.08863e-06
-9.42134e-07
4.76863e-06
-1.01846e-06
5.29067e-06
-1.09959e-06
5.66903e-06
-1.22414e-06
5.92002e-06
-1.40028e-06
6.05966e-06
-1.62244e-06
6.1025e-06
-1.87859e-06
6.06156e-06
-2.15426e-06
5.94857e-06
-2.43478e-06
5.77432e-06
-2.70672e-06
5.54892e-06
-2.95852e-06
5.28197e-06
-3.18079e-06
4.98277e-06
-3.36635e-06
4.66034e-06
-3.51002e-06
4.32351e-06
-3.60813e-06
3.98069e-06
-3.6575e-06
3.63983e-06
-3.65494e-06
3.30803e-06
-3.59687e-06
2.98933e-06
-3.48371e-06
-3.27595e-06
2.68509e-06
9.55407e-07
1.27362e-07
1.94172e-06
-1.18011e-06
2.82918e-06
-1.64749e-06
3.58304e-06
-1.69594e-06
4.19813e-06
-1.63353e-06
4.68098e-06
-1.58242e-06
5.04355e-06
-1.58672e-06
5.29951e-06
-1.65624e-06
5.46183e-06
-1.78475e-06
5.54206e-06
-1.95882e-06
5.55042e-06
-2.16262e-06
5.49615e-06
-2.3805e-06
5.38781e-06
-2.59837e-06
5.23354e-06
-2.80425e-06
5.04129e-06
-2.98853e-06
4.81885e-06
-3.1439e-06
4.5739e-06
-3.26507e-06
4.31399e-06
-3.34823e-06
4.04662e-06
-3.39012e-06
3.77881e-06
-3.38708e-06
3.51604e-06
-3.33407e-06
3.26175e-06
-3.22952e-06
-3.03187e-06
3.01745e-06
7.85748e-07
-6.58127e-07
1.61892e-06
-2.01309e-06
2.37966e-06
-2.40811e-06
3.0321e-06
-2.34831e-06
3.56953e-06
-2.17091e-06
3.99813e-06
-2.01099e-06
4.32903e-06
-1.9176e-06
4.57385e-06
-1.90105e-06
4.74286e-06
-1.95374e-06
4.84474e-06
-2.06069e-06
4.88698e-06
-2.20485e-06
4.87637e-06
-2.36988e-06
4.81934e-06
-2.54132e-06
4.72219e-06
-2.70708e-06
4.59121e-06
-2.85754e-06
4.43275e-06
-2.98543e-06
4.25317e-06
-3.08548e-06
4.05887e-06
-3.15393e-06
3.85606e-06
-3.18731e-06
3.65061e-06
-3.18159e-06
3.44779e-06
-3.13128e-06
3.25048e-06
-3.0322e-06
-2.84242e-06
3.06081e-06
5.73418e-07
-1.23116e-06
1.25789e-06
-2.69734e-06
1.8982e-06
-3.04828e-06
2.4472e-06
-2.89722e-06
2.89938e-06
-2.62303e-06
3.26345e-06
-2.37502e-06
3.55104e-06
-2.20516e-06
3.77222e-06
-2.12221e-06
3.93474e-06
-2.11624e-06
4.04457e-06
-2.17051e-06
4.10672e-06
-2.26698e-06
4.12575e-06
-2.38891e-06
4.10622e-06
-2.52177e-06
4.05276e-06
-2.6536e-06
3.97016e-06
-2.77494e-06
3.86337e-06
-2.87864e-06
3.73746e-06
-2.95957e-06
3.59746e-06
-3.01395e-06
3.4486e-06
-3.03844e-06
3.29602e-06
-3.02899e-06
3.14372e-06
-2.97896e-06
2.99434e-06
-2.88292e-06
-2.70058e-06
2.85236e-06
3.15249e-07
-1.54624e-06
8.76817e-07
-3.25873e-06
1.40423e-06
-3.57557e-06
1.84806e-06
-3.34096e-06
2.20923e-06
-2.98413e-06
2.50126e-06
-2.66699e-06
2.73672e-06
-2.44058e-06
2.92409e-06
-2.30955e-06
3.06868e-06
-2.26081e-06
3.17404e-06
-2.27585e-06
3.24307e-06
-2.33599e-06
3.27854e-06
-2.42436e-06
3.28342e-06
-2.52664e-06
3.26093e-06
-2.6311e-06
3.21455e-06
-2.72854e-06
3.1479e-06
-2.81198e-06
3.06472e-06
-2.87639e-06
2.96885e-06
-2.91808e-06
2.86408e-06
-2.93367e-06
2.75381e-06
-2.9187e-06
2.64193e-06
-2.8671e-06
2.53042e-06
-2.77137e-06
-2.59946e-06
2.42915e-06
3.13043e-08
-1.57735e-06
5.09772e-07
-3.73709e-06
9.30214e-07
-3.99594e-06
1.2643e-06
-3.67499e-06
1.52727e-06
-3.24706e-06
1.73993e-06
-2.87963e-06
1.91516e-06
-2.61578e-06
2.05919e-06
-2.45357e-06
2.17486e-06
-2.37646e-06
2.2637e-06
-2.36468e-06
2.32698e-06
-2.39925e-06
2.36613e-06
-2.4635e-06
2.3829e-06
-2.54341e-06
2.37937e-06
-2.62756e-06
2.3578e-06
-2.70697e-06
2.32061e-06
-2.77479e-06
2.27026e-06
-2.82604e-06
2.20911e-06
-2.85694e-06
2.13933e-06
-2.8639e-06
2.06344e-06
-2.84281e-06
1.9817e-06
-2.78536e-06
1.89463e-06
-2.6844e-06
-2.53051e-06
1.82557e-06
-1.48425e-07
-1.42892e-06
2.47076e-07
-4.1326e-06
5.35622e-07
-4.2845e-06
7.35926e-07
-3.87532e-06
8.86826e-07
-3.39798e-06
1.01142e-06
-3.00424e-06
1.11817e-06
-2.72255e-06
1.20935e-06
-2.54477e-06
1.2853e-06
-2.45243e-06
1.34598e-06
-2.42537e-06
1.39154e-06
-2.44482e-06
1.42248e-06
-2.49445e-06
1.43965e-06
-2.56059e-06
1.44415e-06
-2.63208e-06
1.43725e-06
-2.70008e-06
1.42026e-06
-2.75782e-06
1.39445e-06
-2.80024e-06
1.36093e-06
-2.82344e-06
1.32066e-06
-2.82366e-06
1.27338e-06
-2.79553e-06
1.21798e-06
-2.73003e-06
1.15134e-06
-2.61778e-06
-2.45838e-06
1.07911e-06
-7.15009e-07
-7.25598e-08
1.49415e-07
2.31584e-07
2.81985e-07
3.23305e-07
3.59981e-07
3.92505e-07
4.20495e-07
4.43549e-07
4.61498e-07
4.74389e-07
4.82453e-07
4.86019e-07
4.85492e-07
4.81279e-07
4.7377e-07
4.6325e-07
4.49836e-07
4.33668e-07
4.13868e-07
3.87751e-07
3.50878e-07
1.81174e-05
-9.35151e-06
2.64777e-05
-8.36026e-06
3.70451e-05
-1.05673e-05
-1.40636e-05
5.11086e-05
2.87197e-05
-1.30076e-05
3.38993e-05
-1.35398e-05
3.81099e-05
-1.47779e-05
-1.6728e-05
4.07743e-05
3.35217e-05
-1.44327e-05
3.4872e-05
-1.48901e-05
3.56297e-05
-1.55357e-05
-1.5943e-05
3.48447e-05
3.43905e-05
-1.46589e-05
3.41958e-05
-1.46954e-05
3.33464e-05
-1.46862e-05
-1.44638e-05
3.18672e-05
3.36672e-05
-1.43742e-05
3.32433e-05
-1.42715e-05
3.25447e-05
-1.39877e-05
-1.35571e-05
3.1638e-05
3.43296e-05
-1.38575e-05
3.37574e-05
-1.36992e-05
3.30778e-05
-1.33081e-05
-1.27062e-05
3.22269e-05
3.53287e-05
-1.29306e-05
3.40499e-05
-1.24204e-05
3.26496e-05
-1.19077e-05
-1.14343e-05
3.13777e-05
3.48438e-05
-1.12952e-05
3.25803e-05
-1.01567e-05
3.0276e-05
-9.60322e-06
-9.62036e-06
2.84622e-05
3.47159e-05
-9.14891e-06
3.11547e-05
-6.59483e-06
2.76554e-05
-6.10378e-06
-7.04153e-06
2.50769e-05
2.49138e-05
-7.76133e-06
2.33798e-05
-5.061e-06
2.18538e-05
-4.5773e-06
-5.76456e-06
2.05771e-05
1.4788e-05
-8.09153e-06
1.61157e-05
-6.38856e-06
1.73156e-05
-5.77711e-06
-6.02455e-06
1.75759e-05
7.83776e-06
-8.66112e-06
9.06474e-06
-7.61568e-06
1.02367e-05
-6.94884e-06
-6.61118e-06
1.08235e-05
1.3298e-06
-9.18698e-06
2.1736e-06
-8.45947e-06
3.00562e-06
-7.78074e-06
-7.14561e-06
3.54029e-06
-4.72624e-06
-9.42524e-06
-4.35981e-06
-8.82589e-06
-4.00464e-06
-8.13566e-06
-7.38923e-06
-3.76075e-06
-1.03929e-05
-9.35982e-06
-1.04079e-05
-8.81075e-06
-1.0404e-05
-8.1394e-06
-7.38477e-06
-1.04081e-05
-1.54102e-05
-9.07362e-06
-1.56723e-05
-8.54867e-06
-1.5911e-05
-7.90042e-06
-7.18495e-06
-1.61105e-05
-1.95638e-05
-8.63421e-06
-1.99856e-05
-8.12674e-06
-2.03749e-05
-7.51094e-06
-6.85311e-06
-2.07064e-05
-2.27147e-05
-8.09646e-06
-2.32332e-05
-7.60835e-06
-2.37185e-05
-7.02532e-06
-6.43092e-06
-2.41404e-05
-2.47926e-05
-7.49995e-06
-2.53666e-05
-7.0341e-06
-2.5903e-05
-6.48882e-06
-5.95567e-06
-2.63779e-05
-2.58068e-05
-6.87882e-06
-2.64025e-05
-6.43845e-06
-2.69636e-05
-5.92748e-06
-5.452e-06
-2.7467e-05
-2.5814e-05
-6.25486e-06
-2.64106e-05
-5.84171e-06
-2.69694e-05
-5.36852e-06
-4.94569e-06
-2.74754e-05
-2.49324e-05
-5.64826e-06
-2.55108e-05
-5.26341e-06
-2.60555e-05
-4.82355e-06
-4.45003e-06
-2.65509e-05
-2.3305e-05
-5.07008e-06
-2.38546e-05
-4.71361e-06
-2.43674e-05
-4.31069e-06
-3.98169e-06
-2.48355e-05
-2.11052e-05
-4.53121e-06
-2.16149e-05
-4.20402e-06
-2.20923e-05
-3.833e-06
-3.54482e-06
-2.2529e-05
-1.8494e-05
-4.03352e-06
-1.89621e-05
-3.73571e-06
-1.93957e-05
-3.39935e-06
-3.14708e-06
-1.97932e-05
-1.56416e-05
-3.57999e-06
-1.60662e-05
-3.31114e-06
-1.64614e-05
-3.00396e-06
-2.78445e-06
-1.68238e-05
-1.26971e-05
-3.16783e-06
-1.30819e-05
-2.92611e-06
-1.34355e-05
-2.6503e-06
-2.4593e-06
-1.37604e-05
-9.80277e-06
-2.79741e-06
-1.01479e-05
-2.58104e-06
-1.04673e-05
-2.33074e-06
-2.16552e-06
-1.07609e-05
-7.06624e-06
-2.46455e-06
-7.37648e-06
-2.27065e-06
-7.66017e-06
-2.04698e-06
-1.90416e-06
-7.92134e-06
-4.58209e-06
-2.16863e-06
-4.8587e-06
-1.99413e-06
-5.11389e-06
-1.79159e-06
-1.66944e-06
-5.34847e-06
-2.41511e-06
-1.90574e-06
-2.66122e-06
-1.74785e-06
-2.88445e-06
-1.5683e-06
-1.46388e-06
-3.08983e-06
-6.14943e-07
-1.68713e-06
-8.24693e-07
-1.53821e-06
-1.0198e-06
-1.37301e-06
-1.28472e-06
-1.19886e-06
8.14062e-07
-1.49325e-06
6.32361e-07
-1.35637e-06
4.62934e-07
-1.20356e-06
-1.12178e-06
3.00122e-07
1.86424e-06
-1.33454e-06
1.71494e-06
-1.20719e-06
1.57874e-06
-1.06722e-06
-9.95295e-07
1.45232e-06
2.55766e-06
-1.20715e-06
2.4386e-06
-1.088e-06
2.33074e-06
-9.59377e-07
-8.92867e-07
2.22841e-06
2.91987e-06
-1.10963e-06
2.82981e-06
-9.981e-07
2.74739e-06
-8.76864e-07
-8.13213e-07
2.66775e-06
2.98919e-06
-1.0381e-06
2.92487e-06
-9.3369e-07
2.86814e-06
-8.20199e-07
-7.57486e-07
2.81246e-06
2.80435e-06
-9.90135e-07
2.76317e-06
-8.92678e-07
2.72805e-06
-7.85006e-07
-7.22317e-07
2.69286e-06
2.40195e-06
-9.62969e-07
2.38368e-06
-8.74293e-07
2.3713e-06
-7.72697e-07
-7.07869e-07
2.35687e-06
1.81652e-06
-9.53965e-07
1.82525e-06
-8.83186e-07
1.83827e-06
-7.85675e-07
-7.11292e-07
1.84166e-06
1.09856e-06
-9.73472e-07
1.13495e-06
-9.19502e-07
1.18083e-06
-8.31616e-07
-7.48882e-07
1.21837e-06
3.68562e-07
3.86753e-07
4.08901e-07
4.30204e-07
4.2082e-05
-5.79984e-05
4.11296e-05
-2.94246e-05
4.172e-05
-3.96447e-06
3.78637e-05
5.46077e-06
3.07669e-05
1.08166e-06
2.90072e-05
-5.26072e-06
2.99616e-05
-6.03711e-07
3.12636e-05
9.18128e-06
3.22738e-05
1.37015e-05
3.32705e-05
1.41812e-05
3.36543e-05
1.26755e-05
3.30929e-05
1.08207e-05
3.14426e-05
8.94635e-06
2.85891e-05
7.1787e-06
2.44801e-05
7.41263e-06
1.8918e-05
1.19976e-05
1.13705e-05
2.02573e-05
3.09239e-06
1.99834e-05
5.48208e-06
2.84458e-05
-4.56699e-05
2.75697e-05
-2.85486e-05
3.23623e-05
-8.75705e-06
3.47838e-05
3.0392e-06
3.16583e-05
4.20717e-06
2.79498e-05
-1.55216e-06
2.67753e-05
5.70722e-07
2.85864e-05
7.37023e-06
3.09582e-05
1.13297e-05
3.29586e-05
1.21808e-05
3.4033e-05
1.16011e-05
3.36799e-05
1.11738e-05
3.12214e-05
1.14048e-05
2.68666e-05
1.15334e-05
2.0642e-05
1.36373e-05
1.38321e-05
1.88075e-05
9.79333e-06
2.42961e-05
5.91535e-06
2.38614e-05
1.13974e-05
2.6428e-05
-3.72532e-05
2.35152e-05
-2.56358e-05
2.62647e-05
-1.15066e-05
3.00917e-05
-7.87803e-07
3.18899e-05
2.40896e-06
2.90552e-05
1.28258e-06
2.67453e-05
2.8806e-06
2.74298e-05
6.68581e-06
2.92072e-05
9.55224e-06
3.07731e-05
1.06149e-05
3.11351e-05
1.12392e-05
2.97247e-05
1.25842e-05
2.61102e-05
1.50193e-05
2.06231e-05
1.70205e-05
1.47201e-05
1.95403e-05
1.01713e-05
2.33562e-05
7.74967e-06
2.67177e-05
5.55399e-06
2.60571e-05
1.69514e-05
2.66658e-05
-3.20517e-05
2.45135e-05
-2.34835e-05
2.57395e-05
-1.27327e-05
2.8977e-05
-4.02527e-06
3.07792e-05
6.06769e-07
2.98081e-05
2.25369e-06
2.82946e-05
4.39413e-06
2.75249e-05
7.45549e-06
2.73249e-05
9.75231e-06
2.68868e-05
1.1053e-05
2.53038e-05
1.28222e-05
2.24878e-05
1.54002e-05
1.90941e-05
1.8413e-05
1.51556e-05
2.0959e-05
1.12181e-05
2.34779e-05
8.30539e-06
2.6269e-05
6.64714e-06
2.83759e-05
4.92901e-06
2.77752e-05
2.18804e-05
2.87105e-05
-2.91241e-05
2.69904e-05
-2.17635e-05
2.73176e-05
-1.30598e-05
2.87803e-05
-5.48797e-06
2.97672e-05
-3.80078e-07
2.9175e-05
2.84588e-06
2.7806e-05
5.76311e-06
2.65113e-05
8.75022e-06
2.48872e-05
1.13765e-05
2.25086e-05
1.34315e-05
1.98643e-05
1.54665e-05
1.71668e-05
1.80977e-05
1.44754e-05
2.11044e-05
1.1733e-05
2.37014e-05
9.17567e-06
2.60352e-05
7.24312e-06
2.82016e-05
5.95748e-06
2.96616e-05
4.31972e-06
2.9413e-05
2.62001e-05
2.99604e-05
-2.68576e-05
2.83949e-05
-2.01979e-05
2.79231e-05
-1.25879e-05
2.81699e-05
-5.73474e-06
2.8231e-05
-4.4123e-07
2.74345e-05
3.64244e-06
2.59159e-05
7.28171e-06
2.40183e-05
1.06478e-05
2.18176e-05
1.35772e-05
1.91686e-05
1.60806e-05
1.62892e-05
1.83459e-05
1.35588e-05
2.08281e-05
1.12128e-05
2.34504e-05
9.10847e-06
2.58058e-05
7.32557e-06
2.78181e-05
6.01779e-06
2.95094e-05
5.02711e-06
3.06523e-05
3.57e-06
3.08701e-05
2.97702e-05
2.94209e-05
-2.49007e-05
2.79431e-05
-1.872e-05
2.70864e-05
-1.17312e-05
2.66077e-05
-5.25597e-06
2.60033e-05
1.63113e-07
2.47622e-05
4.88356e-06
2.28927e-05
9.15124e-06
2.06666e-05
1.28739e-05
1.81177e-05
1.6126e-05
1.53137e-05
1.88846e-05
1.25269e-05
2.11325e-05
1.00152e-05
2.33398e-05
7.89915e-06
2.55664e-05
6.17219e-06
2.75328e-05
4.87365e-06
2.91167e-05
4.01198e-06
3.0371e-05
3.38468e-06
3.12796e-05
2.41701e-06
3.18378e-05
3.21872e-05
2.59839e-05
-2.24222e-05
2.45772e-05
-1.73133e-05
2.40948e-05
-1.12487e-05
2.3806e-05
-4.96715e-06
2.29389e-05
1.03017e-06
2.12481e-05
6.57433e-06
1.90271e-05
1.13723e-05
1.64398e-05
1.54612e-05
1.35499e-05
1.90159e-05
1.06594e-05
2.1775e-05
8.0877e-06
2.37042e-05
5.80571e-06
2.56218e-05
3.88381e-06
2.74883e-05
2.43231e-06
2.89842e-05
1.43802e-06
3.01109e-05
8.97387e-07
3.09117e-05
7.1457e-07
3.14624e-05
5.11662e-07
3.20407e-05
3.26988e-05
2.193e-05
-1.92749e-05
2.03675e-05
-1.57505e-05
1.99124e-05
-1.07935e-05
1.9672e-05
-4.72663e-06
1.76475e-05
3.05463e-06
1.49532e-05
9.26857e-06
1.31368e-05
1.31887e-05
1.07229e-05
1.7875e-05
7.90697e-06
2.18317e-05
5.20537e-06
2.44765e-05
2.85394e-06
2.60556e-05
7.94595e-07
2.76811e-05
-9.46485e-07
2.92293e-05
-2.29805e-06
3.03357e-05
-3.12704e-06
3.09399e-05
-3.30212e-06
3.10867e-05
-2.96994e-06
3.11302e-05
-2.31134e-06
3.13821e-05
3.03875e-05
1.82462e-05
-1.69433e-05
1.75981e-05
-1.51022e-05
1.66721e-05
-9.86734e-06
1.52409e-05
-3.29531e-06
1.35443e-05
4.75118e-06
1.21877e-05
1.0625e-05
1.01679e-05
1.52083e-05
6.90335e-06
2.11394e-05
1.38722e-06
2.73476e-05
-1.29079e-06
2.71545e-05
-3.02637e-06
2.77911e-05
-4.79277e-06
2.94474e-05
-6.59853e-06
3.1035e-05
-8.01836e-06
3.17555e-05
-8.54284e-06
3.14643e-05
-8.3776e-06
3.09214e-05
-7.24585e-06
2.99984e-05
-5.41983e-06
2.9556e-05
2.49676e-05
1.60225e-05
-1.53896e-05
1.41382e-05
-1.32178e-05
1.24445e-05
-8.17375e-06
1.05574e-05
-1.40823e-06
8.97634e-06
6.33223e-06
6.64318e-06
1.29581e-05
3.51003e-06
1.83413e-05
1.14061e-06
2.35087e-05
3.00784e-07
2.81873e-05
-1.22425e-06
2.86792e-05
-6.67321e-06
3.32394e-05
-1.1258e-05
3.40317e-05
-1.29386e-05
3.27154e-05
-1.42074e-05
3.30242e-05
-1.47928e-05
3.20496e-05
-1.41711e-05
3.02996e-05
-1.13375e-05
2.71647e-05
-7.2836e-06
2.5502e-05
1.7684e-05
1.07538e-05
-1.53196e-05
9.36311e-06
-1.18271e-05
7.72194e-06
-6.53262e-06
5.98024e-06
3.33473e-07
4.15231e-06
8.16022e-06
1.77224e-06
1.53383e-05
-8.63939e-07
2.09776e-05
-1.43535e-06
2.40802e-05
-1.63027e-07
2.69149e-05
-2.31134e-06
3.0827e-05
-6.9633e-06
3.78906e-05
-9.98929e-06
3.7057e-05
-1.32829e-05
3.60082e-05
-2.0441e-05
4.01816e-05
-2.15244e-05
3.31328e-05
-1.96897e-05
2.84647e-05
-1.56224e-05
2.30973e-05
-8.61919e-06
1.84988e-05
9.06477e-06
3.5266e-06
-1.53056e-05
2.5994e-06
-1.08998e-05
1.46735e-06
-5.40059e-06
4.36015e-07
1.36482e-06
-3.26089e-07
8.92241e-06
-1.09828e-06
1.61107e-05
-1.4154e-06
2.12949e-05
-1.16428e-06
2.38293e-05
-2.05807e-06
2.78089e-05
-5.83271e-06
3.46018e-05
-9.8887e-06
4.19466e-05
-1.37761e-05
4.09441e-05
-1.74868e-05
3.97185e-05
-1.79514e-05
4.06457e-05
-1.8659e-05
3.38396e-05
-2.51019e-05
3.49069e-05
-1.92624e-05
1.72575e-05
-1.07204e-05
9.95668e-06
-1.65565e-06
-3.86018e-06
-1.52058e-05
-4.35243e-06
-1.04075e-05
-4.88731e-06
-4.8657e-06
-5.10706e-06
1.58458e-06
-4.79899e-06
8.61441e-06
-4.03256e-06
1.53444e-05
-3.09708e-06
2.03596e-05
-2.56235e-06
2.32948e-05
-3.02661e-06
2.82734e-05
-5.26167e-06
3.68372e-05
-9.35952e-06
4.60449e-05
-1.42195e-05
4.58047e-05
-1.4874e-05
4.03732e-05
-1.02794e-05
3.60511e-05
-1.02985e-05
3.38584e-05
-9.88175e-06
3.44894e-05
-1.23628e-05
1.9738e-05
-8.51631e-06
6.10973e-06
-1.01723e-05
-1.0605e-05
-1.50084e-05
-1.08781e-05
-1.01343e-05
-1.09623e-05
-4.78152e-06
-1.05531e-05
1.17543e-06
-9.46412e-06
7.52545e-06
-7.74117e-06
1.36216e-05
-6.0357e-06
1.86543e-05
-5.50314e-06
2.27624e-05
-5.52873e-06
2.82993e-05
-5.4109e-06
3.67197e-05
-4.43347e-06
4.5068e-05
-5.09364e-06
4.64653e-05
-4.69933e-06
3.99792e-05
-3.32917e-06
3.46813e-05
6.24463e-07
2.99051e-05
8.27254e-06
2.68416e-05
1.26834e-05
1.53269e-05
1.05246e-05
8.26818e-06
3.52226e-07
-1.64711e-05
-1.46474e-05
-1.66666e-05
-9.93864e-06
-1.65364e-05
-4.91172e-06
-1.58495e-05
4.88518e-07
-1.44664e-05
6.14246e-06
-1.25119e-05
1.16671e-05
-1.0535e-05
1.66775e-05
-9.16579e-06
2.13934e-05
-7.96697e-06
2.71006e-05
-5.67693e-06
3.443e-05
-1.70693e-06
4.10984e-05
2.06045e-06
4.26984e-05
4.24526e-06
3.77948e-05
6.59396e-06
3.2333e-05
8.40791e-06
2.80917e-05
1.29653e-05
2.22848e-05
1.56945e-05
1.25982e-05
1.34696e-05
1.04933e-05
1.38222e-05
-2.12498e-05
-1.41036e-05
-2.14934e-05
-9.69497e-06
-2.13455e-05
-5.05959e-06
-2.0654e-05
-2.03014e-07
-1.93386e-05
4.82712e-06
-1.74926e-05
9.82114e-06
-1.5419e-05
1.4604e-05
-1.339e-05
1.93645e-05
-1.09911e-05
2.47019e-05
-7.2049e-06
3.06439e-05
-1.82683e-06
3.57206e-05
3.85664e-06
3.70153e-05
7.66292e-06
3.3989e-05
1.04198e-05
2.95766e-05
1.31059e-05
2.54062e-05
1.44051e-05
2.09862e-05
1.10391e-05
1.59647e-05
5.78633e-06
1.57467e-05
1.96088e-05
-2.48407e-05
-1.34029e-05
-2.51941e-05
-9.34145e-06
-2.51407e-05
-5.11302e-06
-2.45835e-05
-7.60205e-07
-2.34715e-05
3.71512e-06
-2.18551e-05
8.20481e-06
-1.9874e-05
1.26229e-05
-1.75644e-05
1.7055e-05
-1.45869e-05
2.17245e-05
-1.04104e-05
2.64675e-05
-4.92976e-06
3.02401e-05
6.58327e-07
3.14274e-05
4.992e-06
2.96556e-05
8.03578e-06
2.65332e-05
9.97306e-06
2.34693e-05
1.04298e-05
2.05299e-05
8.07537e-06
1.83196e-05
3.93932e-06
1.98831e-05
2.35485e-05
-2.7206e-05
-1.25744e-05
-2.76777e-05
-8.86965e-06
-2.77574e-05
-5.03335e-06
-2.73816e-05
-1.13611e-06
-2.65125e-05
2.84606e-06
-2.51621e-05
6.85441e-06
-2.3369e-05
1.08299e-05
-2.11031e-05
1.47891e-05
-1.81377e-05
1.87592e-05
-1.4187e-05
2.25169e-05
-9.33748e-06
2.53908e-05
-4.41733e-06
2.65075e-05
-3.33403e-07
2.55719e-05
2.50737e-06
2.36927e-05
4.28438e-06
2.16926e-05
4.70916e-06
2.01054e-05
3.46008e-06
1.95689e-05
1.65443e-06
2.16893e-05
2.5203e-05
-2.83689e-05
-1.16722e-05
-2.89357e-05
-8.30278e-06
-2.91372e-05
-4.83188e-06
-2.89304e-05
-1.34294e-06
-2.82859e-05
2.20156e-06
-2.71964e-05
5.76487e-06
-2.56573e-05
9.29093e-06
-2.36197e-05
1.27516e-05
-2.09526e-05
1.60922e-05
-1.75431e-05
1.91075e-05
-1.35261e-05
2.13739e-05
-9.43029e-06
2.24118e-05
-5.98604e-06
2.21278e-05
-3.39279e-06
2.10996e-05
-1.69266e-06
1.99926e-05
-8.65214e-07
1.92781e-05
-8.2307e-07
1.9527e-05
-7.10769e-07
2.1577e-05
2.44925e-05
-2.84147e-05
-1.07327e-05
-2.90377e-05
-7.67972e-06
-2.93259e-05
-4.54373e-06
-2.92483e-05
-1.42061e-06
-2.8782e-05
1.73528e-06
-2.79137e-05
4.89661e-06
-2.66271e-05
8.00438e-06
-2.48844e-05
1.10089e-05
-2.26219e-05
1.38298e-05
-1.98153e-05
1.6301e-05
-1.65991e-05
1.81579e-05
-1.33323e-05
1.91451e-05
-1.04449e-05
1.92405e-05
-8.13522e-06
1.879e-05
-6.37968e-06
1.82372e-05
-5.07854e-06
1.7977e-05
-3.97858e-06
1.84271e-05
-2.40675e-06
2.00056e-05
2.20856e-05
-2.74785e-05
-9.80476e-06
-2.81198e-05
-7.03841e-06
-2.84543e-05
-4.20921e-06
-2.84599e-05
-1.41514e-06
-2.81194e-05
1.39483e-06
-2.74205e-05
4.19775e-06
-2.63488e-05
6.93272e-06
-2.48829e-05
9.54304e-06
-2.3e-05
1.19471e-05
-2.07163e-05
1.40174e-05
-1.81458e-05
1.55875e-05
-1.55199e-05
1.65193e-05
-1.30987e-05
1.68194e-05
-1.10059e-05
1.66974e-05
-9.21182e-06
1.64432e-05
-7.57385e-06
1.63391e-05
-5.80511e-06
1.66585e-05
-3.39661e-06
1.75969e-05
1.86894e-05
-2.57329e-05
-8.90705e-06
-2.6361e-05
-6.41032e-06
-2.6708e-05
-3.86221e-06
-2.67575e-05
-1.36572e-06
-2.64973e-05
1.1346e-06
-2.59185e-05
3.61896e-06
-2.50123e-05
6.02661e-06
-2.37706e-05
8.30136e-06
-2.21929e-05
1.03695e-05
-2.03097e-05
1.21344e-05
-1.82101e-05
1.3488e-05
-1.60434e-05
1.43527e-05
-1.39647e-05
1.47409e-05
-1.20471e-05
1.47798e-05
-1.02567e-05
1.4653e-05
-8.46179e-06
1.45442e-05
-6.41317e-06
1.46098e-05
-3.71344e-06
1.48977e-05
1.49757e-05
-2.33675e-05
-8.06821e-06
-2.39623e-05
-5.81547e-06
-2.42984e-05
-3.52622e-06
-2.43641e-05
-1.30003e-06
-2.41515e-05
9.21934e-07
-2.36551e-05
3.12256e-06
-2.28714e-05
5.24304e-06
-2.18011e-05
7.23112e-06
-2.04546e-05
9.0231e-06
-1.88649e-05
1.05448e-05
-1.70997e-05
1.17228e-05
-1.52568e-05
1.251e-05
-1.34315e-05
1.29158e-05
-1.16682e-05
1.30166e-05
-9.93964e-06
1.29246e-05
-8.14465e-06
1.27494e-05
-6.0936e-06
1.2559e-05
-3.48333e-06
1.22871e-05
1.14929e-05
-2.05744e-05
-7.2867e-06
-2.11251e-05
-5.2648e-06
-2.14376e-05
-3.21373e-06
-2.15044e-05
-1.23333e-06
-2.132e-05
7.37567e-07
-2.08824e-05
2.68489e-06
-2.0192e-05
4.55275e-06
-1.92548e-05
6.29391e-06
-1.80857e-05
7.85412e-06
-1.67161e-05
9.17524e-06
-1.51978e-05
1.02046e-05
-1.35982e-05
1.09105e-05
-1.198e-05
1.12977e-05
-1.03744e-05
1.14111e-05
-8.76674e-06
1.1317e-05
-7.09104e-06
1.10737e-05
-5.21554e-06
1.06834e-05
-2.91994e-06
9.99211e-06
8.57265e-06
-1.75352e-05
-6.57509e-06
-1.80388e-05
-4.76119e-06
-1.83236e-05
-2.92898e-06
-1.83853e-05
-1.17172e-06
-1.82208e-05
5.73077e-07
-1.78303e-05
2.29442e-06
-1.72173e-05
3.93978e-06
-1.63904e-05
5.46714e-06
-1.53667e-05
6.83047e-06
-1.41745e-05
7.98319e-06
-1.28554e-05
8.8856e-06
-1.14591e-05
9.51429e-06
-1.00316e-05
9.8704e-06
-8.6002e-06
9.97984e-06
-7.16341e-06
9.88032e-06
-5.68592e-06
9.59632e-06
-4.08851e-06
9.08628e-06
-2.22853e-06
8.13176e-06
6.34465e-06
-1.44136e-05
-5.92171e-06
-1.48713e-05
-4.30345e-06
-1.51294e-05
-2.67089e-06
-1.51862e-05
-1.11498e-06
-1.50402e-05
4.27066e-07
-1.46934e-05
1.94765e-06
-1.41513e-05
3.39764e-06
-1.34241e-05
4.74001e-06
-1.25293e-05
5.93573e-06
-1.14929e-05
6.94689e-06
-1.03497e-05
7.74253e-06
-9.13987e-06
8.30454e-06
-7.90133e-06
8.63197e-06
-6.6614e-06
8.74e-06
-5.43078e-06
8.64981e-06
-4.19965e-06
8.36526e-06
-2.92939e-06
7.81591e-06
-1.53934e-06
6.74241e-06
4.80495e-06
-1.135e-05
-5.33238e-06
-1.17656e-05
-3.88789e-06
-1.20006e-05
-2.43587e-06
-1.20555e-05
-1.06012e-06
-1.19303e-05
3.01801e-07
-1.1628e-05
1.64541e-06
-1.11554e-05
2.92502e-06
-1.05237e-05
4.10835e-06
-9.75022e-06
5.16237e-06
-8.85924e-06
6.05599e-06
-7.88138e-06
6.76476e-06
-6.85135e-06
7.2746e-06
-5.80352e-06
7.58423e-06
-4.76681e-06
7.7034e-06
-3.76111e-06
7.64418e-06
-2.79456e-06
7.39879e-06
-1.85977e-06
6.8814e-06
-9.23754e-07
5.80592e-06
3.88178e-06
-8.45931e-06
-4.79421e-06
-8.83683e-06
-3.51036e-06
-9.05311e-06
-2.21964e-06
-9.11013e-06
-1.00314e-06
-9.00885e-06
2.00505e-07
-8.75315e-06
1.38973e-06
-8.35049e-06
2.52239e-06
-7.81261e-06
3.57052e-06
-7.15654e-06
4.50636e-06
-6.40504e-06
5.30457e-06
-5.58615e-06
5.94594e-06
-4.73149e-06
6.42002e-06
-3.87358e-06
6.72642e-06
-3.04303e-06
6.87293e-06
-2.2664e-06
6.86765e-06
-1.56466e-06
6.69711e-06
-9.4796e-07
6.26455e-06
-4.18141e-07
5.27686e-06
3.46321e-06
-5.83006e-06
-4.31242e-06
-6.1737e-06
-3.1667e-06
-6.3749e-06
-2.01849e-06
-6.43709e-06
-9.41e-07
-6.36226e-06
1.25664e-07
-6.15456e-06
1.18203e-06
-5.82182e-06
2.18968e-06
-5.37588e-06
3.12461e-06
-4.83329e-06
3.96382e-06
-4.21565e-06
4.68699e-06
-3.54913e-06
5.27949e-06
-2.86326e-06
5.73423e-06
-2.18956e-06
6.05279e-06
-1.55955e-06
6.243e-06
-1.00326e-06
6.31142e-06
-5.49362e-07
6.24326e-06
-2.24377e-07
5.93985e-06
-2.29029e-08
5.0748e-06
3.44088e-06
-3.52526e-06
-3.87684e-06
-3.83811e-06
-2.85384e-06
-4.02679e-06
-1.82987e-06
-4.09589e-06
-8.71958e-07
-4.04831e-06
7.80652e-08
-3.88828e-06
1.02198e-06
-3.62368e-06
1.92509e-06
-3.26605e-06
2.76701e-06
-2.8313e-06
3.52911e-06
-2.34002e-06
4.19575e-06
-1.81692e-06
4.75644e-06
-1.28969e-06
5.20705e-06
-7.88759e-07
5.55192e-06
-3.46062e-07
5.80034e-06
6.98761e-09
5.95843e-06
2.40599e-07
6.00967e-06
3.31502e-07
5.84872e-06
2.62497e-07
5.14454e-06
3.70286e-06
-1.58031e-06
-3.49524e-06
-1.86881e-06
-2.56536e-06
-2.04549e-06
-1.65325e-06
-2.12083e-06
-7.9668e-07
-2.09935e-06
5.6552e-08
-1.9846e-06
9.07212e-07
-1.78416e-06
1.72464e-06
-1.50893e-06
2.49179e-06
-1.17398e-06
3.19417e-06
-7.9893e-07
3.82072e-06
-4.07298e-07
4.36483e-06
-2.55242e-08
4.82531e-06
3.17627e-07
5.20879e-06
5.92353e-07
5.52565e-06
7.68721e-07
5.78206e-06
8.1875e-07
5.95963e-06
7.18004e-07
5.9497e-06
4.52134e-07
5.40969e-06
4.15552e-06
-5.39011e-08
-3.14112e-06
-2.84654e-07
-2.33464e-06
-4.43572e-07
-1.49441e-06
-5.24179e-07
-7.16151e-07
-5.25733e-07
5.8048e-08
-4.51924e-07
8.3336e-07
-3.09599e-07
1.58229e-06
-1.089e-07
2.29107e-06
1.3593e-07
2.94933e-06
4.06587e-07
3.55005e-06
6.81344e-07
4.09007e-06
9.35485e-07
4.57116e-06
1.1429e-06
5.00137e-06
1.27625e-06
5.39228e-06
1.30751e-06
5.75077e-06
1.21041e-06
6.05668e-06
9.65362e-07
6.19442e-06
5.64803e-07
5.81091e-06
4.71972e-06
1.16292e-06
-2.85163e-06
9.31985e-07
-2.10375e-06
7.81842e-07
-1.34436e-06
6.99197e-07
-6.33595e-07
6.78456e-07
7.87153e-08
7.17073e-07
7.94683e-07
8.0895e-07
1.49036e-06
9.45229e-07
2.15475e-06
1.11299e-06
2.78153e-06
1.29547e-06
3.36753e-06
1.47248e-06
3.91302e-06
1.62111e-06
4.4225e-06
1.71708e-06
4.90535e-06
1.73567e-06
5.37364e-06
1.65258e-06
5.83379e-06
1.44628e-06
6.26289e-06
1.10076e-06
6.54009e-06
6.15792e-07
6.29503e-06
5.33598e-06
1.97641e-06
-2.59961e-06
1.78368e-06
-1.91108e-06
1.65127e-06
-1.21205e-06
1.57096e-06
-5.53381e-07
1.53732e-06
1.12264e-07
1.54848e-06
7.83451e-07
1.59962e-06
1.43915e-06
1.68385e-06
2.07045e-06
1.7896e-06
2.67572e-06
1.90111e-06
3.25596e-06
1.99955e-06
3.81452e-06
2.06401e-06
4.35796e-06
2.07269e-06
4.8966e-06
2.00377e-06
5.44247e-06
1.83643e-06
6.00103e-06
1.55272e-06
6.54649e-06
1.14357e-06
6.94884e-06
6.17012e-07
6.82218e-06
5.95235e-06
2.46217e-06
-2.394e-06
2.30389e-06
-1.75287e-06
2.19402e-06
-1.10228e-06
2.1226e-06
-4.82068e-07
2.08345e-06
1.51318e-07
2.07598e-06
7.90831e-07
2.09687e-06
1.41818e-06
2.14201e-06
2.02522e-06
2.20115e-06
2.6165e-06
2.25933e-06
3.19769e-06
2.29896e-06
3.7748e-06
2.30116e-06
4.35568e-06
2.24661e-06
4.95105e-06
2.11653e-06
5.57243e-06
1.89386e-06
6.22357e-06
1.56574e-06
6.87447e-06
1.12633e-06
7.38837e-06
5.89133e-07
7.35849e-06
6.54194e-06
2.6494e-06
-2.23097e-06
2.52803e-06
-1.6316e-06
2.44574e-06
-1.0201e-06
2.3901e-06
-4.2654e-07
2.3537e-06
1.87621e-07
2.33792e-06
8.06517e-07
2.34003e-06
1.41598e-06
2.35985e-06
2.00531e-06
2.38837e-06
2.58789e-06
2.41105e-06
3.17491e-06
2.41143e-06
3.77432e-06
2.37257e-06
4.39443e-06
2.27793e-06
5.04557e-06
2.11185e-06
5.73839e-06
1.86049e-06
6.47481e-06
1.51323e-06
7.22159e-06
1.0693e-06
7.83189e-06
5.46101e-07
7.88228e-06
7.08741e-06
2.57617e-06
-2.11429e-06
2.49388e-06
-1.54939e-06
2.44386e-06
-9.70195e-07
2.41141e-06
-3.94209e-07
2.3877e-06
2.11231e-07
2.37678e-06
8.17342e-07
2.37284e-06
1.41983e-06
2.38211e-06
1.99595e-06
2.39618e-06
2.57371e-06
2.40056e-06
3.17043e-06
2.37982e-06
3.79495e-06
2.31932e-06
4.45482e-06
2.20537e-06
5.1594e-06
2.02556e-06
5.91807e-06
1.76924e-06
6.73099e-06
1.4294e-06
7.5613e-06
1.00388e-06
8.25754e-06
5.06774e-07
8.37849e-06
7.59461e-06
2.28223e-06
-2.0397e-06
2.2379e-06
-1.50515e-06
2.22408e-06
-9.56486e-07
2.22052e-06
-3.90723e-07
2.2233e-06
2.08367e-07
2.23903e-06
8.01551e-07
2.24397e-06
1.41482e-06
2.25756e-06
1.9823e-06
2.27271e-06
2.55849e-06
2.27417e-06
3.16891e-06
2.24775e-06
3.8213e-06
2.1816e-06
4.52089e-06
2.06562e-06
5.27529e-06
1.89113e-06
6.09249e-06
1.6507e-06
6.97136e-06
1.33769e-06
7.87425e-06
9.48984e-07
8.64589e-06
4.87153e-07
8.84097e-06
8.08139e-06
1.80436e-06
-2.00248e-06
1.79301e-06
-1.49394e-06
1.81604e-06
-9.79638e-07
1.841e-06
-4.15802e-07
1.89727e-06
1.52008e-07
1.98277e-06
7.15969e-07
2.00934e-06
1.38817e-06
2.04048e-06
1.95107e-06
2.06999e-06
2.5289e-06
2.0802e-06
3.15861e-06
2.05914e-06
3.84226e-06
1.99859e-06
4.58135e-06
1.89267e-06
5.38112e-06
1.73712e-06
6.24794e-06
1.5291e-06
7.17927e-06
1.26663e-06
8.13658e-06
9.41658e-07
8.97103e-06
5.27263e-07
9.25469e-06
8.6085e-06
1.17919e-06
-1.96341e-06
1.18698e-06
-1.50184e-06
1.23369e-06
-1.02648e-06
1.22585e-06
-4.08058e-07
1.42284e-06
-4.50873e-08
1.64251e-06
4.96213e-07
1.72798e-06
1.30261e-06
1.79161e-06
1.88734e-06
1.84456e-06
2.47586e-06
1.87005e-06
3.13301e-06
1.85977e-06
3.85243e-06
1.80994e-06
4.63107e-06
1.71924e-06
5.4717e-06
1.5885e-06
6.37854e-06
1.42154e-06
7.3461e-06
1.22524e-06
8.33273e-06
1.00323e-06
9.19266e-06
6.94982e-07
9.56278e-06
9.30343e-06
4.01139e-07
4.17756e-07
4.79257e-07
5.88429e-07
9.30408e-07
1.25749e-06
1.46932e-06
1.59538e-06
1.67645e-06
1.71577e-06
1.71319e-06
1.66912e-06
1.5852e-06
1.46465e-06
1.31359e-06
1.14226e-06
9.61167e-07
7.0875e-07
)
;

boundaryField
{
    leftWall
    {
        type            calculated;
        value           uniform 0;
    }
    rightWall
    {
        type            calculated;
        value           uniform 0;
    }
    lowerWall
    {
        type            calculated;
        value           uniform 0;
    }
    atmosphere
    {
        type            calculated;
        value           nonuniform List<scalar> 
46
(
-7.13931e-07
-4.77507e-06
-4.5065e-06
-3.9575e-06
-3.4484e-06
-3.04558e-06
-2.75924e-06
-2.5773e-06
-2.48044e-06
-2.44844e-06
-2.46278e-06
-2.50735e-06
-2.56867e-06
-2.63566e-06
-2.69956e-06
-2.75361e-06
-2.79274e-06
-2.81293e-06
-2.81025e-06
-2.77937e-06
-2.71024e-06
-2.59168e-06
-2.42155e-06
-9.91177e-07
-9.37786e-07
-8.53809e-07
-7.70211e-07
-1.93438e-06
-1.5185e-06
-1.08801e-06
-5.17262e-07
-3.87102e-07
1.69095e-07
1.09074e-06
1.76125e-06
2.39475e-06
3.09365e-06
3.85497e-06
4.67509e-06
5.55556e-06
6.49903e-06
7.4971e-06
8.50399e-06
9.37371e-06
9.81516e-06
1.00122e-05
)
;
    }
    defaultFaces
    {
        type            empty;
    }
}


// ************************************************************************* //
