/*--------------------------------*- C++ -*----------------------------------*\
  =========                 |
  \\      /  F ield         | OpenFOAM: The Open Source CFD Toolbox
   \\    /   O peration     | Website:  https://openfoam.org
    \\  /    A nd           | Version:  13
     \\/     M anipulation  |
\*---------------------------------------------------------------------------*/
FoamFile
{
    format      ascii;
    class       surfaceScalarField;
    location    "0.35";
    object      phi;
}
// * * * * * * * * * * * * * * * * * * * * * * * * * * * * * * * * * * * * * //

dimensions      [0 3 -1 0 0 0 0];

internalField   nonuniform List<scalar> 
4432
(
-1.50472e-06
1.50472e-06
6.21203e-07
-2.12592e-06
4.00881e-06
-3.3876e-06
7.73485e-06
-3.72603e-06
1.15517e-05
-3.81684e-06
1.53654e-05
-3.8137e-06
1.91318e-05
-3.76635e-06
2.28148e-05
-3.68299e-06
2.63785e-05
-3.56374e-06
2.97855e-05
-3.40698e-06
3.29922e-05
-3.20667e-06
3.59414e-05
-2.9492e-06
3.85562e-05
-2.6148e-06
4.0737e-05
-2.1808e-06
4.23495e-05
-1.61246e-06
4.3193e-05
-8.43527e-07
4.29612e-05
2.31833e-07
4.11297e-05
1.83143e-06
3.7065e-05
4.06472e-06
3.01595e-05
6.90553e-06
2.02373e-05
9.92226e-06
8.24534e-06
1.19919e-05
8.24534e-06
8.88192e-07
6.16519e-07
3.5767e-06
-4.81444e-06
6.85478e-06
-6.66568e-06
1.03893e-05
-7.26052e-06
1.39988e-05
-7.42641e-06
1.76071e-05
-7.42199e-06
2.11695e-05
-7.32876e-06
2.4649e-05
-7.16248e-06
2.80083e-05
-6.92296e-06
3.1207e-05
-6.60569e-06
3.4198e-05
-6.19771e-06
3.69205e-05
-5.67169e-06
3.92936e-05
-4.98789e-06
4.12124e-05
-4.09955e-06
4.25394e-05
-2.93947e-06
4.3079e-05
-1.38308e-06
4.25357e-05
7.75057e-07
4.04999e-05
3.86724e-06
3.64117e-05
8.15297e-06
2.98271e-05
1.34901e-05
2.06692e-05
1.90802e-05
9.80014e-06
2.2861e-05
1.80455e-05
2.68513e-06
-2.0686e-06
5.62008e-06
-7.74938e-06
8.79248e-06
-9.83807e-06
1.21319e-05
-1.05999e-05
1.55249e-05
-1.08194e-05
1.89148e-05
-1.08119e-05
2.22632e-05
-1.06772e-05
2.55336e-05
-1.04329e-05
2.8687e-05
-1.00764e-05
3.16807e-05
-9.59938e-06
3.44645e-05
-8.9815e-06
3.69741e-05
-8.18128e-06
3.91239e-05
-7.13767e-06
4.08032e-05
-5.77886e-06
4.18715e-05
-4.00777e-06
4.21432e-05
-1.6548e-06
4.13713e-05
1.54702e-06
3.92136e-05
6.02493e-06
3.52308e-05
1.21357e-05
2.90943e-05
1.96267e-05
2.08397e-05
2.73347e-05
1.10053e-05
3.26955e-05
2.90507e-05
3.94387e-06
-6.01249e-06
7.12599e-06
-1.09315e-05
1.02568e-05
-1.29689e-05
1.34425e-05
-1.37856e-05
1.66435e-05
-1.40204e-05
1.98336e-05
-1.4002e-05
2.29851e-05
-1.38287e-05
2.60634e-05
-1.35112e-05
2.90284e-05
-1.30414e-05
3.18355e-05
-1.24065e-05
3.44322e-05
-1.15782e-05
3.67507e-05
-1.04998e-05
3.86995e-05
-9.08648e-06
4.016e-05
-7.23931e-06
4.09861e-05
-4.83396e-06
4.10034e-05
-1.67205e-06
4.00106e-05
2.53981e-06
3.77484e-05
8.28711e-06
3.38756e-05
1.60086e-05
2.81592e-05
2.53431e-05
2.06951e-05
3.47988e-05
1.16786e-05
4.1712e-05
4.07293e-05
4.77659e-06
-1.07891e-05
8.17271e-06
-1.43276e-05
1.13043e-05
-1.61005e-05
1.43826e-05
-1.68639e-05
1.74279e-05
-1.70656e-05
2.04474e-05
-1.70216e-05
2.34264e-05
-1.68076e-05
2.63337e-05
-1.64185e-05
2.913e-05
-1.58377e-05
3.177e-05
-1.50465e-05
3.42e-05
-1.40082e-05
3.63486e-05
-1.26484e-05
3.81169e-05
-1.08547e-05
3.93745e-05
-8.49691e-06
3.99639e-05
-5.42332e-06
3.97147e-05
-1.42285e-06
3.84731e-05
3.7814e-06
3.60791e-05
1.06811e-05
3.2301e-05
1.97867e-05
2.69821e-05
3.0662e-05
2.02449e-05
4.15361e-05
1.1991e-05
4.99659e-05
5.27203e-05
5.31385e-06
-1.61029e-05
8.79335e-06
-1.78071e-05
1.19398e-05
-1.92469e-05
1.495e-05
-1.98741e-05
1.78795e-05
-1.99951e-05
2.07643e-05
-1.99064e-05
2.36004e-05
-1.96437e-05
2.63618e-05
-1.918e-05
2.90121e-05
-1.84879e-05
3.15077e-05
-1.75421e-05
3.37942e-05
-1.62947e-05
3.57964e-05
-1.46507e-05
3.74064e-05
-1.24647e-05
3.84778e-05
-9.56832e-06
3.88309e-05
-5.77638e-06
3.82819e-05
-8.7384e-07
3.67165e-05
5.34679e-06
3.41057e-05
1.32919e-05
3.04036e-05
2.34887e-05
2.5521e-05
3.55446e-05
1.9576e-05
4.74811e-05
1.21915e-05
5.73504e-05
6.49118e-05
5.62857e-06
-2.17315e-05
9.02871e-06
-2.12073e-05
1.21963e-05
-2.24145e-05
1.51646e-05
-2.28425e-05
1.80152e-05
-2.28456e-05
2.08001e-05
-2.26914e-05
2.35205e-05
-2.2364e-05
2.6157e-05
-2.18165e-05
2.86789e-05
-2.10098e-05
3.10461e-05
-1.99094e-05
3.32028e-05
-1.84514e-05
3.50684e-05
-1.65163e-05
3.65252e-05
-1.39215e-05
3.74063e-05
-1.04494e-05
3.75086e-05
-5.8787e-06
3.66175e-05
1.72622e-08
3.46563e-05
7.30804e-06
3.17462e-05
1.62019e-05
2.80402e-05
2.71948e-05
2.37906e-05
3.97942e-05
1.8879e-05
5.23927e-05
1.26122e-05
6.36172e-05
7.7524e-05
5.57528e-06
-2.73068e-05
8.93695e-06
-2.4569e-05
1.21331e-05
-2.56106e-05
1.50714e-05
-2.57808e-05
1.78695e-05
-2.56437e-05
2.05756e-05
-2.53975e-05
2.31918e-05
-2.49803e-05
2.57071e-05
-2.43317e-05
2.80984e-05
-2.34011e-05
3.03289e-05
-2.21399e-05
3.23398e-05
-2.04623e-05
3.40436e-05
-1.822e-05
3.53162e-05
-1.51941e-05
3.5983e-05
-1.11162e-05
3.58476e-05
-5.74327e-06
3.46286e-05
1.23623e-06
3.22732e-05
9.66348e-06
2.89908e-05
1.94843e-05
2.53337e-05
3.08518e-05
2.18971e-05
4.32308e-05
1.8519e-05
5.57709e-05
1.41156e-05
6.80206e-05
9.16396e-05
-3.44819e-05
3.44819e-05
-5.36006e-05
1.91186e-05
-5.60124e-05
2.41182e-06
-5.08146e-05
-5.19776e-06
-4.06911e-05
-1.01235e-05
-2.65684e-05
-1.41227e-05
-1.07406e-05
-1.58277e-05
5.21898e-06
-1.59596e-05
1.98585e-05
-1.46395e-05
3.22892e-05
-1.24307e-05
4.24178e-05
-1.01285e-05
4.96575e-05
-7.23974e-06
5.31883e-05
-3.53077e-06
5.21679e-05
1.02043e-06
4.58761e-05
6.29182e-06
3.38619e-05
1.20142e-05
1.6382e-05
1.74798e-05
-3.91553e-06
2.02975e-05
-3.91553e-06
-2.74215e-05
6.19035e-05
-4.13267e-05
3.30239e-05
-4.20713e-05
3.15633e-06
-3.61707e-05
-1.10983e-05
-2.6282e-05
-2.00122e-05
-1.34587e-05
-2.69461e-05
6.09678e-07
-2.98961e-05
1.40805e-05
-2.94305e-05
2.62982e-05
-2.68571e-05
3.71598e-05
-2.32924e-05
4.60697e-05
-1.90384e-05
5.23359e-05
-1.35059e-05
5.52181e-05
-6.41299e-06
5.40294e-05
2.20911e-06
4.82109e-05
1.21103e-05
3.76052e-05
2.26198e-05
2.28343e-05
3.22507e-05
7.39171e-06
3.57401e-05
3.47612e-06
-2.07162e-05
8.26196e-05
-3.08919e-05
4.31996e-05
-3.08897e-05
3.15412e-06
-2.41097e-05
-1.78783e-05
-1.41134e-05
-3.00085e-05
-2.24215e-06
-3.88173e-05
9.81495e-06
-4.19531e-05
2.1087e-05
-4.07025e-05
3.15565e-05
-3.73266e-05
4.09896e-05
-3.27256e-05
4.87187e-05
-2.67675e-05
5.4048e-05
-1.88352e-05
5.62942e-05
-8.65924e-06
5.48646e-05
3.6388e-06
4.93583e-05
1.76165e-05
3.97931e-05
3.21851e-05
2.69568e-05
4.5087e-05
1.34507e-05
4.92462e-05
1.69268e-05
-1.3042e-05
9.56617e-05
-1.97231e-05
4.98807e-05
-2.04863e-05
3.91723e-06
-1.28739e-05
-2.54906e-05
-2.41094e-06
-4.04714e-05
8.61759e-06
-4.98458e-05
1.86287e-05
-5.19643e-05
2.7911e-05
-4.99848e-05
3.67452e-05
-4.61608e-05
4.4809e-05
-4.07894e-05
5.14113e-05
-3.33698e-05
5.5847e-05
-2.32708e-05
5.74634e-05
-1.02757e-05
5.57331e-05
5.36904e-06
5.03591e-05
2.29905e-05
4.1434e-05
4.11102e-05
2.96959e-05
5.68251e-05
1.67184e-05
6.22237e-05
3.36452e-05
-4.48921e-06
0.000100151
-5.8546e-06
5.1246e-05
-1.06095e-05
8.67208e-06
-1.00304e-06
-3.50971e-05
9.52398e-06
-5.09984e-05
1.96746e-05
-5.99965e-05
2.75367e-05
-5.98264e-05
3.48005e-05
-5.72486e-05
4.20165e-05
-5.33768e-05
4.87593e-05
-4.75322e-05
5.42839e-05
-3.88944e-05
5.78611e-05
-2.6848e-05
5.885e-05
-1.12645e-05
5.67666e-05
7.45244e-06
5.1376e-05
2.83812e-05
4.27969e-05
4.96893e-05
3.16115e-05
6.80105e-05
1.85481e-05
7.52871e-05
5.21933e-05
7.30729e-06
9.28436e-05
9.82492e-06
4.87284e-05
1.38835e-05
4.61341e-06
2.89745e-05
-5.01875e-05
2.42698e-05
-4.62936e-05
3.16534e-05
-6.738e-05
3.65216e-05
-6.46946e-05
4.16379e-05
-6.23649e-05
4.72852e-05
-5.90241e-05
5.27859e-05
-5.30329e-05
5.72974e-05
-4.34059e-05
6.00548e-05
-2.96054e-05
6.04194e-05
-1.16291e-05
5.79369e-05
9.93492e-06
5.24099e-05
3.39082e-05
4.39607e-05
5.81384e-05
3.29982e-05
7.8973e-05
1.96496e-05
8.86357e-05
7.18429e-05
1.36289e-05
7.92147e-05
2.58783e-05
3.6479e-05
2.85164e-05
1.9755e-06
3.00689e-05
-5.17399e-05
4.53387e-05
-6.15635e-05
4.38594e-05
-6.59007e-05
4.49696e-05
-6.58049e-05
4.81202e-05
-6.55155e-05
5.23891e-05
-6.3293e-05
5.67832e-05
-5.74271e-05
6.03678e-05
-4.69905e-05
6.23499e-05
-3.15875e-05
6.20939e-05
-1.13731e-05
5.91714e-05
1.28575e-05
5.34114e-05
3.96681e-05
4.49328e-05
6.6617e-05
3.39906e-05
8.99153e-05
2.03683e-05
0.000102258
9.22112e-05
1.57864e-05
6.34283e-05
3.47662e-05
1.74992e-05
3.7798e-05
-1.05632e-06
4.54572e-05
-5.93997e-05
5.46591e-05
-7.07654e-05
5.24572e-05
-6.36988e-05
5.19473e-05
-6.5295e-05
5.38992e-05
-6.74674e-05
5.71577e-05
-6.65515e-05
6.06424e-05
-6.09118e-05
6.34055e-05
-4.97536e-05
6.46583e-05
-3.28403e-05
6.37814e-05
-1.04963e-05
6.03757e-05
1.62632e-05
5.43e-05
4.57438e-05
4.56741e-05
7.52428e-05
3.46632e-05
0.000100926
2.08392e-05
0.000116082
0.00011305
8.91306e-06
-3.62199e-05
1.69457e-05
-3.26016e-05
2.38002e-05
-3.24652e-05
3.01156e-05
-3.20962e-05
3.60262e-05
-3.15544e-05
4.15886e-05
-3.09599e-05
4.68177e-05
-3.02094e-05
5.17097e-05
-2.92238e-05
5.62427e-05
-2.79341e-05
6.03733e-05
-2.62705e-05
6.40345e-05
-2.41235e-05
6.71362e-05
-2.13217e-05
6.95488e-05
-1.76067e-05
7.10496e-05
-1.2617e-05
7.12223e-05
-5.91587e-06
6.94602e-05
2.99831e-06
6.50891e-05
1.40346e-05
5.79051e-05
2.66683e-05
4.95541e-05
3.92029e-05
4.31365e-05
4.96483e-05
4.16419e-05
5.72655e-05
4.59198e-05
6.37427e-05
6.7218e-05
7.03413e-05
5.18061e-06
-4.14006e-05
1.22632e-05
-3.96843e-05
1.88245e-05
-3.90264e-05
2.50207e-05
-3.82924e-05
3.08948e-05
-3.74284e-05
3.64203e-05
-3.64854e-05
4.16107e-05
-3.53998e-05
4.64712e-05
-3.40843e-05
5.09911e-05
-3.24539e-05
5.51355e-05
-3.04149e-05
5.88535e-05
-2.78414e-05
6.2084e-05
-2.45523e-05
6.47642e-05
-2.02868e-05
6.68269e-05
-1.46797e-05
6.81906e-05
-7.27952e-06
6.88475e-05
2.34141e-06
6.86001e-05
1.4282e-05
6.71336e-05
2.81349e-05
6.37468e-05
4.25897e-05
5.87217e-05
5.46734e-05
5.30568e-05
6.29303e-05
5.72588e-05
5.95408e-05
5.78405e-05
6.66363e-05
4.1514e-06
-4.5552e-05
1.03175e-05
-4.58504e-05
1.64108e-05
-4.51197e-05
2.22755e-05
-4.41571e-05
2.78999e-05
-4.30529e-05
3.32472e-05
-4.18327e-05
3.82991e-05
-4.04517e-05
4.30495e-05
-3.88347e-05
4.74913e-05
-3.68957e-05
5.16092e-05
-3.45328e-05
5.53814e-05
-3.16136e-05
5.87937e-05
-2.79645e-05
6.18673e-05
-2.33604e-05
6.46722e-05
-1.74847e-05
6.73239e-05
-9.93117e-06
6.99601e-05
-2.94798e-07
7.26569e-05
1.15852e-05
7.54462e-05
2.53456e-05
7.81652e-05
3.98708e-05
7.9836e-05
5.30026e-05
8.0997e-05
6.17694e-05
7.77936e-05
6.27442e-05
5.22571e-05
8.3377e-05
4.63256e-06
-5.01846e-05
1.02536e-05
-5.14714e-05
1.58316e-05
-5.06977e-05
2.12683e-05
-4.95938e-05
2.65326e-05
-4.83172e-05
3.1588e-05
-4.6888e-05
3.64062e-05
-4.52698e-05
4.09684e-05
-4.33969e-05
4.52625e-05
-4.11898e-05
4.92812e-05
-3.85515e-05
5.30224e-05
-3.53548e-05
5.65104e-05
-3.14525e-05
5.98469e-05
-2.66969e-05
6.32212e-05
-2.0859e-05
6.68762e-05
-1.35861e-05
7.10274e-05
-4.44601e-06
7.58094e-05
6.80317e-06
8.13405e-05
1.98145e-05
8.77177e-05
3.34936e-05
9.47594e-05
4.5961e-05
0.000101797
5.47318e-05
0.000108083
5.64579e-05
5.01713e-05
0.000110169
5.36891e-06
-5.55534e-05
1.085e-05
-5.69524e-05
1.60907e-05
-5.59384e-05
2.11585e-05
-5.46616e-05
2.60666e-05
-5.32252e-05
3.07997e-05
-5.16211e-05
3.53341e-05
-4.98043e-05
3.96462e-05
-4.77091e-05
4.37204e-05
-4.5264e-05
4.75524e-05
-4.23835e-05
5.11446e-05
-3.8947e-05
5.45306e-05
-3.48385e-05
5.78709e-05
-3.00372e-05
6.14631e-05
-2.44511e-05
6.56749e-05
-1.77979e-05
7.07736e-05
-9.54468e-06
7.68727e-05
7.03994e-07
8.39803e-05
1.2707e-05
9.22734e-05
2.52006e-05
0.000101863
3.63718e-05
0.000112413
4.41817e-05
0.000122794
4.60766e-05
4.06175e-05
0.000132348
6.18714e-06
-6.17405e-05
1.15834e-05
-6.23487e-05
1.65473e-05
-6.09022e-05
2.13076e-05
-5.94218e-05
2.58995e-05
-5.78172e-05
3.03226e-05
-5.60442e-05
3.45592e-05
-5.40409e-05
3.85832e-05
-5.17332e-05
4.2379e-05
-4.90599e-05
4.59512e-05
-4.59557e-05
4.92971e-05
-4.2293e-05
5.24127e-05
-3.79542e-05
5.54854e-05
-3.311e-05
5.89077e-05
-2.78735e-05
6.31829e-05
-2.20732e-05
6.86178e-05
-1.49796e-05
7.52594e-05
-5.93759e-06
8.30129e-05
4.95338e-06
9.19952e-05
1.62183e-05
0.000102506
2.58608e-05
0.000114281
3.24067e-05
0.000126418
3.39401e-05
2.91087e-05
0.000137927
7.18949e-06
-6.89299e-05
1.19766e-05
-6.71357e-05
1.66665e-05
-6.55921e-05
2.12092e-05
-6.39644e-05
2.55606e-05
-6.21686e-05
2.97225e-05
-6.0206e-05
3.36796e-05
-5.7998e-05
3.74046e-05
-5.54581e-05
4.08797e-05
-5.2535e-05
4.41349e-05
-4.92109e-05
4.71922e-05
-4.53503e-05
4.99554e-05
-4.07175e-05
5.26234e-05
-3.5778e-05
5.56289e-05
-3.08789e-05
5.9593e-05
-2.60373e-05
6.47251e-05
-2.01116e-05
7.10415e-05
-1.2254e-05
7.87185e-05
-2.72359e-06
8.78707e-05
7.06615e-06
9.88474e-05
1.48841e-05
0.000111395
1.98592e-05
0.000124645
2.06897e-05
1.63977e-05
0.000137356
8.77842e-06
-7.77082e-05
1.13524e-05
-6.97091e-05
1.59915e-05
-7.02309e-05
2.04616e-05
-6.84342e-05
2.47227e-05
-6.64296e-05
2.87396e-05
-6.42227e-05
3.24861e-05
-6.17444e-05
3.59442e-05
-5.89161e-05
3.9092e-05
-5.56828e-05
4.19782e-05
-5.2097e-05
4.47111e-05
-4.80831e-05
4.71973e-05
-4.32036e-05
4.9766e-05
-3.83467e-05
5.25805e-05
-3.36933e-05
5.61224e-05
-2.95792e-05
6.04721e-05
-2.44613e-05
6.56251e-05
-1.7407e-05
7.30354e-05
-1.01338e-05
8.30293e-05
-2.92778e-06
9.49499e-05
2.96351e-06
0.000108206
6.60301e-06
0.000122118
6.77729e-06
2.81699e-06
0.000135699
2.14297e-05
-9.91378e-05
1.31807e-05
-6.146e-05
1.47148e-05
-7.17648e-05
1.87596e-05
-7.24788e-05
2.27621e-05
-7.04318e-05
2.65257e-05
-6.79862e-05
2.99494e-05
-6.51679e-05
3.3035e-05
-6.20016e-05
3.57935e-05
-5.84412e-05
3.81491e-05
-5.44525e-05
4.0225e-05
-5.0159e-05
4.25358e-05
-4.55144e-05
4.53849e-05
-4.11958e-05
4.89756e-05
-3.72837e-05
5.28534e-05
-3.34568e-05
5.85502e-05
-3.01579e-05
6.52216e-05
-2.40784e-05
7.30434e-05
-1.79555e-05
8.27856e-05
-1.26699e-05
9.43338e-05
-8.5847e-06
0.000107195
-6.2585e-06
0.0001207
-6.72722e-06
-1.05842e-05
0.000134101
4.00146e-06
-0.000103139
1.25443e-05
-7.00034e-05
1.60618e-05
-7.52826e-05
1.98132e-05
-7.62305e-05
2.35272e-05
-7.4146e-05
2.69362e-05
-7.13954e-05
3.01043e-05
-6.83361e-05
3.30542e-05
-6.49516e-05
3.58568e-05
-6.12437e-05
3.86455e-05
-5.72413e-05
4.15613e-05
-5.30748e-05
4.48308e-05
-4.87839e-05
4.77875e-05
-4.41525e-05
5.03889e-05
-3.9885e-05
5.24388e-05
-3.55063e-05
5.63579e-05
-3.40768e-05
6.71844e-05
-3.49045e-05
7.71037e-05
-2.78746e-05
8.6776e-05
-2.23421e-05
9.79329e-05
-1.97415e-05
0.000110393
-1.87183e-05
0.000123178
-1.9512e-05
-2.33829e-05
0.000135976
-1.54486e-06
-0.000101595
8.26109e-06
-7.98096e-05
1.3173e-05
-8.01948e-05
1.6394e-05
-7.94518e-05
1.94707e-05
-7.72229e-05
2.25096e-05
-7.44346e-05
2.5523e-05
-7.13497e-05
2.85673e-05
-6.79961e-05
3.17002e-05
-6.43769e-05
3.50134e-05
-6.05546e-05
3.86121e-05
-5.66737e-05
4.25805e-05
-5.27523e-05
4.70159e-05
-4.8588e-05
5.11975e-05
-4.40669e-05
5.70224e-05
-4.13314e-05
6.33206e-05
-4.03751e-05
6.89228e-05
-4.05067e-05
7.30746e-05
-3.20261e-05
8.44708e-05
-3.3738e-05
0.000101392
-3.66626e-05
0.000117933
-3.52592e-05
0.000130152
-3.17308e-05
-3.46074e-05
0.000141377
-1.69558e-06
-9.98989e-05
5.35344e-06
-8.68585e-05
9.50079e-06
-8.43421e-05
1.22737e-05
-8.22247e-05
1.48116e-05
-7.97608e-05
1.74215e-05
-7.70446e-05
2.02045e-05
-7.41328e-05
2.32323e-05
-7.1024e-05
2.65736e-05
-6.77183e-05
3.0283e-05
-6.42641e-05
3.43795e-05
-6.07702e-05
3.89161e-05
-5.72889e-05
4.41387e-05
-5.38107e-05
5.04558e-05
-5.03841e-05
5.68233e-05
-4.76993e-05
6.3474e-05
-4.7026e-05
6.87862e-05
-4.58192e-05
8.08057e-05
-4.40457e-05
9.40837e-05
-4.70159e-05
0.000108315
-5.08938e-05
0.000119836
-4.67801e-05
0.000132484
-4.43787e-05
-5.06242e-05
0.000148501
-1.06705e-06
-9.88318e-05
3.09507e-06
-9.10206e-05
6.06296e-06
-8.73099e-05
8.33584e-06
-8.44976e-05
1.04801e-05
-8.19051e-05
1.27585e-05
-7.93231e-05
1.52999e-05
-7.66742e-05
1.81924e-05
-7.39165e-05
2.15112e-05
-7.10371e-05
2.53146e-05
-6.80675e-05
2.96274e-05
-6.50831e-05
3.44866e-05
-6.21482e-05
3.99894e-05
-5.93135e-05
4.62935e-05
-5.66883e-05
5.3321e-05
-5.47268e-05
6.01178e-05
-5.38229e-05
6.7429e-05
-5.31305e-05
7.63408e-05
-5.29577e-05
8.47185e-05
-5.53936e-05
9.03383e-05
-5.6514e-05
9.90954e-05
-5.55373e-05
0.000110899
-5.6182e-05
-6.05975e-05
0.000120872
-9.29385e-07
-9.79021e-05
1.14492e-06
-9.30947e-05
3.06714e-06
-8.92321e-05
4.81294e-06
-8.62434e-05
6.59337e-06
-8.36855e-05
8.56716e-06
-8.12969e-05
1.08425e-05
-7.89496e-05
1.35034e-05
-7.65775e-05
1.66218e-05
-7.41557e-05
2.0254e-05
-7.16997e-05
2.44303e-05
-6.92594e-05
2.91768e-05
-6.68948e-05
3.45328e-05
-6.46696e-05
4.05467e-05
-6.27022e-05
4.70355e-05
-6.12156e-05
5.36148e-05
-6.04023e-05
6.04901e-05
-6.00058e-05
6.78233e-05
-6.0291e-05
7.40667e-05
-6.1637e-05
8.00489e-05
-6.24962e-05
8.71585e-05
-6.26473e-05
9.56463e-05
-6.467e-05
-6.82881e-05
0.000103337
-1.12229e-06
-9.67799e-05
-4.27552e-07
-9.37894e-05
6.14182e-07
-9.02738e-05
1.81227e-06
-8.74414e-05
3.19036e-06
-8.50637e-05
4.8188e-06
-8.29254e-05
6.76967e-06
-8.09006e-05
9.10827e-06
-7.89162e-05
1.18927e-05
-7.69401e-05
1.5168e-05
-7.49751e-05
1.89598e-05
-7.30513e-05
2.32784e-05
-7.12135e-05
2.81271e-05
-6.95183e-05
3.3477e-05
-6.80522e-05
3.92019e-05
-6.69406e-05
4.50742e-05
-6.62745e-05
5.10647e-05
-6.59963e-05
5.69716e-05
-6.61979e-05
6.22535e-05
-6.69189e-05
6.73059e-05
-6.75487e-05
7.28427e-05
-6.8184e-05
7.78244e-05
-6.96517e-05
-7.15663e-05
8.11027e-05
-1.4486e-06
-9.53311e-05
-1.64818e-06
-9.35898e-05
-1.31123e-06
-9.06108e-05
-6.46958e-07
-8.81057e-05
2.94163e-07
-8.60048e-05
1.52754e-06
-8.41588e-05
3.09023e-06
-8.24633e-05
5.02471e-06
-8.08507e-05
7.37115e-06
-7.92866e-05
1.016e-05
-7.7764e-05
1.34046e-05
-7.62959e-05
1.71013e-05
-7.49103e-05
2.12278e-05
-7.36449e-05
2.57291e-05
-7.25535e-05
3.04911e-05
-7.17025e-05
3.5353e-05
-7.11364e-05
4.02007e-05
-7.08441e-05
4.48507e-05
-7.08479e-05
4.9041e-05
-7.11092e-05
5.28714e-05
-7.13791e-05
5.63631e-05
-7.16757e-05
5.89677e-05
-7.22563e-05
-7.28297e-05
6.02313e-05
-1.77165e-06
-9.35595e-05
-2.5794e-06
-9.2782e-05
-2.8057e-06
-9.03845e-05
-2.63367e-06
-8.82778e-05
-2.13821e-06
-8.65003e-05
-1.33359e-06
-8.49635e-05
-2.07778e-07
-8.35892e-05
1.26177e-06
-8.23203e-05
3.09716e-06
-8.1122e-05
5.3127e-06
-7.99796e-05
7.90903e-06
-7.88923e-05
1.087e-05
-7.78713e-05
1.41583e-05
-7.69332e-05
1.77079e-05
-7.61031e-05
2.14152e-05
-7.54097e-05
2.51468e-05
-7.48681e-05
2.87731e-05
-7.44703e-05
3.21325e-05
-7.42073e-05
3.50503e-05
-7.4027e-05
3.74775e-05
-7.38063e-05
3.93212e-05
-7.35194e-05
4.02599e-05
-7.3195e-05
-7.26388e-05
4.00692e-05
-2.04459e-06
-9.15147e-05
-3.29193e-06
-9.15347e-05
-3.97504e-06
-8.97014e-05
-4.24607e-06
-8.80068e-05
-4.1824e-06
-8.6564e-05
-3.81474e-06
-8.53312e-05
-3.14941e-06
-8.42545e-05
-2.1806e-06
-8.32891e-05
-9.00413e-07
-8.24023e-05
6.92974e-07
-8.1573e-05
2.58857e-06
-8.07879e-05
4.75933e-06
-8.00421e-05
7.16008e-06
-7.9334e-05
9.72207e-06
-7.86651e-05
1.23505e-05
-7.80382e-05
1.49299e-05
-7.74474e-05
1.73359e-05
-7.68763e-05
1.94288e-05
-7.63001e-05
2.10703e-05
-7.56685e-05
2.21685e-05
-7.49045e-05
2.26102e-05
-7.39612e-05
2.2209e-05
-7.27937e-05
-7.12625e-05
2.08328e-05
-2.2553e-06
-8.92596e-05
-3.83463e-06
-8.99554e-05
-4.89533e-06
-8.86407e-05
-5.56211e-06
-8.734e-05
-5.90746e-06
-8.62187e-05
-5.9694e-06
-8.52692e-05
-5.76575e-06
-8.44582e-05
-5.30415e-06
-8.37508e-05
-4.5901e-06
-8.31163e-05
-3.63367e-06
-8.25295e-05
-2.45347e-06
-8.19681e-05
-1.08188e-06
-8.14137e-05
4.33015e-07
-8.08489e-05
2.02399e-06
-8.02561e-05
3.6046e-06
-7.96188e-05
5.074e-06
-7.89168e-05
6.32199e-06
-7.81243e-05
7.23039e-06
-7.72085e-05
7.68498e-06
-7.61231e-05
7.59054e-06
-7.48101e-05
6.84771e-06
-7.32183e-05
5.34246e-06
-7.12885e-05
-6.89229e-05
3.00295e-06
-2.40865e-06
-8.68508e-05
-4.24471e-06
-8.81193e-05
-5.62002e-06
-8.72654e-05
-6.63707e-06
-8.6323e-05
-7.36123e-06
-8.54946e-05
-7.83292e-06
-8.47976e-05
-8.0772e-06
-8.4214e-05
-8.11122e-06
-8.37168e-05
-7.95023e-06
-8.32773e-05
-7.61274e-06
-8.28669e-05
-7.1242e-06
-8.24567e-05
-6.52063e-06
-8.20173e-05
-5.85057e-06
-8.15189e-05
-5.17558e-06
-8.09311e-05
-4.57105e-06
-8.02233e-05
-4.12349e-06
-7.93644e-05
-3.92662e-06
-7.83211e-05
-4.07789e-06
-7.70572e-05
-4.6705e-06
-7.55304e-05
-5.78646e-06
-7.36941e-05
-7.50246e-06
-7.15024e-05
-9.88636e-06
-6.89046e-05
-6.58393e-05
-1.29699e-05
-2.51317e-06
-8.43378e-05
-4.54843e-06
-8.60841e-05
-6.18532e-06
-8.56286e-05
-7.50812e-06
-8.50002e-05
-8.57491e-06
-8.44278e-05
-9.42601e-06
-8.39465e-05
-1.00907e-05
-8.35493e-05
-1.05923e-05
-8.32152e-05
-1.09528e-05
-8.29168e-05
-1.11965e-05
-8.26232e-05
-1.13528e-05
-8.23003e-05
-1.14588e-05
-8.19112e-05
-1.15605e-05
-8.14172e-05
-1.1713e-05
-8.07785e-05
-1.19807e-05
-7.99556e-05
-1.2435e-05
-7.891e-05
-1.3152e-05
-7.76041e-05
-1.42086e-05
-7.60006e-05
-1.5677e-05
-7.4062e-05
-1.76204e-05
-7.17507e-05
-2.00918e-05
-6.90309e-05
-2.31295e-05
-6.58669e-05
-6.22237e-05
-2.67451e-05
-2.57711e-06
-8.17606e-05
-4.76413e-06
-8.38971e-05
-6.61496e-06
-8.37778e-05
-8.19902e-06
-8.34162e-05
-9.56747e-06
-8.30594e-05
-1.07592e-05
-8.27548e-05
-1.18053e-05
-8.25032e-05
-1.27328e-05
-8.22876e-05
-1.35679e-05
-8.20817e-05
-1.43381e-05
-8.18531e-05
-1.50743e-05
-8.1564e-05
-1.58125e-05
-8.1173e-05
-1.65943e-05
-8.06354e-05
-1.74671e-05
-7.99057e-05
-1.84836e-05
-7.89391e-05
-1.97005e-05
-7.76931e-05
-2.11765e-05
-7.61281e-05
-2.29689e-05
-7.42082e-05
-2.51302e-05
-7.19006e-05
-2.77045e-05
-6.91765e-05
-3.07249e-05
-6.60106e-05
-3.42102e-05
-6.23815e-05
-5.82732e-05
-3.81607e-05
-2.60638e-06
-7.91545e-05
-4.90347e-06
-8.16001e-05
-6.92394e-06
-8.17574e-05
-8.72456e-06
-8.16156e-05
-1.03501e-05
-8.14338e-05
-1.18372e-05
-8.12677e-05
-1.32173e-05
-8.11232e-05
-1.45191e-05
-8.09858e-05
-1.57705e-05
-8.08302e-05
-1.70003e-05
-8.06232e-05
-1.82391e-05
-8.03252e-05
-1.952e-05
-7.9892e-05
-2.0879e-05
-7.92763e-05
-2.23551e-05
-7.84296e-05
-2.39894e-05
-7.73048e-05
-2.58244e-05
-7.5858e-05
-2.79024e-05
-7.40501e-05
-3.02632e-05
-7.18473e-05
-3.29418e-05
-6.92221e-05
-3.59651e-05
-6.61532e-05
-3.93504e-05
-6.26253e-05
-4.31034e-05
-5.86286e-05
-5.416e-05
-4.72165e-05
-2.60499e-06
-7.65495e-05
-4.97416e-06
-7.9231e-05
-7.12197e-06
-7.96096e-05
-9.09436e-06
-7.96433e-05
-1.09302e-05
-7.95979e-05
-1.26633e-05
-7.95347e-05
-1.43242e-05
-7.94623e-05
-1.59416e-05
-7.93683e-05
-1.75439e-05
-7.92279e-05
-1.91594e-05
-7.90077e-05
-2.08168e-05
-7.86678e-05
-2.25453e-05
-7.81635e-05
-2.43749e-05
-7.74466e-05
-2.63358e-05
-7.64686e-05
-2.84583e-05
-7.51824e-05
-3.07716e-05
-7.35446e-05
-3.33037e-05
-7.1518e-05
-3.60791e-05
-6.90719e-05
-3.91175e-05
-6.61837e-05
-4.24321e-05
-6.28386e-05
-4.60278e-05
-5.90297e-05
-4.99008e-05
-5.47556e-05
-5.00222e-05
-5.40386e-05
-2.57561e-06
-7.3974e-05
-4.98138e-06
-7.68253e-05
-7.21596e-06
-7.73751e-05
-9.31576e-06
-7.75435e-05
-1.13142e-05
-7.75996e-05
-1.32417e-05
-7.76072e-05
-1.51271e-05
-7.75769e-05
-1.69984e-05
-7.74971e-05
-1.88828e-05
-7.73435e-05
-2.08071e-05
-7.70834e-05
-2.27972e-05
-7.66776e-05
-2.48783e-05
-7.60823e-05
-2.70738e-05
-7.5251e-05
-2.94059e-05
-7.41365e-05
-3.18947e-05
-7.26935e-05
-3.45583e-05
-7.08811e-05
-3.74118e-05
-6.86644e-05
-4.04671e-05
-6.60165e-05
-4.37318e-05
-6.2919e-05
-4.72078e-05
-5.93627e-05
-5.08909e-05
-5.53466e-05
-5.47709e-05
-5.08757e-05
-4.59621e-05
-5.88311e-05
-2.52021e-06
-7.14538e-05
-4.92938e-06
-7.44162e-05
-7.21194e-06
-7.50926e-05
-9.39587e-06
-7.53596e-05
-1.15093e-05
-7.54861e-05
-1.35794e-05
-7.55371e-05
-1.56327e-05
-7.55236e-05
-1.76953e-05
-7.54344e-05
-1.9793e-05
-7.52458e-05
-2.19501e-05
-7.49262e-05
-2.41896e-05
-7.4438e-05
-2.65321e-05
-7.37398e-05
-2.89952e-05
-7.27878e-05
-3.15936e-05
-7.1538e-05
-3.43389e-05
-6.99482e-05
-3.72392e-05
-6.79807e-05
-4.02997e-05
-6.5604e-05
-4.35218e-05
-6.27944e-05
-4.69035e-05
-5.95373e-05
-5.04384e-05
-5.58278e-05
-5.41157e-05
-5.16693e-05
-5.79206e-05
-4.7071e-05
-4.20482e-05
-6.18344e-05
-2.44056e-06
-6.90135e-05
-4.82224e-06
-7.20347e-05
-7.11618e-06
-7.27987e-05
-9.34278e-06
-7.3133e-05
-1.15253e-05
-7.33036e-05
-1.36874e-05
-7.3375e-05
-1.58531e-05
-7.33579e-05
-1.80465e-05
-7.3241e-05
-2.0291e-05
-7.30012e-05
-2.26088e-05
-7.26084e-05
-2.50194e-05
-7.20274e-05
-2.75391e-05
-7.12201e-05
-3.01804e-05
-7.01465e-05
-3.29516e-05
-6.87667e-05
-3.5857e-05
-6.70428e-05
-3.88969e-05
-6.49407e-05
-4.20684e-05
-6.24325e-05
-4.53649e-05
-5.94979e-05
-4.8777e-05
-5.61252e-05
-5.22923e-05
-5.23125e-05
-5.58956e-05
-4.80661e-05
-5.95692e-05
-4.33975e-05
-3.83243e-05
-6.32932e-05
-2.33861e-06
-6.66749e-05
-4.66459e-06
-6.97088e-05
-6.93591e-06
-7.05275e-05
-9.1662e-06
-7.09028e-05
-1.13742e-05
-7.10956e-05
-1.35802e-05
-7.11689e-05
-1.58058e-05
-7.11323e-05
-1.80728e-05
-7.0974e-05
-2.04025e-05
-7.06715e-05
-2.28142e-05
-7.01965e-05
-2.53246e-05
-6.95169e-05
-2.79461e-05
-6.85985e-05
-3.06867e-05
-6.74059e-05
-3.35494e-05
-6.59039e-05
-3.65328e-05
-6.40594e-05
-3.96311e-05
-6.18424e-05
-4.28349e-05
-5.92287e-05
-4.61318e-05
-5.62009e-05
-4.95072e-05
-5.27498e-05
-5.29445e-05
-4.88753e-05
-5.64254e-05
-4.45853e-05
-5.99307e-05
-3.98923e-05
-3.48141e-05
-6.3441e-05
-2.21674e-06
-6.44584e-05
-4.46183e-06
-6.74638e-05
-6.67954e-06
-6.83098e-05
-8.87753e-06
-6.87048e-05
-1.10705e-05
-6.89027e-05
-1.32758e-05
-6.89636e-05
-1.55127e-05
-6.88954e-05
-1.78008e-05
-6.86858e-05
-2.01595e-05
-6.83129e-05
-2.26055e-05
-6.77504e-05
-2.51527e-05
-6.69697e-05
-2.78102e-05
-6.5941e-05
-3.05822e-05
-6.46339e-05
-3.34676e-05
-6.30185e-05
-3.64604e-05
-6.10665e-05
-3.95504e-05
-5.87525e-05
-4.27235e-05
-5.60556e-05
-4.59631e-05
-5.29613e-05
-4.92508e-05
-4.94622e-05
-5.2567e-05
-4.55592e-05
-5.5892e-05
-4.12604e-05
-5.9206e-05
-3.65784e-05
-3.15306e-05
-6.24895e-05
-2.07782e-06
-6.23806e-05
-4.22029e-06
-6.53214e-05
-6.35667e-06
-6.61735e-05
-8.48963e-06
-6.65719e-05
-1.06305e-05
-6.67618e-05
-1.27944e-05
-6.67997e-05
-1.49985e-05
-6.66913e-05
-1.72609e-05
-6.64234e-05
-1.95987e-05
-6.5975e-05
-2.20269e-05
-6.53222e-05
-2.45564e-05
-6.44401e-05
-2.71938e-05
-6.33035e-05
-2.99402e-05
-6.18875e-05
-3.27912e-05
-6.01674e-05
-3.57378e-05
-5.81199e-05
-3.87661e-05
-5.57241e-05
-4.1859e-05
-5.29627e-05
-4.49969e-05
-4.98234e-05
-4.81588e-05
-4.63003e-05
-5.13235e-05
-4.23946e-05
-5.447e-05
-3.8114e-05
-5.75787e-05
-3.34699e-05
-2.8478e-05
-6.06314e-05
-1.92529e-06
-6.04555e-05
-3.94715e-06
-6.32997e-05
-5.97784e-06
-6.41429e-05
-8.01636e-06
-6.45334e-05
-1.00718e-05
-6.47064e-05
-1.21577e-05
-6.47138e-05
-1.42899e-05
-6.4559e-05
-1.64852e-05
-6.4228e-05
-1.87592e-05
-6.3701e-05
-2.11247e-05
-6.29566e-05
-2.35907e-05
-6.1974e-05
-2.61613e-05
-6.07329e-05
-2.88352e-05
-5.92135e-05
-3.16059e-05
-5.73967e-05
-3.44618e-05
-5.5264e-05
-3.73869e-05
-5.2799e-05
-4.03619e-05
-4.99877e-05
-4.33652e-05
-4.68202e-05
-4.63741e-05
-4.32915e-05
-4.9366e-05
-3.94027e-05
-5.23197e-05
-3.51604e-05
-5.52159e-05
-3.05739e-05
-2.56568e-05
-5.80373e-05
-1.7632e-06
-5.86924e-05
-3.65048e-06
-6.14125e-05
-5.55426e-06
-6.22392e-05
-7.47206e-06
-6.26157e-05
-9.4122e-06
-6.27662e-05
-1.13877e-05
-6.27383e-05
-1.34139e-05
-6.25328e-05
-1.55066e-05
-6.21353e-05
-1.76801e-05
-6.15274e-05
-1.99456e-05
-6.06911e-05
-2.23101e-05
-5.96094e-05
-2.47757e-05
-5.82672e-05
-2.73396e-05
-5.66496e-05
-2.99934e-05
-5.47428e-05
-3.27242e-05
-5.25332e-05
-3.55148e-05
-5.00085e-05
-3.83443e-05
-4.71582e-05
-4.11899e-05
-4.39746e-05
-4.40274e-05
-4.0454e-05
-4.68335e-05
-3.65967e-05
-4.95865e-05
-3.24076e-05
-5.22674e-05
-2.7893e-05
-2.30629e-05
-5.48614e-05
-1.59639e-06
-5.70962e-05
-3.33916e-06
-5.96698e-05
-5.09755e-06
-6.04808e-05
-6.871e-06
-6.08423e-05
-8.66919e-06
-6.09681e-05
-1.05059e-05
-6.09016e-05
-1.23968e-05
-6.06419e-05
-1.4357e-05
-6.01751e-05
-1.63996e-05
-5.94848e-05
-1.85342e-05
-5.85564e-05
-2.07662e-05
-5.73774e-05
-2.30963e-05
-5.59371e-05
-2.55201e-05
-5.42257e-05
-2.80288e-05
-5.22341e-05
-3.06086e-05
-4.99533e-05
-3.32419e-05
-4.73752e-05
-3.59071e-05
-4.4493e-05
-3.85804e-05
-4.13014e-05
-4.12366e-05
-3.77978e-05
-4.38509e-05
-3.39825e-05
-4.6401e-05
-2.98577e-05
-4.88684e-05
-2.54258e-05
-2.06918e-05
-5.12397e-05
-1.43112e-06
-5.56652e-05
-3.02318e-06
-5.80778e-05
-4.6196e-06
-5.88845e-05
-6.22703e-06
-5.92349e-05
-7.85945e-06
-5.93356e-05
-9.53296e-06
-5.92281e-05
-1.12638e-05
-5.8911e-05
-1.30668e-05
-5.83721e-05
-1.49536e-05
-5.75979e-05
-1.69323e-05
-5.65777e-05
-1.90067e-05
-5.5303e-05
-2.11764e-05
-5.37674e-05
-2.34365e-05
-5.19656e-05
-2.57779e-05
-4.98926e-05
-2.81873e-05
-4.75439e-05
-3.06473e-05
-4.49153e-05
-3.31366e-05
-4.20037e-05
-3.56307e-05
-3.88073e-05
-3.81031e-05
-3.53255e-05
-4.05271e-05
-3.15586e-05
-4.28782e-05
-2.75067e-05
-4.51376e-05
-2.31666e-05
-1.85348e-05
-4.72947e-05
-1.27536e-06
-5.43899e-05
-2.71394e-06
-5.66393e-05
-4.13256e-06
-5.74659e-05
-5.55338e-06
-5.78141e-05
-6.99858e-06
-5.78904e-05
-8.48796e-06
-5.77387e-05
-1.00387e-05
-5.73603e-05
-1.16645e-05
-5.67462e-05
-1.33756e-05
-5.58868e-05
-1.5178e-05
-5.47752e-05
-1.70742e-05
-5.34068e-05
-1.90629e-05
-5.17787e-05
-2.11394e-05
-4.9889e-05
-2.32956e-05
-4.77364e-05
-2.55194e-05
-4.53201e-05
-2.77949e-05
-4.26398e-05
-3.01019e-05
-3.96967e-05
-3.24162e-05
-3.64931e-05
-3.47097e-05
-3.30321e-05
-3.69525e-05
-2.93159e-05
-3.91162e-05
-2.53431e-05
-4.11791e-05
-2.11039e-05
-1.65821e-05
-4.31319e-05
-1.14054e-06
-5.32495e-05
-2.42566e-06
-5.53543e-05
-3.64947e-06
-5.62421e-05
-4.86277e-06
-5.66008e-05
-6.1012e-06
-5.6652e-05
-7.38909e-06
-5.64508e-05
-8.74374e-06
-5.60056e-05
-1.0177e-05
-5.53128e-05
-1.16964e-05
-5.43674e-05
-1.33057e-05
-5.31659e-05
-1.50059e-05
-5.17066e-05
-1.67955e-05
-4.99891e-05
-1.86706e-05
-4.80139e-05
-2.0625e-05
-4.57821e-05
-2.26492e-05
-4.32958e-05
-2.47306e-05
-4.05585e-05
-2.68516e-05
-3.75757e-05
-2.89896e-05
-3.43553e-05
-3.11155e-05
-3.09062e-05
-3.31953e-05
-2.72362e-05
-3.51928e-05
-2.33457e-05
-3.70783e-05
-1.92186e-05
-1.48175e-05
-3.88431e-05
-1.05432e-06
-5.21953e-05
-2.18044e-06
-5.42282e-05
-3.18515e-06
-5.52375e-05
-4.16736e-06
-5.56186e-05
-5.181e-06
-5.56384e-05
-6.25383e-06
-5.53779e-05
-7.40086e-06
-5.48586e-05
-8.62999e-06
-5.40837e-05
-9.94483e-06
-5.30526e-05
-1.13464e-05
-5.17643e-05
-1.28343e-05
-5.02186e-05
-1.44071e-05
-4.84162e-05
-1.60626e-05
-4.63584e-05
-1.77973e-05
-4.40474e-05
-1.96062e-05
-4.1487e-05
-2.14814e-05
-3.86833e-05
-2.34108e-05
-3.56463e-05
-2.53762e-05
-3.239e-05
-2.73501e-05
-2.89325e-05
-2.92938e-05
-2.52925e-05
-3.11595e-05
-2.14802e-05
-3.29001e-05
-1.74781e-05
-1.32188e-05
-3.4499e-05
-1.09942e-06
-5.1096e-05
-2.01223e-06
-5.33155e-05
-2.75414e-06
-5.44956e-05
-3.477e-06
-5.48957e-05
-4.25029e-06
-5.48651e-05
-5.09924e-06
-5.4529e-05
-6.03165e-06
-5.39261e-05
-7.04845e-06
-5.30668e-05
-8.14804e-06
-5.19529e-05
-9.32831e-06
-5.0584e-05
-1.05876e-05
-4.89593e-05
-1.1925e-05
-4.70788e-05
-1.33403e-05
-4.49431e-05
-1.48338e-05
-4.25539e-05
-1.64057e-05
-3.99151e-05
-1.80553e-05
-3.70337e-05
-1.97793e-05
-3.39223e-05
-2.15685e-05
-3.06008e-05
-2.34028e-05
-2.70983e-05
-2.52437e-05
-2.34517e-05
-2.70282e-05
-1.96958e-05
-2.86768e-05
-1.58297e-05
-1.17488e-05
-3.01469e-05
-1.43212e-06
-4.96638e-05
-1.95515e-06
-5.27925e-05
-2.36345e-06
-5.40873e-05
-2.79604e-06
-5.44632e-05
-3.31909e-06
-5.4342e-05
-3.94216e-06
-5.39059e-05
-4.65791e-06
-5.32104e-05
-5.45696e-06
-5.22678e-05
-6.33171e-06
-5.10782e-05
-7.27707e-06
-4.96386e-05
-8.29053e-06
-4.79459e-05
-9.37191e-06
-4.59974e-05
-1.05232e-05
-4.37918e-05
-1.17482e-05
-4.13289e-05
-1.30527e-05
-3.86105e-05
-1.44445e-05
-3.5642e-05
-1.59318e-05
-3.2435e-05
-1.75214e-05
-2.90112e-05
-1.92112e-05
-2.54086e-05
-2.09765e-05
-2.16864e-05
-2.27471e-05
-1.79253e-05
-2.43902e-05
-1.41866e-05
-1.03487e-05
-2.57903e-05
-2.16584e-06
-4.7498e-05
-2.02516e-06
-5.29332e-05
-2.00818e-06
-5.41043e-05
-2.121e-06
-5.43503e-05
-2.39562e-06
-5.40674e-05
-2.79988e-06
-5.35016e-05
-3.30155e-06
-5.27087e-05
-3.87914e-06
-5.16902e-05
-4.51967e-06
-5.04377e-05
-5.21608e-06
-4.89422e-05
-5.9656e-06
-4.71963e-05
-6.76873e-06
-4.51943e-05
-7.62884e-06
-4.29317e-05
-8.55227e-06
-4.04055e-05
-9.54891e-06
-3.76139e-05
-1.06333e-05
-3.45576e-05
-1.18261e-05
-3.12422e-05
-1.31544e-05
-2.76829e-05
-1.46486e-05
-2.39144e-05
-1.63276e-05
-2.00075e-05
-1.81537e-05
-1.60991e-05
-1.99374e-05
-1.2403e-05
-8.9387e-06
-2.13476e-05
-3.24841e-06
-4.42496e-05
-2.27662e-06
-5.39049e-05
-1.63555e-06
-5.47453e-05
-1.42717e-06
-5.45587e-05
-1.48496e-06
-5.40096e-05
-1.68971e-06
-5.32969e-05
-1.98355e-06
-5.24148e-05
-2.33665e-06
-5.13371e-05
-2.73364e-06
-5.00406e-05
-3.16728e-06
-4.85085e-05
-3.63509e-06
-4.67285e-05
-4.13781e-06
-4.46916e-05
-4.67878e-06
-4.23907e-05
-5.26426e-06
-3.982e-05
-5.90438e-06
-3.69738e-05
-6.61543e-06
-3.38466e-05
-7.42386e-06
-3.04339e-05
-8.37259e-06
-2.67343e-05
-9.5284e-06
-2.27586e-05
-1.09842e-05
-1.85518e-05
-1.28365e-05
-1.42469e-05
-1.50138e-05
-1.02258e-05
-7.34581e-06
-1.66068e-05
-6.73721e-06
-2.23111e-06
-9.9652e-07
-6.49048e-07
-5.77372e-07
-6.20367e-07
-7.18513e-07
-8.45974e-07
-9.91671e-07
-1.15098e-06
-1.32231e-06
-1.50578e-06
-1.70282e-06
-1.91626e-06
-2.15106e-06
-2.41602e-06
-2.72755e-06
-3.11781e-06
-3.65128e-06
-4.45424e-06
-5.76362e-06
-8.02433e-06
-1.16255e-05
4.58887e-05
2.44527e-05
2.69104e-05
1.89783e-05
1.30488e-05
1.38616e-05
2.77554e-06
1.02733e-05
6.85746e-05
2.25143e-05
7.00299e-05
1.7523e-05
7.11379e-05
1.27536e-05
8.3496e-06
6.55638e-05
8.69661e-05
1.89252e-05
8.96222e-05
1.48669e-05
9.20788e-05
1.02971e-05
5.58021e-06
9.48482e-05
0.000110797
1.82968e-05
0.000112311
1.33536e-05
0.000115023
7.58469e-06
2.42064e-06
0.000118183
0.000135812
1.48323e-05
0.000138526
1.06401e-05
0.000140143
5.96771e-06
9.00215e-07
0.000141663
0.000142683
1.00758e-05
0.000146736
6.58738e-06
0.000150045
2.65902e-06
-1.5839e-06
0.000152529
0.000142842
4.58975e-06
0.000147808
1.62148e-06
0.000152286
-1.81874e-06
-5.71661e-06
0.000156419
0.000141847
-1.55861e-06
0.000147579
-4.11018e-06
0.000152895
-7.13454e-06
-1.05869e-05
0.000157765
0.00014017
-7.62738e-06
0.000145982
-9.92225e-06
0.000151431
-1.25834e-05
-1.5532e-05
0.000156376
0.000141449
-1.31001e-05
0.000146758
-1.52312e-05
0.000151819
-1.76441e-05
-2.02888e-05
0.000156575
0.000146913
-1.86363e-05
0.000152378
-2.0696e-05
0.000157325
-2.25913e-05
-2.48296e-05
0.000161866
0.00015561
-2.57452e-05
0.000162038
-2.71234e-05
0.000167882
-2.84358e-05
-2.95604e-05
0.000172613
0.000126851
-3.17242e-05
0.000132314
-3.25859e-05
0.00013709
-3.32121e-05
-3.34605e-05
0.00014099
0.000104935
-3.33222e-05
0.000106162
-3.38124e-05
0.000107088
-3.41385e-05
-3.42755e-05
0.000107903
8.19894e-05
-3.42088e-05
8.2615e-05
-3.44379e-05
8.29616e-05
-3.44852e-05
-3.43289e-05
8.3015e-05
6.04113e-05
-3.43887e-05
6.02863e-05
-3.43128e-05
5.98918e-05
-3.40907e-05
-3.37119e-05
5.92748e-05
3.95942e-05
-3.39137e-05
3.8859e-05
-3.35775e-05
3.78925e-05
-3.31242e-05
-3.25472e-05
3.67277e-05
1.98403e-05
-3.29211e-05
1.86287e-05
-3.23659e-05
1.72168e-05
-3.17122e-05
-3.09578e-05
1.56274e-05
1.60292e-06
-3.1521e-05
1.58366e-08
-3.07788e-05
-1.74624e-06
-2.99501e-05
-2.90352e-05
-3.66881e-06
-1.46792e-05
-2.98116e-05
-1.65479e-05
-2.89101e-05
-1.8566e-05
-2.7932e-05
-2.68784e-05
-2.07228e-05
-2.86657e-05
-2.78909e-05
-3.07186e-05
-2.68571e-05
-3.28944e-05
-2.57562e-05
-2.45906e-05
-3.51823e-05
-4.01993e-05
-2.58523e-05
-4.23428e-05
-2.47136e-05
-4.45821e-05
-2.35169e-05
-2.22657e-05
-4.69069e-05
-4.92921e-05
-2.37767e-05
-5.14463e-05
-2.25594e-05
-5.36705e-05
-2.12927e-05
-1.99808e-05
-5.59554e-05
-5.60882e-05
-2.17271e-05
-5.81924e-05
-2.04552e-05
-6.03437e-05
-1.91415e-05
-1.77906e-05
-6.25338e-05
-6.08108e-05
-1.97474e-05
-6.28244e-05
-1.84417e-05
-6.48653e-05
-1.71006e-05
-1.5729e-05
-6.69269e-05
-6.37169e-05
-1.7865e-05
-6.5616e-05
-1.65426e-05
-6.75265e-05
-1.51902e-05
-1.38124e-05
-6.9443e-05
-6.50634e-05
-1.60949e-05
-6.68365e-05
-1.47695e-05
-6.86083e-05
-1.34184e-05
-1.20458e-05
-7.03749e-05
-6.50922e-05
-1.44437e-05
-6.67357e-05
-1.31259e-05
-6.83685e-05
-1.17856e-05
-1.04268e-05
-6.99875e-05
-6.40203e-05
-1.2913e-05
-6.55356e-05
-1.16107e-05
-6.70328e-05
-1.02884e-05
-8.94972e-06
-6.85099e-05
-6.20433e-05
-1.15013e-05
-6.34339e-05
-1.02201e-05
-6.48016e-05
-8.92071e-06
-7.60669e-06
-6.61446e-05
-5.93332e-05
-1.02054e-05
-6.06042e-05
-8.94921e-06
-6.18488e-05
-7.67618e-06
-6.38956e-06
-6.3066e-05
-5.60454e-05
-9.02154e-06
-5.7202e-05
-7.79268e-06
-5.83305e-05
-6.54776e-06
-5.29009e-06
-5.943e-05
-5.23161e-05
-7.94522e-06
-5.33642e-05
-6.74467e-06
-5.43834e-05
-5.52866e-06
-4.30028e-06
-5.53732e-05
-4.8269e-05
-6.97104e-06
-4.9215e-05
-5.79867e-06
-5.0133e-05
-4.61074e-06
-3.4107e-06
-5.10226e-05
-4.40103e-05
-6.09285e-06
-4.48616e-05
-4.94739e-06
-4.56867e-05
-3.78575e-06
-2.61148e-06
-4.64859e-05
-3.96335e-05
-5.30261e-06
-4.03992e-05
-4.18189e-06
-4.1142e-05
-3.04298e-06
-1.89052e-06
-4.1863e-05
-3.52134e-05
-4.58836e-06
-3.59069e-05
-3.48836e-06
-3.6583e-05
-2.36708e-06
-1.23069e-06
-3.72428e-05
-3.08037e-05
-3.93169e-06
-3.14477e-05
-2.84449e-06
-3.20838e-05
-1.73105e-06
-6.02787e-07
-3.27117e-05
-2.64218e-05
-3.30025e-06
-2.70576e-05
-2.20858e-06
-2.77028e-05
-1.08599e-06
4.48663e-08
-2.83504e-05
-2.2026e-05
-2.62194e-06
-2.27549e-05
-1.47983e-06
-2.35161e-05
-3.24815e-07
8.16382e-07
-2.42876e-05
-1.74737e-05
-1.75511e-06
-1.85815e-05
-3.71947e-07
-1.96883e-05
7.8191e-07
1.86782e-06
-2.07398e-05
-1.33787e-05
-1.49805e-05
-1.64591e-05
-1.78066e-05
5.40618e-05
1.96398e-05
7.4413e-05
-2.85196e-06
0.000105596
-3.224e-05
0.00011552
-6.93232e-05
0.000122403
-7.76488e-05
0.000125044
-6.63399e-05
0.000125791
-6.60422e-05
0.000129393
-7.10688e-05
0.000134849
-7.20076e-05
0.000140339
-6.64019e-05
0.000144158
-5.35723e-05
0.000144791
-3.34739e-05
0.000140959
-6.66374e-06
0.000131977
2.52454e-05
0.000117725
5.99951e-05
9.86019e-05
9.43662e-05
7.47159e-05
0.000124812
4.3628e-05
0.00014717
0.000156678
8.06039e-05
4.59968e-06
9.8681e-05
-2.09291e-05
0.000114811
-4.83697e-05
0.000117297
-7.18096e-05
0.000120279
-8.06304e-05
0.000128491
-7.45518e-05
0.000136044
-7.35958e-05
0.000143017
-7.80421e-05
0.000149018
-7.80082e-05
0.000153309
-7.06929e-05
0.000154931
-5.51939e-05
0.000152787
-3.13298e-05
0.000145661
4.6168e-07
0.000133714
3.71926e-05
0.00011717
7.65392e-05
9.67076e-05
0.000114828
7.22357e-05
0.000149284
4.15868e-05
0.000177819
0.000198265
0.000104907
-5.45946e-06
0.000115201
-3.1223e-05
0.000122244
-5.54121e-05
0.000125615
-7.5181e-05
0.000127983
-8.29985e-05
0.00013514
-8.17091e-05
0.000146155
-8.46102e-05
0.000154906
-8.67935e-05
0.000161021
-8.41232e-05
0.000163947
-7.36191e-05
0.000162956
-5.42025e-05
0.000156893
-2.52669e-05
0.000144924
1.2431e-05
0.000128874
5.32426e-05
0.00011029
9.51229e-05
8.9478e-05
0.00013564
6.60451e-05
0.000172717
3.7642e-05
0.000206222
0.000235907
0.000126198
-1.34751e-05
0.000132776
-3.78005e-05
0.000136943
-5.95788e-05
0.000137237
-7.54758e-05
0.000139707
-8.54676e-05
0.000149414
-9.14163e-05
0.000159063
-9.42593e-05
0.00016691
-9.46404e-05
0.000171781
-8.89941e-05
0.000172466
-7.43045e-05
0.000167524
-4.92606e-05
0.000155463
-1.32057e-05
0.000133527
3.43664e-05
0.000111519
7.52505e-05
9.26801e-05
0.000113962
7.44371e-05
0.000153883
5.47959e-05
0.000192358
3.13511e-05
0.000229667
0.000267258
0.000145739
-1.75511e-05
0.000148785
-4.08463e-05
0.000151499
-6.22928e-05
0.000154649
-7.86258e-05
0.000159213
-9.00312e-05
0.000165277
-9.74802e-05
0.000172262
-0.000101245
0.000177943
-0.000100321
0.000180953
-9.20041e-05
0.000179242
-7.25939e-05
0.000168149
-3.81682e-05
0.000147455
7.48917e-06
0.000108261
7.35601e-05
7.90399e-05
0.000104471
6.36528e-05
0.000129349
5.20377e-05
0.000165499
3.90703e-05
0.000205325
2.2946e-05
0.000245791
0.000290204
0.000157693
-2.27156e-05
0.000162289
-4.5442e-05
0.00016574
-6.57438e-05
0.000168931
-8.18171e-05
0.00017285
-9.39505e-05
0.000177544
-0.000102174
0.000182385
-0.000106086
0.000185978
-0.000103913
0.00018732
-9.33468e-05
0.000185001
-7.02748e-05
0.000151381
-4.54855e-06
0.000107753
5.11172e-05
7.4898e-05
0.000106415
4.6137e-05
0.000133232
3.31419e-05
0.000142344
2.93132e-05
0.000169327
2.26221e-05
0.000212017
1.40549e-05
0.000254358
0.000304259
0.000164388
-3.06853e-05
0.000170085
-5.11386e-05
0.000174149
-6.98078e-05
0.000177878
-8.55466e-05
0.000181626
-9.76983e-05
0.000185356
-0.000105904
0.000188413
-0.000109143
0.00018916
-0.000104661
0.000185491
-8.96778e-05
0.000157225
-4.2009e-05
0.000138319
1.43571e-05
0.000106104
8.33319e-05
7.59352e-05
0.000136585
4.24283e-05
0.00016674
1.8825e-05
0.000165948
1.35472e-05
0.000174605
9.81763e-06
0.000215746
6.5394e-06
0.000257636
0.000310799
0.000166484
-3.9404e-05
0.000173099
-5.77539e-05
0.000178313
-7.50218e-05
0.00018276
-8.99939e-05
0.00018649
-0.000101427
0.00018928
-0.000108694
0.000190684
-0.000110547
0.000184953
-9.89302e-05
0.000168382
-7.31076e-05
0.00014334
-1.69674e-05
0.000117671
4.0026e-05
9.99585e-05
0.000101045
8.21492e-05
0.000154395
5.99427e-05
0.000188947
3.39053e-05
0.000191986
3.92308e-06
0.000204587
2.14798e-06
0.000217521
1.36822e-06
0.000258416
0.000312167
0.000166389
-4.94171e-05
0.000174316
-6.56811e-05
0.000180508
-8.12132e-05
0.000185347
-9.48334e-05
0.000188949
-0.00010503
0.000192025
-0.00011177
0.000181232
-9.97542e-05
0.000167528
-8.52266e-05
0.000141162
-4.67418e-05
0.000121598
2.59569e-06
0.000104423
5.72016e-05
9.09916e-05
0.000114477
7.8195e-05
0.000167192
6.00844e-05
0.000207059
2.58047e-05
0.000226266
6.48737e-07
0.000229743
-6.35251e-07
0.000218805
-1.82895e-06
0.00025961
0.000310338
0.000167282
-6.01232e-05
0.00017621
-7.46093e-05
0.000183221
-8.82243e-05
0.000189622
-0.000101235
0.000189963
-0.00010537
0.000179933
-0.00010174
0.000163417
-8.32388e-05
0.000140873
-6.26832e-05
0.000121789
-2.76581e-05
0.000106579
1.78046e-05
9.40943e-05
6.96868e-05
8.39125e-05
0.000124659
7.33843e-05
0.00017772
5.57722e-05
0.000224672
2.49025e-05
0.000257136
3.42288e-06
0.000251222
-1.74998e-06
0.000223978
-3.81878e-06
0.000261679
0.000306519
0.000172512
-7.07687e-05
0.000184646
-8.6744e-05
0.00019192
-9.54968e-05
0.00018416
-9.34748e-05
0.000170741
-9.19519e-05
0.000154845
-8.58456e-05
0.000140035
-6.84293e-05
0.00012261
-4.52586e-05
0.000107185
-1.22337e-05
9.48654e-05
3.01242e-05
8.527e-05
7.92821e-05
7.75451e-05
0.000132384
6.99078e-05
0.000185358
6.10266e-05
0.000233553
4.68349e-05
0.00027133
2.64743e-05
0.000271583
-1.28557e-06
0.000251737
-3.98802e-06
0.000264381
0.000302531
0.000174957
-7.31128e-05
0.00017069
-8.24769e-05
0.000162658
-8.74649e-05
0.000155174
-8.59912e-05
0.000144647
-8.14253e-05
0.000131142
-7.23406e-05
0.000118134
-5.54225e-05
0.000104729
-3.18539e-05
9.26317e-05
-1.36881e-07
8.29141e-05
3.98415e-05
7.55289e-05
8.66672e-05
6.96008e-05
0.000138312
6.35252e-05
0.000191434
5.54813e-05
0.000241598
4.38529e-05
0.000282959
1.79559e-05
0.000297481
-5.52778e-07
0.000270246
-1.80939e-06
0.000265638
0.000300722
0.000144771
-7.68935e-05
0.0001422
-7.99065e-05
0.00013488
-8.01453e-05
0.000127161
-7.82731e-05
0.000117927
-7.21911e-05
0.000106972
-6.13868e-05
9.60771e-05
-4.4528e-05
8.55997e-05
-2.1377e-05
7.64025e-05
9.05988e-06
6.93085e-05
4.69351e-05
6.42128e-05
9.17628e-05
6.02502e-05
0.000142275
5.56407e-05
0.000196044
4.76364e-05
0.000249603
3.38744e-05
0.000296722
8.98054e-06
0.000322375
-1.04162e-06
0.000280268
1.78594e-06
0.00026281
0.000302508
0.000111176
-8.01667e-05
0.000109313
-7.80443e-05
0.000105308
-7.61402e-05
9.88039e-05
-7.17696e-05
9.07688e-05
-6.41566e-05
8.18614e-05
-5.24799e-05
7.30403e-05
-3.57075e-05
6.49166e-05
-1.32539e-05
5.82852e-05
1.56907e-05
5.37275e-05
5.14925e-05
5.12069e-05
9.42832e-05
5.00432e-05
0.000143439
4.88636e-05
0.000197224
4.60107e-05
0.000252457
3.68029e-05
0.000305931
2.06579e-05
0.000338521
-3.23071e-06
0.000304155
5.20237e-06
0.000254377
0.00030771
8.24386e-05
-7.95903e-05
8.05844e-05
-7.61903e-05
7.64257e-05
-7.19818e-05
7.06406e-05
-6.59848e-05
6.37284e-05
-5.72447e-05
5.62925e-05
-4.50445e-05
4.9119e-05
-2.85346e-05
4.28852e-05
-7.02074e-06
3.83603e-05
2.02151e-05
3.60627e-05
5.37897e-05
3.60788e-05
9.42668e-05
3.80446e-05
0.000141473
4.12917e-05
0.000193977
4.52381e-05
0.000248511
5.17899e-05
0.000299381
5.16452e-05
0.000338669
3.64119e-05
0.000319389
7.58508e-06
0.000283201
0.000315295
5.6997e-05
-7.73125e-05
5.37848e-05
-7.29782e-05
4.93012e-05
-6.74984e-05
4.36694e-05
-6.03533e-05
3.73211e-05
-5.08968e-05
3.07977e-05
-3.85216e-05
2.47767e-05
-2.25141e-05
1.99209e-05
-2.16564e-06
1.69813e-05
2.31541e-05
1.64626e-05
5.4308e-05
1.85303e-05
9.21989e-05
2.29734e-05
0.00013703
2.92966e-05
0.000187654
3.7247e-05
0.000240561
4.71308e-05
0.000289498
5.82247e-05
0.000327577
4.05084e-05
0.000337107
7.25534e-06
0.000316453
0.00032255
3.32678e-05
-7.38525e-05
2.90451e-05
-6.87556e-05
2.3972e-05
-6.24255e-05
1.81693e-05
-5.45509e-05
1.19985e-05
-4.47264e-05
5.94673e-06
-3.24704e-05
6.37617e-07
-1.72056e-05
-3.26634e-06
1.73768e-06
-5.08297e-06
2.49701e-05
-4.3679e-06
5.35924e-05
-9.50384e-07
8.87811e-05
4.97906e-06
0.0001311
1.28524e-05
0.000179781
2.16961e-05
0.000231718
2.99428e-05
0.000281252
3.59914e-05
0.00032153
2.40087e-05
0.000349091
7.31177e-06
0.000333151
0.000329861
1.1261e-05
-6.94861e-05
6.22445e-06
-6.37192e-05
5.79329e-07
-5.67806e-05
-5.49203e-06
-4.84798e-05
-1.16576e-05
-3.85613e-05
-1.74772e-05
-2.66512e-05
-2.23868e-05
-1.22966e-05
-2.5706e-05
5.0562e-06
-2.68547e-05
2.61182e-05
-2.54301e-05
5.21674e-05
-2.12652e-05
8.46157e-05
-1.45578e-05
0.000124393
-5.95755e-06
0.000171181
3.24256e-06
0.000222519
1.07252e-05
0.00027377
1.40602e-05
0.000318195
1.13807e-05
0.000351771
4.92255e-06
0.00033961
0.000334784
-8.7251e-06
-6.44298e-05
-1.43416e-05
-5.81027e-05
-2.0385e-05
-5.07374e-05
-2.66517e-05
-4.22134e-05
-3.28522e-05
-3.23612e-05
-3.85793e-05
-2.09245e-05
-4.33196e-05
-7.55697e-06
-4.64539e-05
8.18986e-06
-4.74299e-05
2.70936e-05
-4.58113e-05
5.05483e-05
-4.13531e-05
8.01572e-05
-3.42043e-05
0.000117244
-2.50013e-05
0.000161978
-1.49868e-05
0.000212504
-6.2011e-06
0.000264984
-7.38625e-07
0.000312732
6.4284e-06
0.000344604
2.51966e-06
0.000343519
0.000337304
-2.6217e-05
-5.89356e-05
-3.21607e-05
-5.2159e-05
-3.84115e-05
-4.44868e-05
-4.47744e-05
-3.58507e-05
-5.09858e-05
-2.61502e-05
-5.66883e-05
-1.52225e-05
-6.14391e-05
-2.8067e-06
-6.46882e-05
1.14383e-05
-6.59125e-05
2.83172e-05
-6.45972e-05
4.92324e-05
-6.03444e-05
7.59038e-05
-5.30984e-05
0.000109998
-4.32795e-05
0.000152159
-3.19801e-05
0.000201205
-2.03536e-05
0.000253358
-9.61545e-06
0.000301995
7.30368e-07
0.000334258
2.51971e-07
0.000343998
0.000337556
-4.08822e-05
-5.32357e-05
-4.69268e-05
-4.61145e-05
-5.31897e-05
-3.82239e-05
-5.95021e-05
-2.95385e-05
-6.56433e-05
-2.00094e-05
-7.13249e-05
-9.54135e-06
-7.61562e-05
2.02406e-06
-7.96938e-05
1.49753e-05
-8.14761e-05
3.00989e-05
-8.09076e-05
4.86633e-05
-7.73993e-05
7.2395e-05
-7.05939e-05
0.000103192
-6.06844e-05
0.000142249
-4.80816e-05
0.000188602
-3.4189e-05
0.000239466
-1.96485e-05
0.000287454
-5.29579e-06
0.000319906
-8.00226e-07
0.000339503
0.000336756
-5.26045e-05
-4.75381e-05
-5.85506e-05
-4.01683e-05
-6.46427e-05
-3.2132e-05
-7.07444e-05
-2.3437e-05
-7.66826e-05
-1.40715e-05
-8.22407e-05
-3.98366e-06
-8.71194e-05
6.90231e-06
-9.10101e-05
1.88654e-05
-9.35007e-05
3.25889e-05
-9.39811e-05
4.91431e-05
-9.17043e-05
7.01178e-05
-8.60286e-05
9.7516e-05
-7.65664e-05
0.000132787
-6.3776e-05
0.000175812
-4.77407e-05
0.000223431
-3.1063e-05
0.000270778
-1.28749e-05
0.00030172
-1.26297e-06
0.000327891
0.000335493
-6.14835e-05
-4.20101e-05
-6.71739e-05
-3.44779e-05
-7.29476e-05
-2.63583e-05
-7.87027e-05
-1.76821e-05
-8.4315e-05
-8.45941e-06
-8.96237e-05
1.3247e-06
-9.4443e-05
1.17212e-05
-9.85888e-05
2.30107e-05
-0.000101725
3.57245e-05
-0.000103308
5.07261e-05
-0.00010257
6.93793e-05
-9.85709e-05
9.35164e-05
-9.07929e-05
0.000125009
-7.88006e-05
0.000163821
-6.23777e-05
0.00020701
-4.15655e-05
0.000249969
-2.60035e-05
0.000286158
-4.48381e-06
0.000306367
0.000331008
-6.77757e-05
-3.67682e-05
-7.31049e-05
-2.91488e-05
-7.84618e-05
-2.10014e-05
-8.37731e-05
-1.2371e-05
-8.89567e-05
-3.27599e-06
-9.39039e-05
6.27161e-06
-9.85319e-05
1.63488e-05
-0.000102726
2.72042e-05
-0.000106247
3.92454e-05
-0.000108677
5.31556e-05
-0.00010935
7.00523e-05
-0.000107396
9.15622e-05
-0.000101917
0.000119531
-9.29487e-05
0.000154853
-8.09245e-05
0.000194987
-6.44188e-05
0.000233466
-4.27271e-05
0.000264473
1.84536e-05
0.000245184
0.00034943
-7.18158e-05
-3.18793e-05
-7.67287e-05
-2.42359e-05
-8.16212e-05
-1.61089e-05
-8.64424e-05
-7.54992e-06
-9.11345e-05
1.41593e-06
-9.5641e-05
1.07779e-05
-9.99336e-05
2.0641e-05
-0.000103933
3.12036e-05
-0.000107476
4.27881e-05
-0.000110255
5.59342e-05
-0.00011173
7.15265e-05
-0.000111087
9.09196e-05
-0.000107393
0.000115838
-0.000100253
0.000147713
-9.10181e-05
0.000185753
-8.35129e-05
0.000225962
-8.12477e-05
0.00026221
-9.52467e-05
0.000259184
0.00025418
-7.39504e-05
-2.7372e-05
-7.84302e-05
-1.97561e-05
-8.28482e-05
-1.1691e-05
-8.71678e-05
-3.23039e-06
-9.13473e-05
5.59532e-06
-9.53683e-05
1.47987e-05
-9.92096e-05
2.44819e-05
-0.00010281
3.48042e-05
-0.000106047
4.60239e-05
-0.000108672
5.85595e-05
-0.000110225
7.30793e-05
-0.000109904
9.0599e-05
-0.000106549
0.000112483
-9.89056e-05
0.00014007
-8.67336e-05
0.000173582
-7.15726e-05
0.000210802
-5.74051e-05
0.000248043
-6.4415e-05
0.000266196
0.000189788
-7.44991e-05
-2.32478e-05
-7.85545e-05
-1.57007e-05
-8.25124e-05
-7.73305e-06
-8.6345e-05
6.02116e-07
-9.00216e-05
9.27188e-06
-9.3535e-05
1.8312e-05
-9.6857e-05
2.78037e-05
-9.99301e-05
3.78771e-05
-0.000102643
4.87368e-05
-0.000104783
6.06993e-05
-0.000105945
7.42409e-05
-0.000105397
9.00514e-05
-0.000101952
0.000109039
-9.39868e-05
0.000132104
-7.98788e-05
0.000159475
-5.86958e-05
0.00018962
-2.94269e-05
0.000218775
9.18303e-07
0.000235852
0.000190709
-7.3741e-05
-1.94942e-05
-7.73942e-05
-1.20475e-05
-8.09203e-05
-4.20698e-06
-8.4293e-05
3.97482e-06
-8.74931e-05
1.24719e-05
-9.05028e-05
2.13215e-05
-9.32853e-05
3.05861e-05
-9.57778e-05
4.03694e-05
-9.78709e-05
5.08298e-05
-9.93707e-05
6.2199e-05
-9.99316e-05
7.48018e-05
-9.8952e-05
8.9072e-05
-9.54555e-05
0.000105542
-8.80758e-05
0.000124725
-7.53482e-05
0.000146748
-5.64483e-05
0.000170721
-3.18567e-05
0.000194184
-5.09915e-06
0.000209096
0.000185611
-7.19135e-05
-1.60906e-05
-7.51928e-05
-8.76827e-06
-7.83223e-05
-1.07745e-06
-8.12726e-05
6.92506e-06
-8.40282e-05
1.52275e-05
-8.6559e-05
2.38522e-05
-8.88189e-05
3.2846e-05
-9.07376e-05
4.2288e-05
-9.22045e-05
5.22966e-05
-9.30408e-05
6.30353e-05
-9.29551e-05
7.47162e-05
-9.14799e-05
8.75968e-05
-8.78996e-05
0.000101962
-8.1229e-05
0.000118055
-7.03777e-05
0.000135897
-5.46099e-05
0.000154953
-3.38612e-05
0.000173436
-1.04307e-05
0.000185665
0.000175181
-6.92205e-05
-1.30148e-05
-7.2154e-05
-5.83477e-06
-7.49206e-05
1.68923e-06
-7.74918e-05
9.49624e-06
-7.98426e-05
1.75783e-05
-8.19346e-05
2.59443e-05
-8.37142e-05
3.46255e-05
-8.51051e-05
4.36788e-05
-8.59963e-05
5.31878e-05
-8.62238e-05
6.32629e-05
-8.55433e-05
7.40357e-05
-8.35946e-05
8.56483e-05
-7.98643e-05
9.82323e-05
-7.36745e-05
0.000111865
-6.42498e-05
0.000126473
-5.09055e-05
0.00014161
-3.3439e-05
0.00015597
-1.36622e-05
0.000165889
0.000161519
-6.58397e-05
-1.02411e-05
-6.84599e-05
-3.21446e-06
-7.08982e-05
4.12754e-06
-7.31287e-05
1.17268e-05
-7.51175e-05
1.95671e-05
-7.68198e-05
2.76465e-05
-7.81761e-05
3.59818e-05
-7.9107e-05
4.46097e-05
-7.95044e-05
5.35852e-05
-7.92189e-05
6.29774e-05
-7.80447e-05
7.28616e-05
-7.5702e-05
8.33059e-05
-7.1821e-05
9.43517e-05
-6.59347e-05
0.00010598
-5.75071e-05
0.000118046
-4.60506e-05
0.000130154
-3.14093e-05
0.000141329
-1.46692e-05
0.000149149
0.00014685
-6.19242e-05
-7.74685e-06
-6.42612e-05
-8.7741e-07
-6.64078e-05
6.27415e-06
-6.83371e-05
1.36561e-05
-7.00093e-05
2.12393e-05
-7.13749e-05
2.90121e-05
-7.23718e-05
3.69787e-05
-7.29202e-05
4.51582e-05
-7.29173e-05
5.35823e-05
-7.22293e-05
6.22895e-05
-7.06831e-05
7.13156e-05
-6.8059e-05
8.0682e-05
-6.40843e-05
9.03774e-05
-5.8436e-05
0.000100332
-5.07615e-05
0.000110372
-4.07419e-05
0.000120135
-2.82883e-05
0.000128876
-1.4025e-05
0.000134886
0.000132825
-5.76103e-05
-5.50976e-06
-5.96923e-05
1.20462e-06
-6.15851e-05
8.167e-06
-6.32539e-05
1.53249e-05
-6.46558e-05
2.26413e-05
-6.57393e-05
3.00957e-05
-6.64418e-05
3.76811e-05
-6.66862e-05
4.54026e-05
-6.63772e-05
5.32735e-05
-6.53968e-05
6.13092e-05
-6.36001e-05
6.95191e-05
-6.08132e-05
7.78954e-05
-5.68335e-05
8.6398e-05
-5.14356e-05
9.49342e-05
-4.43886e-05
0.000103325
-3.55055e-05
0.000111252
-2.47568e-05
0.000118127
-1.25169e-05
0.000122647
0.000120308
-5.30293e-05
-3.50311e-06
-5.48857e-05
3.06107e-06
-5.65578e-05
9.83911e-06
-5.80052e-05
1.67724e-05
-5.91823e-05
2.38184e-05
-6.00366e-05
3.095e-05
-6.0507e-05
3.81516e-05
-6.05215e-05
4.54171e-05
-5.9994e-05
5.2746e-05
-5.88222e-05
6.01375e-05
-5.68862e-05
6.75833e-05
-5.40486e-05
7.5058e-05
-5.0158e-05
8.25076e-05
-4.50566e-05
8.98331e-05
-3.85982e-05
9.68672e-05
-3.06817e-05
0.000103336
-2.13217e-05
0.000108767
-1.08069e-05
0.000112132
0.000109502
-4.82911e-05
-1.69793e-06
-4.99555e-05
4.72549e-06
-5.14427e-05
1.13264e-05
-5.27084e-05
1.80381e-05
-5.37045e-05
2.48146e-05
-5.43791e-05
3.16247e-05
-5.46746e-05
3.84471e-05
-5.45254e-05
4.5268e-05
-5.38561e-05
5.20768e-05
-5.25803e-05
5.88617e-05
-5.05998e-05
6.56029e-05
-4.78072e-05
7.22656e-05
-4.40899e-05
7.87905e-05
-3.93389e-05
8.50823e-05
-3.34637e-05
9.09922e-05
-2.64195e-05
9.62917e-05
-1.82553e-05
0.000100603
-9.21404e-06
0.000103091
0.000100288
-4.34995e-05
-6.13847e-08
-4.50108e-05
6.23678e-06
-4.63528e-05
1.26684e-05
-4.74766e-05
1.9162e-05
-4.83333e-05
2.56713e-05
-4.88729e-05
3.21643e-05
-4.90429e-05
3.86172e-05
-4.87861e-05
4.50112e-05
-4.80386e-05
5.13294e-05
-4.67292e-05
5.75525e-05
-4.47799e-05
6.36537e-05
-4.21078e-05
6.95936e-05
-3.86301e-05
7.5313e-05
-3.42722e-05
8.07245e-05
-2.89808e-05
8.5701e-05
-2.27455e-05
9.00564e-05
-1.56305e-05
9.34886e-05
-7.85371e-06
9.53143e-05
9.2434e-05
-3.87571e-05
1.45288e-06
-4.01632e-05
7.6429e-06
-4.14038e-05
1.39091e-05
-4.2426e-05
2.01842e-05
-4.31813e-05
2.64266e-05
-4.36239e-05
3.26069e-05
-4.37085e-05
3.87018e-05
-4.33877e-05
4.46905e-05
-4.26102e-05
5.05519e-05
-4.13198e-05
5.62622e-05
-3.94564e-05
6.17904e-05
-3.69578e-05
6.70951e-05
-3.37641e-05
7.21194e-05
-2.98248e-05
7.67853e-05
-2.51096e-05
8.09858e-05
-1.96238e-05
8.45706e-05
-1.34359e-05
8.73006e-05
-6.73135e-06
8.86098e-05
8.57026e-05
-3.4174e-05
2.91521e-06
-3.55349e-05
9.00377e-06
-3.67234e-05
1.50976e-05
-3.76838e-05
2.11446e-05
-3.83709e-05
2.71136e-05
-3.87463e-05
3.29823e-05
-3.87744e-05
3.873e-05
-3.84196e-05
4.43356e-05
-3.76435e-05
4.9776e-05
-3.64053e-05
5.50239e-05
-3.46609e-05
6.00461e-05
-3.23659e-05
6.48002e-05
-2.9478e-05
6.92316e-05
-2.59628e-05
7.32702e-05
-2.1802e-05
7.6825e-05
-1.70058e-05
7.97743e-05
-1.16301e-05
8.19251e-05
-5.82548e-06
8.28051e-05
7.98772e-05
-2.98726e-05
4.43734e-06
-3.12681e-05
1.03994e-05
-3.24608e-05
1.62903e-05
-3.3398e-05
2.20819e-05
-3.40442e-05
2.77599e-05
-3.43729e-05
3.33111e-05
-3.43617e-05
3.87188e-05
-3.3988e-05
4.3962e-05
-3.32279e-05
4.90159e-05
-3.2055e-05
5.38512e-05
-3.04409e-05
5.84321e-05
-2.83563e-05
6.27157e-05
-2.57733e-05
6.66487e-05
-2.26688e-05
7.01657e-05
-1.90294e-05
7.31857e-05
-1.48573e-05
7.56022e-05
-1.01869e-05
7.72545e-05
-5.12224e-06
7.77406e-05
7.4755e-05
-2.60179e-05
6.16765e-06
-2.75419e-05
1.19234e-05
-2.87982e-05
1.75466e-05
-2.97477e-05
2.30314e-05
-3.03735e-05
2.83857e-05
-3.06672e-05
3.36049e-05
-3.06225e-05
3.86741e-05
-3.02321e-05
4.35716e-05
-2.94864e-05
4.82702e-05
-2.83734e-05
5.27382e-05
-2.68793e-05
5.69381e-05
-2.4989e-05
6.08255e-05
-2.26878e-05
6.43475e-05
-1.99621e-05
6.74401e-05
-1.68003e-05
7.00239e-05
-1.31935e-05
7.19955e-05
-9.13493e-06
7.3196e-05
-4.65337e-06
7.3259e-05
7.01016e-05
-2.28293e-05
8.25709e-06
-2.45998e-05
1.36938e-05
-2.59767e-05
1.89235e-05
-2.69655e-05
2.40202e-05
-2.75836e-05
2.90038e-05
-2.78469e-05
3.38681e-05
-2.77672e-05
3.85944e-05
-2.73521e-05
4.31565e-05
-2.66056e-05
4.75237e-05
-2.55288e-05
5.16614e-05
-2.41212e-05
5.55304e-05
-2.23813e-05
5.90856e-05
-2.03081e-05
6.22743e-05
-1.79006e-05
6.50325e-05
-1.51559e-05
6.72792e-05
-1.20604e-05
6.89e-05
-8.56825e-06
6.97038e-05
-4.56239e-06
6.92532e-05
6.55393e-05
-2.07341e-05
-2.28474e-05
-2.43666e-05
-2.54001e-05
-2.60121e-05
-2.62452e-05
-2.61271e-05
-2.56764e-05
-2.49057e-05
-2.38247e-05
-2.24414e-05
-2.07642e-05
-1.8803e-05
-1.6569e-05
-1.40724e-05
-1.13123e-05
-8.24172e-06
-4.65754e-06
)
;

boundaryField
{
    leftWall
    {
        type            calculated;
        value           uniform 0;
    }
    rightWall
    {
        type            calculated;
        value           uniform 0;
    }
    lowerWall
    {
        type            calculated;
        value           uniform 0;
    }
    atmosphere
    {
        type            calculated;
        value           nonuniform List<scalar> 
46
(
-3.75124e-05
-5.8411e-05
-5.59799e-05
-5.49062e-05
-5.40813e-05
-5.32539e-05
-5.23167e-05
-5.12096e-05
-4.98949e-05
-4.83492e-05
-4.65572e-05
-4.45081e-05
-4.21937e-05
-3.96066e-05
-3.6739e-05
-3.35817e-05
-3.01223e-05
-2.6344e-05
-2.22252e-05
-1.77489e-05
-1.29376e-05
-7.96511e-06
-3.74467e-06
-2.03336e-09
1.22968e-06
2.26043e-06
3.21531e-06
1.11845e-05
1.58071e-05
2.04427e-05
2.50536e-05
2.96158e-05
3.41011e-05
3.84763e-05
4.27058e-05
4.67531e-05
5.05804e-05
5.41471e-05
5.74084e-05
6.03131e-05
6.27986e-05
6.47825e-05
6.61399e-05
6.66333e-05
6.5669e-05
6.08817e-05
)
;
    }
    defaultFaces
    {
        type            empty;
    }
}


// ************************************************************************* //
