/*--------------------------------*- C++ -*----------------------------------*\
  =========                 |
  \\      /  F ield         | OpenFOAM: The Open Source CFD Toolbox
   \\    /   O peration     | Website:  https://openfoam.org
    \\  /    A nd           | Version:  13
     \\/     M anipulation  |
\*---------------------------------------------------------------------------*/
FoamFile
{
    format      ascii;
    class       volScalarField;
    location    "0.35";
    object      rho;
}
// * * * * * * * * * * * * * * * * * * * * * * * * * * * * * * * * * * * * * //

dimensions      [1 -3 0 0 0 0 0];

internalField   nonuniform List<scalar> 
2268
(
13529
13529
13529
13529
13529
13529
13529
13529
13529
13529
13529
13529
13529
13529
13529
13529
13529
13529
13529
13529
13529
13529
13518.1
13529
13529
13529
13529
13529
13529
13529
13529
13529
13529
13529
13529
13529
13529
13529
13529
13529
13529
13529
13529
13529
13529
13518.1
13529
13529
13529
13529
13529
13529
13529
13529
13529
13529
13529
13529
13529
13529
13529
13529
13529
13529
13529
13529
13529
13529
13524.1
13529
13529
13529
13529
13529
13529
13529
13529
13529
13529
13529
13529
13529
13529
13529
13529
13529
13529
13529
13529
13529
13529
13529
13529
13529
13529
13529
13529
13529
13529
13529
13529
13529
13529
13529
13529
13529
13529
13529
13529
13529
13529
13529
13529
13529
13529
13529
13529
13529
13529
13529
13529
13529
13529
13529
13529
13529
13529
13529
13529
13523.9
13526.6
13529
13529
13529
13529
13529
13529
13525.6
11419.4
11823.2
12105.8
12169.1
12148.2
12089.6
11973
11769.5
11456.2
11023.4
10481.2
9855.8
9180.89
8542.15
8076.97
8173.33
9098.53
11077.2
13437.3
13526.3
13528
13528.8
13521.2
2598.09
3259.03
3757.39
3946.63
3933.39
3861.01
3695.1
3417.74
3037.01
2597.65
2154.25
1751.98
1417.43
1166.46
1081.62
1018.26
1205.2
2058.93
4985.09
12244
13528.8
13528.8
13522.2
499.887
500
500
500
500
499.975
499.917
499.914
499.927
499.989
500
500
497.689
495.605
495.613
499.807
490.298
436.683
464.517
499.854
499.954
500
500
500
500
500
500
500
500
500
500
500
499.962
499.747
499.887
500
437.222
434.311
499.536
499.396
485.69
500
500
500
500
500
500
500
500
500
500
500
500
499.993
500
461.079
434.271
499.501
476.15
246.183
341.455
499.313
500
500
500
500
500
500
500
500
500
500
500
500
492.038
479.355
496.126
338.326
2.70748
4.04781
234.156
482.426
500
500
500
500
500
500
500
500
500
500
500
500
500
495.357
97.4575
1.00106
1.04624
1.00808
331.453
500
500.034
500.004
500
500
500
500
500
500
500
500
500
500
494.682
96.7665
1.00085
1.04781
1.04498
253.787
501.134
500.161
500
500
500
500
500
500
500
500
500
500
500
494.422
196.551
1.01217
19.8106
11.8236
387.125
505.64
500
500
500
500
500
500
500
500
500
500
500
500
1000
1000
1000
1000
1000
1000
1000
1000
1000
1000
1000
1000
1000
1000
1000
1000
1000
1000
999.992
2241.77
9127.58
13165
13510.2
1000
1000
1000
1000
1000
1000
1000
1000
1000
1000
1000
1000
1000
1000
1000
1000
1000
1000
1000
1012.33
1085.89
7338.15
12857.4
1000
1000
1000
1000
1000
1000
1000
1000
1000
1000
1000
1000
1000
1000
1000
1000
1000
1000
1000
1000.71
999.065
1014.96
4283.38
1000
1000
1000
1000
1000
1000
1000
1000
1000
1000
1000
1000
1000
1000
1000
1000
1000
1000
1000
1000
1000.05
999.111
928.961
1000
1000
1000
1000
1000
1000
1000
1000
1000
1000
1000
1000
1000
1000
1000
1000
999.999
1000
1000
1000
1000
1000
999.898
1000
1000
1000
1000
1000
1000
1000
1000
1000
1000
1000
1000
1000
1000
1000
1000
999.999
999.992
999.993
999.996
999.998
999.999
1000
826.569
858.158
890.245
916.86
938.759
955.417
967.886
976.736
983.243
988.268
991.999
992.346
994.693
998.995
1000
999.941
997.191
983.793
983.503
979.659
953.256
919.472
903.989
72.2335
103.108
137.198
174.395
213.505
252.462
289.81
324.141
354.913
386.898
417.568
422.346
444.056
514.25
694.515
858.831
883.676
692.436
537.405
545.529
547.202
540.699
531.25
1
1
1
1
1
1
1
1
1
1
1
1
1.00164
1.03686
13.1733
104.917
211.95
446.834
499.443
499.97
499.991
500.003
500.003
1
1
1
1
1
1
1
1
1
1
1
1
1
1.05933
1.1296
1.12834
1.01594
41.2336
213.67
371.495
435.408
466.489
480.466
1
1
1
1
1
1
1
1
1
1
1
1
1
1.11934
1.15862
1.06797
1.00006
1.00512
1.07211
1.10461
7.27981
58.1584
125.631
1
1
1
1
1
1
1
1
1
1
1
1
1.00009
1.01226
1.05662
1.01676
1.00015
1.00001
1
1
1.00251
1.00702
1.00645
1
1
1
1
1
1
1
1
1
1
1
1
1.00147
1.00008
1
1
1.00003
1.00002
1.00001
1
1
1
1
1
1
1
1
1
1
1
1
1
1
1
1
1
1
1
1
1
1
1
1
1
1
1
1
1
1
1
1
1
1
1
1
1
1
1
1
1
1
1
1
1
1
1
1
1
1
1
1
1
1
1
1
1
1
1
1
1
1
1
1
1
1
1
1
1
1
1
1
1
1
1
1
1
1
1
1
1
1
1
1
1
1
1
1
1
1
1
1
1
1
1
1
1
1
1
1
1
1
1
1
1
1
1
1
1
1
1
1
1
1
1
1
1
1
1
1
1
1
1
1
1
1
1
1
1
1
1
1
1
1
1
1
1
1
1
1
1
1
1
1
1
1
1
1
1
1
1
1
1
1
1
1
1
1
1
1
1
1
1
1
1
1
1
1
1
1
1
1
1
1
1
1
1
1
1
1
1
1
1
1
1
1
1
1
1
1
1
1
1
1
1
1
1
1
1
1
1
1
1
1
1
1
1
1
1
1
1
1
1
1
1
1
1
1
1
1
1
1
1
1
1
1
1
1
1
1
1
1
1
1
1
1
1
1
1
1
1
1
1
1
1
1
1
1
1
1
1
1
1
1
1
1
1
1
1
1
1
1
1
1
1
1
1
1
1
1
1
1
1
1
1
1
1
1
1
1
1
1
1
1
1
1
1
1
1
1
1
1
1
1
1
1
1
1
1
1
1
1
1
1
1
1
1
1
1
1
1
1
1
1
1
1
1
1
1
1
1
1
1
1
1
1
1
1
1
1
1
1
1
1
1
1
1
1
1
1
1
1
1
1
1
1
1
1
1
1
1
1
1
1
1
1
1
1
1
1
1
1
1
1
1
1
1
1
1
1
1
1
1
1
1
1
1
1
1
1
1
1
1
1
1
1
1
1
1
1
1
1
1
1
1
1
1
1
1
1
1
1
1
1
1
1
1
1
1
1
1
1
1
1
1
1
1
1
1
1
1
1
1
1
1
1
1
1
1
1
1
1
1
1
1
1
1
1
1
1
1
1
1
1
1
1
1
1
1
1
1
1
1
1
1
1
1
1
1
1
1
1
1
1
1
1
1
1
1
1
1
1
1
1
1
1
1
1
1
1
1
1
1
1
1
1
1
1
1
1
1
1
1
1
1
1
1
1
1
1
1
1
1
1
1
1
1
1
1
1
1
1
1
1
1
1
1
1
1
1
1
1
1
1
1
1
1
1
1
1
1
1
1
1
1
1
1
1
1
1
1
1
1
1
1
1
1
1
1
1
1
1
1
1
1
1
1
1
1
1
1
1
1
1
1
1
1
1
1
1
1
1
1
1
1
1
1
1
1
1
1
1
1
1
1
1
1
1
1
1
1
1
1
1
1
1
1
1
1
1
1
1
1
1
1
1
1
1
1
1
1
1
1
1
1
1
1
1
1
1
1
1
1
1
1
1
1
1
1
1
1
1
1
1
1
1
1
1
1
1
1
1
1
1
1
1
1
1
1
1
1
1
1
1
1
1
1
1
1
1
1
1
1
1
1
1
1
1
1
1
1
13508.3
13335.6
4784.91
285.79
13330.7
13262.3
12268
12215.5
9082.76
10786.9
12235.5
12249
1280.06
2150.97
6131.13
7805.41
999.778
1000.44
1037.49
1213.15
1000
1000
1000.12
1009.76
913.723
941.814
902.71
615.247
523.25
514.615
502.567
500
499.985
499.971
499.994
500
480.074
478.727
477.081
471.42
134.574
134.774
137.563
128.006
1.00567
1.00497
1.00422
1.0032
1
1
1
1.00009
1
1
1.00001
1.00002
1
1
1.00001
1.00004
1
1
1.00001
1.00002
1
1
1
1.00001
1
1
1
1
1
1
1
1
1
1
1
1
1
1
1
1
1
1
1
1
1
1
1
1
1
1
1
1
1
1
1
1
1
1
1
1
1
1
1
1
1
1
1
1
1
1
1
1
1
1
1
1
1
1
1
1
1
1
1
1
1
1
1
1
1
1
1
1
1
1
1
1
1
1
1
1
1
1
1
1
1
1
1
1
1
1
1
1
1
1
1
1
1
1
1
1
1
1
1
1
381.475
225.243
5.71278
364.667
804.113
624.955
500
500
500
500
500
500
500
500
500
500
500
500
500
5310.88
2795.02
3570.43
7019.34
5381.21
737.333
500
500
500
500
500
500
500
500
500
500
500
500
500
11489.6
10165.6
10172.1
9803.31
5659.21
579.216
500
500
500
500
500
500
500
500
500
500
500
500
500
5399.66
4097.32
2891.95
1163.56
500.003
500
500
500
500
500
500
486.963
445.757
467.748
500
500
500
500
500
1098.19
529.53
501.072
500.156
500.025
500.001
500.001
500
500
488.264
391.919
218.643
74.8507
112.088
331.203
500
500
500
500
910.831
524.854
499.998
500.005
500.007
500.006
500.001
500
466.967
262.319
15.8229
1.0002
1.00008
1.00009
23.6629
445.06
499.528
500
500
500.024
500.012
500
500
500
500
500
422.44
152.992
1.0002
1.00001
1.00001
1.00001
1.00002
1.00006
171.373
483.682
500
500
500
500
500
500
500
465.598
311.812
47.8777
1.00032
1.00014
1.00008
1.00003
1.00002
1.00002
1.00002
2.05337
496.947
500
500
500
500
500
476.201
363.031
120.849
1.00086
1.00091
1.00102
1.00089
1.00018
1.00001
1.00001
1.00002
1.00002
1
483.986
498.885
500
432.497
382.254
301.007
141.216
1.00052
1.00062
1.00119
1.0021
1.00215
1.00117
1.00003
1.00001
1.00001
1.00002
1.00001
1.00001
156.284
491.65
500
59.8989
3.65158
1.00009
1.00012
1.00043
1.00223
1.00604
1.00573
1.0007
1.00006
1.00002
1.00001
1.00001
1.00001
1.00001
1.00001
1.00034
490.894
500
1.00153
1.00093
1.00013
1.00018
1.00443
1.00604
1.00597
1.00183
1.00011
1
1.00001
1.00001
1.00001
1.00001
1.00001
1.00001
1.13985
498.731
500
1.00004
1.00001
1.00005
1.00206
1.00223
1.00183
1.00015
1
1
1
1
1
1.00001
1.00001
1.00001
1.00001
2.47381
500
500
1.00003
1.00005
1.00044
1.00012
1.00002
1
1
1
1
1
1
1
1
1
1
1
1.15643
244.023
497.063
1.00007
1.00003
1
1
1
1
1
1
1
1
1
1
1
1
1
1.00001
1.00008
1.00115
490.665
1.00004
1.00001
1
1
1
1
1
1
1
1
1
1
1
1
1
1.00001
1.00005
1.00001
444.81
1
1
1
1
1
1
1
1
1
1
1
1
1
1
1.00001
1.00001
1.00002
1.00001
379.45
1
1
1
1
1
1
1
1
1
1
1
1
1
1.00001
1.00001
1.00001
1.00001
1.00001
393.261
1
1
1
1
1
1
1
1
1
1
1
1
1
1.00001
1.00002
1.00001
1.00003
1.00001
452.134
1
1
1
1
1
1
1
1
1
1
1
1
1.00001
1.00001
1.00002
1.0001
1.00007
1.68808
468.808
1
1
1
1
1
1
1
1
1
1
1
1
1
1.00002
1.0001
1.00008
1.00028
10.7131
468.771
1
1
1
1
1
1
1
1
1
1
1
1
1.00001
1.00005
1.00016
1.0005
1.00052
14.8415
468.808
1
1
1
1
1
1
1
1
1
1
1
1
1.00001
1.00002
1.00014
1.00031
1.00076
8.89068
188.313
1
1
1
1
1
1
1
1
1
1
1
1
1
1.00001
1.00002
1.00152
1.01715
1.06052
1.00528
1
1
1
1
1
1
1
1
1
1
1
1
1
1
1.00001
1.00014
1
1.00007
1.00001
1
1
1
1
1
1
1
1
1
1
1
1
1
1
1
1
1
1.00004
1.00002
1
1
1
1
1
1
1
1
1
1
1
1
1
1
1
1
1
1.00001
1.00001
1
1
1
1
1
1
1
1
1
1
1
1
1
1
1
1
1
1
1.00001
1
1
1
1
1
1
1
1
1
1
1
1
1
1
1
1
1
1
1
1
1
1
1
1
1
1
1
1
1
1
1
1
1
1
1
1
1
1
1
1
1
1
1
1
1
1
1
1
1
1
1
1
1
1
1
1
1
1
1
1
1
1
1
1
1
1
1
1
1
1
1
1
1
1
1
1
1
1
1
1
1
1
1
1
1
1
1
1
1
1
1
1
1
1
1
1
1
1
1
1
1
1
1
1
1
1
1
1
1
1
1
1
1
1
1
1
1
1
1
1
1
1
1
1
1
1
1
1
1
1
1
1
1
1
1
1
1
1
1
1
1
1
1
1
1
1
1
1
1
1
1
1
1
1
1
1
1
1
1
1
1
1
1
1
1
1
1
1
1
1
1
1
1
1
1
1
1
1
1
1
1
1
1
1
1
1
1
1
1
1
1
1
1
1
1
1
1
1
1
1
1
1
1
1
1
1
1
1
1
1
1
1
1
1
1
1
1
1
1
1
1
1
1
1
1
1
1
1
1
1
1
1
1
1
1
1
1
1
1
1
1
1
1
1
1
1
1
1
1
1
1
1
1
1
1
1
1
1
1
1
1
1
1
1
1
1
)
;

boundaryField
{
    leftWall
    {
        type            calculated;
        value           nonuniform List<scalar> 
50
(
13529
13529
13529
13529
13529
13529
11419.4
2598.09
1000
1000
1000
1000
1000
1000
826.569
72.2335
1
1
1
1
1
1
1
1
1
1
1
1
1
1
1
1
1
1
1
1
1
1
1
1
1
1
1
1
1
1
1
1
1
1
)
;
    }
    rightWall
    {
        type            calculated;
        value           nonuniform List<scalar> 
50
(
464.517
434.311
434.271
479.355
500
500
500
500
500
500
500
500
500
500
500
500
500
500
500
500
500
497.063
490.665
444.81
379.45
393.261
452.134
468.808
468.771
468.808
188.313
1.00528
1.00001
1.00002
1.00001
1.00001
1
1
1
1
1
1
1
1
1
1
1
1
1
1
)
;
    }
    lowerWall
    {
        type            calculated;
        value           nonuniform List<scalar> 
62
(
13529
13529
13529
13529
13529
13529
13529
13529
13529
13529
13529
13529
13529
13529
13529
13529
13529
13529
13529
13529
13529
13529
13518.1
13518.1
13518.1
13524.1
13529
13529
13525.6
13521.2
13522.2
13508.3
13335.6
4784.91
285.79
499.887
499.854
499.536
499.501
496.126
495.357
494.682
494.422
499.887
500
500
500
500
499.975
499.917
499.914
499.927
499.989
500
500
497.689
495.605
495.613
499.807
490.298
436.683
464.517
)
;
    }
    atmosphere
    {
        type            calculated;
        value           nonuniform List<scalar> 
46
(
1
1
1
1
1
1
1
1
1
1
1
1
1
1
1
1
1
1
1
1
1
1
1
1
1
1
1
1
1
1
1
1
1
1
1
1
1
1
1
1
1
1
1
1
1
1
)
;
    }
    defaultFaces
    {
        type            empty;
    }
}


// ************************************************************************* //
