/*--------------------------------*- C++ -*----------------------------------*\
  =========                 |
  \\      /  F ield         | OpenFOAM: The Open Source CFD Toolbox
   \\    /   O peration     | Website:  https://openfoam.org
    \\  /    A nd           | Version:  13
     \\/     M anipulation  |
\*---------------------------------------------------------------------------*/
FoamFile
{
    format      ascii;
    class       volVectorField;
    location    "0.35";
    object      U;
}
// * * * * * * * * * * * * * * * * * * * * * * * * * * * * * * * * * * * * * //

dimensions      [0 1 -1 0 0 0 0];

internalField   nonuniform List<vector> 
2268
(
(-0.0214638 0.00666119 0)
(-0.0108418 -0.00783963 0)
(0.0266522 -0.0136769 0)
(0.0669753 -0.0148736 0)
(0.11006 -0.0151209 0)
(0.153674 -0.0150072 0)
(0.197002 -0.0147382 0)
(0.239585 -0.0143509 0)
(0.281016 -0.0138511 0)
(0.320882 -0.0132387 0)
(0.358729 -0.0124966 0)
(0.394 -0.0115783 0)
(0.425944 -0.0104153 0)
(0.453567 -0.0089316 0)
(0.475577 -0.00700075 0)
(0.490145 -0.00436118 0)
(0.494536 -0.000608325 0)
(0.484279 0.00473796 0)
(0.453026 0.0127471 0)
(0.393618 0.0235798 0)
(0.302685 0.0363541 0)
(0.166359 0.0473807 0)
(0.0469411 0.0340703 0)
(-0.00211206 0.00871919 0)
(0.023511 -0.0180521 0)
(0.0592512 -0.0274102 0)
(0.0982112 -0.0303872 0)
(0.139146 -0.0312683 0)
(0.180465 -0.0313241 0)
(0.221484 -0.0309674 0)
(0.261764 -0.0302861 0)
(0.300888 -0.0292902 0)
(0.338421 -0.0279687 0)
(0.373878 -0.0262727 0)
(0.406663 -0.0240911 0)
(0.435977 -0.0212638 0)
(0.460771 -0.0176039 0)
(0.479704 -0.0128302 0)
(0.490936 -0.00639533 0)
(0.491826 0.00257685 0)
(0.478451 0.0155447 0)
(0.445389 0.0338096 0)
(0.386411 0.0566477 0)
(0.299269 0.0805325 0)
(0.176373 0.0958245 0)
(0.0681873 0.0683667 0)
(0.0172564 -0.00161845 0)
(0.0462732 -0.0329157 0)
(0.0819583 -0.0441734 0)
(0.119243 -0.0481703 0)
(0.15782 -0.0493695 0)
(0.19664 -0.0494193 0)
(0.235191 -0.0488481 0)
(0.273065 -0.0477639 0)
(0.309834 -0.0461679 0)
(0.345037 -0.0440305 0)
(0.378158 -0.0412651 0)
(0.408567 -0.0376897 0)
(0.435419 -0.0330373 0)
(0.457602 -0.0269933 0)
(0.473714 -0.0191147 0)
(0.481924 -0.0085912 0)
(0.479829 0.00590033 0)
(0.464234 0.02647 0)
(0.430669 0.0548403 0)
(0.374095 0.0898631 0)
(0.293238 0.126002 0)
(0.183822 0.150212 0)
(0.0861661 0.125428 0)
(0.0309008 -0.0201549 0)
(0.0626837 -0.0496002 0)
(0.0992003 -0.0611379 0)
(0.135208 -0.0656176 0)
(0.171727 -0.0669568 0)
(0.208271 -0.0669472 0)
(0.244548 -0.0661527 0)
(0.280205 -0.0646659 0)
(0.314809 -0.0624646 0)
(0.34788 -0.059494 0)
(0.37888 -0.0556233 0)
(0.407146 -0.0505872 0)
(0.431787 -0.043992 0)
(0.451604 -0.035375 0)
(0.465107 -0.0241347 0)
(0.470445 -0.00926725 0)
(0.465459 0.0107485 0)
(0.447746 0.0384128 0)
(0.413838 0.0758768 0)
(0.359827 0.121558 0)
(0.28523 0.168156 0)
(0.187101 0.201153 0)
(0.0979326 0.188067 0)
(0.0398203 -0.0440806 0)
(0.0737892 -0.0679322 0)
(0.111512 -0.0785458 0)
(0.146718 -0.0829802 0)
(0.181634 -0.0842604 0)
(0.216268 -0.0841538 0)
(0.250571 -0.0831549 0)
(0.284264 -0.0812924 0)
(0.316931 -0.078503 0)
(0.348089 -0.0746998 0)
(0.377191 -0.0697003 0)
(0.403553 -0.0631393 0)
(0.426224 -0.0544666 0)
(0.443893 -0.0430419 0)
(0.454929 -0.0280932 0)
(0.457363 -0.00851277 0)
(0.449237 0.0171777 0)
(0.429027 0.0515097 0)
(0.394475 0.0969562 0)
(0.342974 0.151588 0)
(0.27463 0.20669 0)
(0.186879 0.248066 0)
(0.10507 0.252231 0)
(0.0464163 -0.0735267 0)
(0.0801687 -0.0877761 0)
(0.118975 -0.0964833 0)
(0.15373 -0.100246 0)
(0.187521 -0.101146 0)
(0.220688 -0.100801 0)
(0.253389 -0.099513 0)
(0.285424 -0.097194 0)
(0.316418 -0.093718 0)
(0.345918 -0.0889628 0)
(0.373386 -0.0827004 0)
(0.398113 -0.0744824 0)
(0.419078 -0.0636309 0)
(0.434832 -0.0493704 0)
(0.443517 -0.0308119 0)
(0.442889 -0.0067279 0)
(0.431008 0.0243214 0)
(0.407295 0.0649899 0)
(0.371317 0.117796 0)
(0.322508 0.179585 0)
(0.261332 0.241389 0)
(0.185116 0.290904 0)
(0.110311 0.31783 0)
(0.0517777 -0.104138 0)
(0.0823219 -0.106037 0)
(0.122069 -0.112311 0)
(0.156507 -0.114968 0)
(0.189584 -0.115229 0)
(0.221721 -0.114495 0)
(0.253172 -0.11282 0)
(0.283814 -0.109996 0)
(0.313351 -0.105847 0)
(0.341387 -0.100226 0)
(0.367397 -0.0928672 0)
(0.390625 -0.0832428 0)
(0.409971 -0.0705456 0)
(0.42383 -0.0538366 0)
(0.430082 -0.0321115 0)
(0.426029 -0.00404928 0)
(0.409722 0.0312728 0)
(0.381398 0.0764215 0)
(0.342991 0.134599 0)
(0.297721 0.203606 0)
(0.246274 0.270853 0)
(0.185044 0.328856 0)
(0.117476 0.38779 0)
(0.0534826 -0.130646 0)
(0.080179 -0.121269 0)
(0.121622 -0.126543 0)
(0.155666 -0.128222 0)
(0.188278 -0.12781 0)
(0.219681 -0.126679 0)
(0.250071 -0.124614 0)
(0.279405 -0.121324 0)
(0.307489 -0.116577 0)
(0.334 -0.110186 0)
(0.35841 -0.101801 0)
(0.3799 -0.0907742 0)
(0.397283 -0.0760984 0)
(0.40889 -0.0565399 0)
(0.412619 -0.0309006 0)
(0.405401 0.0022919 0)
(0.384916 0.042397 0)
(0.351506 0.091325 0)
(0.309262 0.152504 0)
(0.269865 0.222529 0)
(0.232691 0.291866 0)
(0.192372 0.356573 0)
(0.139921 0.463024 0)
(-0.393718 0.133134 0)
(-0.526396 0.0566102 0)
(-0.653117 -0.000149923 0)
(-0.619007 -0.0256026 0)
(-0.525327 -0.0454918 0)
(-0.384769 -0.0616139 0)
(-0.215435 -0.0684595 0)
(-0.0318991 -0.0703417 0)
(0.153366 -0.0635621 0)
(0.299958 -0.0525151 0)
(0.429989 -0.04233 0)
(0.531468 -0.0307205 0)
(0.595458 -0.0165576 0)
(0.613047 6.48533e-05 0)
(0.575728 0.0199012 0)
(0.475797 0.042115 0)
(0.322857 0.0658973 0)
(0.0629393 0.0804674 0)
(-0.141048 -0.0308302 0)
(-0.326173 0.235989 0)
(-0.403321 0.12993 0)
(-0.503962 0.0173088 0)
(-0.457389 -0.0398521 0)
(-0.361269 -0.0743507 0)
(-0.229085 -0.10293 0)
(-0.0752363 -0.116789 0)
(0.0883287 -0.116551 0)
(0.234431 -0.106487 0)
(0.365745 -0.0915315 0)
(0.480394 -0.0746158 0)
(0.569036 -0.0529699 0)
(0.623344 -0.0253234 0)
(0.635273 0.00807929 0)
(0.597662 0.0466231 0)
(0.504588 0.0875652 0)
(0.366489 0.125501 0)
(0.161827 0.139244 0)
(0.0146983 -0.0083353 0)
(-0.268368 0.34561 0)
(-0.28907 0.182994 0)
(-0.381101 0.0142557 0)
(-0.327914 -0.0743202 0)
(-0.22109 -0.126125 0)
(-0.0933022 -0.16102 0)
(0.0441759 -0.176411 0)
(0.179117 -0.17225 0)
(0.302833 -0.157695 0)
(0.417425 -0.137742 0)
(0.517311 -0.112701 0)
(0.593802 -0.0797127 0)
(0.638914 -0.0374102 0)
(0.645306 0.0138395 0)
(0.607255 0.0723819 0)
(0.520695 0.133795 0)
(0.394875 0.188615 0)
(0.221643 0.206275 0)
(0.10009 0.047828 0)
(-0.214505 0.433655 0)
(-0.15615 0.226822 0)
(-0.257135 0.0158822 0)
(-0.209656 -0.0972571 0)
(-0.0914607 -0.173659 0)
(0.0430881 -0.219014 0)
(0.157408 -0.230091 0)
(0.266798 -0.221799 0)
(0.370441 -0.204051 0)
(0.468343 -0.179641 0)
(0.554047 -0.146989 0)
(0.618988 -0.103065 0)
(0.655271 -0.0466497 0)
(0.656045 0.0213994 0)
(0.616527 0.0983895 0)
(0.534061 0.178073 0)
(0.416269 0.247701 0)
(0.259412 0.270512 0)
(0.144417 0.124446 0)
(-0.175961 0.484727 0)
(0.0150685 0.247578 0)
(-0.126069 0.00502804 0)
(-0.0816689 -0.0880386 0)
(0.0345427 -0.207378 0)
(0.183495 -0.269243 0)
(0.272439 -0.274747 0)
(0.355439 -0.262527 0)
(0.438867 -0.243316 0)
(0.520356 -0.21576 0)
(0.59247 -0.176544 0)
(0.646379 -0.122591 0)
(0.674092 -0.053021 0)
(0.669077 0.0306198 0)
(0.627125 0.124479 0)
(0.546499 0.220499 0)
(0.433412 0.303284 0)
(0.284338 0.333554 0)
(0.16717 0.208624 0)
(-0.164138 0.485074 0)
(0.227006 0.251885 0)
(0.117863 0.0402644 0)
(0.32976 -0.237695 0)
(0.18901 -0.219056 0)
(0.335267 -0.310999 0)
(0.390343 -0.305187 0)
(0.443917 -0.292639 0)
(0.506883 -0.274525 0)
(0.572767 -0.245459 0)
(0.632156 -0.200897 0)
(0.675637 -0.13797 0)
(0.695042 -0.0563181 0)
(0.684064 0.0416817 0)
(0.638838 0.150932 0)
(0.558225 0.261733 0)
(0.447281 0.356887 0)
(0.301356 0.397577 0)
(0.179329 0.300749 0)
(-0.15744 0.43489 0)
(0.332623 0.212861 0)
(0.319321 0.0217802 0)
(0.275969 -0.251319 0)
(0.530755 -0.258699 0)
(0.488842 -0.324682 0)
(0.500884 -0.31847 0)
(0.527602 -0.312138 0)
(0.572128 -0.29826 0)
(0.624199 -0.269268 0)
(0.672106 -0.220416 0)
(0.70589 -0.149394 0)
(0.717261 -0.0565432 0)
(0.700135 0.0548027 0)
(0.650912 0.178273 0)
(0.568877 0.30268 0)
(0.458118 0.409804 0)
(0.313006 0.462719 0)
(0.186199 0.397336 0)
(-0.137283 0.372553 0)
(0.378956 0.161019 0)
(0.415457 0.0776196 0)
(0.471301 -0.301578 0)
(0.630967 -0.353428 0)
(0.594884 -0.314341 0)
(0.588547 -0.318468 0)
(0.600244 -0.323625 0)
(0.632084 -0.316292 0)
(0.673228 -0.288418 0)
(0.711247 -0.235902 0)
(0.73614 -0.157289 0)
(0.739694 -0.0537902 0)
(0.716194 0.0701372 0)
(0.662309 0.206964 0)
(0.577702 0.344097 0)
(0.465697 0.462872 0)
(0.320801 0.529092 0)
(0.191373 0.493806 0)
(0.0388554 -0.17276 0)
(0.0667743 -0.151937 0)
(0.110827 -0.156539 0)
(0.145317 -0.156353 0)
(0.17789 -0.155061 0)
(0.208667 -0.153529 0)
(0.237628 -0.151294 0)
(0.26483 -0.148023 0)
(0.290199 -0.143367 0)
(0.313545 -0.13684 0)
(0.33455 -0.127598 0)
(0.352803 -0.114319 0)
(0.367758 -0.0951546 0)
(0.378558 -0.0678131 0)
(0.383641 -0.0300908 0)
(0.380115 0.0198071 0)
(0.365001 0.0795341 0)
(0.33567 0.141552 0)
(0.286262 0.197533 0)
(0.239802 0.25275 0)
(0.227536 0.315686 0)
(0.234773 0.369435 0)
(0.293959 0.453907 0)
(0.0157595 -0.217298 0)
(0.0460136 -0.201738 0)
(0.0839657 -0.200248 0)
(0.118114 -0.196937 0)
(0.150484 -0.192914 0)
(0.181067 -0.188508 0)
(0.209816 -0.183171 0)
(0.236786 -0.176353 0)
(0.261977 -0.1676 0)
(0.285272 -0.15652 0)
(0.306435 -0.142597 0)
(0.325151 -0.125006 0)
(0.341088 -0.102422 0)
(0.353921 -0.072895 0)
(0.363318 -0.0339293 0)
(0.369016 0.0170725 0)
(0.370481 0.0811915 0)
(0.366833 0.156484 0)
(0.356507 0.234361 0)
(0.335772 0.291617 0)
(0.281817 0.328921 0)
(0.288885 0.348274 0)
(0.33659 0.343793 0)
(0.0099092 -0.2351 0)
(0.038534 -0.231955 0)
(0.0720954 -0.228114 0)
(0.104094 -0.223194 0)
(0.134983 -0.217631 0)
(0.164458 -0.21159 0)
(0.192371 -0.204757 0)
(0.218678 -0.196699 0)
(0.243354 -0.186943 0)
(0.266345 -0.174948 0)
(0.28754 -0.16 0)
(0.306816 -0.141121 0)
(0.32417 -0.116969 0)
(0.339855 -0.0856694 0)
(0.354411 -0.0448959 0)
(0.368598 0.00761389 0)
(0.382981 0.0725781 0)
(0.397763 0.148318 0)
(0.413103 0.228194 0)
(0.427921 0.298129 0)
(0.44031 0.337722 0)
(0.410425 0.326204 0)
(0.431443 0.299543 0)
(0.0137756 -0.25668 0)
(0.0396063 -0.262045 0)
(0.0702869 -0.258284 0)
(0.0997444 -0.252778 0)
(0.128518 -0.24636 0)
(0.156256 -0.239188 0)
(0.182778 -0.231072 0)
(0.207966 -0.221647 0)
(0.231743 -0.210467 0)
(0.254057 -0.196986 0)
(0.27487 -0.180488 0)
(0.294192 -0.160079 0)
(0.312326 -0.134692 0)
(0.330075 -0.102809 0)
(0.348684 -0.0623803 0)
(0.369496 -0.0112079 0)
(0.393415 0.051735 0)
(0.421022 0.124533 0)
(0.452938 0.201562 0)
(0.489442 0.271949 0)
(0.530026 0.320112 0)
(0.565125 0.320798 0)
(0.59239 0.269327 0)
(0.0188722 -0.283652 0)
(0.0430116 -0.292265 0)
(0.0727386 -0.287716 0)
(0.100156 -0.281366 0)
(0.126935 -0.27406 0)
(0.152843 -0.26586 0)
(0.177744 -0.256571 0)
(0.201507 -0.245851 0)
(0.224024 -0.233293 0)
(0.245244 -0.2184 0)
(0.265147 -0.200502 0)
(0.283751 -0.178877 0)
(0.30151 -0.153023 0)
(0.319696 -0.122015 0)
(0.340263 -0.0841203 0)
(0.365044 -0.0368241 0)
(0.39508 0.0215639 0)
(0.430398 0.0891675 0)
(0.471583 0.160006 0)
(0.519641 0.224533 0)
(0.574505 0.270411 0)
(0.631787 0.281286 0)
(0.688755 0.247755 0)
(0.0258536 -0.318615 0)
(0.0462582 -0.324704 0)
(0.0761018 -0.318271 0)
(0.101827 -0.310709 0)
(0.126884 -0.30235 0)
(0.151103 -0.293061 0)
(0.174375 -0.282566 0)
(0.196569 -0.270498 0)
(0.217563 -0.256502 0)
(0.237339 -0.24017 0)
(0.255905 -0.220842 0)
(0.273106 -0.197918 0)
(0.289339 -0.171797 0)
(0.306216 -0.142418 0)
(0.326442 -0.108456 0)
(0.352286 -0.0666242 0)
(0.384636 -0.0143688 0)
(0.423141 0.0473015 0)
(0.467869 0.110959 0)
(0.520199 0.167033 0)
(0.580507 0.206249 0)
(0.645841 0.216489 0)
(0.7125 0.189802 0)
(0.0368318 -0.358144 0)
(0.0475667 -0.353759 0)
(0.0774713 -0.344132 0)
(0.101933 -0.335079 0)
(0.125737 -0.325679 0)
(0.148613 -0.315533 0)
(0.170434 -0.304168 0)
(0.191069 -0.29112 0)
(0.210398 -0.276055 0)
(0.228483 -0.258702 0)
(0.24539 -0.238399 0)
(0.260822 -0.214402 0)
(0.275056 -0.188176 0)
(0.289653 -0.160904 0)
(0.308074 -0.132421 0)
(0.332323 -0.0975594 0)
(0.362649 -0.0515245 0)
(0.399609 0.00548137 0)
(0.444801 0.0638235 0)
(0.498983 0.111851 0)
(0.562434 0.143745 0)
(0.632939 0.151037 0)
(0.705649 0.12713 0)
(0.0559306 -0.385955 0)
(0.0449384 -0.373111 0)
(0.0742631 -0.361961 0)
(0.0980713 -0.351826 0)
(0.121546 -0.34131 0)
(0.143823 -0.330257 0)
(0.16468 -0.318065 0)
(0.184007 -0.304163 0)
(0.201733 -0.288237 0)
(0.218 -0.270187 0)
(0.232908 -0.249287 0)
(0.246555 -0.224347 0)
(0.259602 -0.198149 0)
(0.274169 -0.172818 0)
(0.291112 -0.148228 0)
(0.311786 -0.119353 0)
(0.336498 -0.0816655 0)
(0.368384 -0.037268 0)
(0.415696 0.0116655 0)
(0.47602 0.0509498 0)
(0.543636 0.0745122 0)
(0.617651 0.0769115 0)
(0.693869 0.0541715 0)
(0.24711 -0.438643 0)
(0.038443 -0.373149 0)
(0.0730175 -0.36124 0)
(0.0900386 -0.350843 0)
(0.111603 -0.339186 0)
(0.132742 -0.327777 0)
(0.152039 -0.315458 0)
(0.169444 -0.301471 0)
(0.185149 -0.2854 0)
(0.199096 -0.26749 0)
(0.210398 -0.247021 0)
(0.221535 -0.221344 0)
(0.234895 -0.19473 0)
(0.251782 -0.168861 0)
(0.273535 -0.152287 0)
(0.295901 -0.130931 0)
(0.33059 -0.0985264 0)
(0.369305 -0.0705243 0)
(0.415731 -0.0459453 0)
(0.473268 -0.023647 0)
(0.53951 -0.00872086 0)
(0.611319 -0.00918381 0)
(0.6856 -0.0289924 0)
(0.0241907 -0.60788 0)
(0.0323068 -0.314593 0)
(0.081971 -0.433296 0)
(0.0976234 -0.448411 0)
(0.116598 -0.436765 0)
(0.135641 -0.419687 0)
(0.153334 -0.399766 0)
(0.169675 -0.37783 0)
(0.185002 -0.353908 0)
(0.199817 -0.327873 0)
(0.214711 -0.301495 0)
(0.231272 -0.275488 0)
(0.249677 -0.251884 0)
(0.271094 -0.234028 0)
(0.278332 -0.190388 0)
(0.274715 -0.151089 0)
(0.331112 -0.109249 0)
(0.388956 -0.0966665 0)
(0.437685 -0.0788158 0)
(0.492884 -0.0634191 0)
(0.558111 -0.0579461 0)
(0.626798 -0.0663594 0)
(0.6973 -0.0904878 0)
(-0.026254 -0.55819 0)
(0.0160807 -0.400323 0)
(0.0626888 -0.423133 0)
(0.0800978 -0.422803 0)
(0.0964977 -0.411189 0)
(0.112787 -0.396139 0)
(0.128943 -0.37921 0)
(0.145099 -0.36063 0)
(0.16157 -0.340352 0)
(0.178729 -0.318764 0)
(0.197057 -0.296783 0)
(0.216686 -0.274249 0)
(0.239884 -0.251236 0)
(0.264598 -0.223869 0)
(0.289702 -0.226905 0)
(0.323549 -0.24183 0)
(0.371032 -0.268142 0)
(0.36294 -0.148137 0)
(0.41445 -0.0873296 0)
(0.494267 -0.0662282 0)
(0.594871 -0.0796373 0)
(0.667863 -0.107992 0)
(0.728939 -0.135294 0)
(-0.0244803 -0.542361 0)
(0.0105907 -0.451469 0)
(0.0428177 -0.444654 0)
(0.0589504 -0.435494 0)
(0.0727772 -0.422559 0)
(0.086411 -0.407672 0)
(0.100755 -0.391475 0)
(0.11623 -0.374005 0)
(0.133218 -0.355274 0)
(0.152103 -0.335571 0)
(0.17301 -0.315579 0)
(0.195969 -0.295568 0)
(0.221433 -0.274941 0)
(0.253142 -0.255218 0)
(0.287247 -0.235382 0)
(0.322376 -0.239246 0)
(0.356473 -0.239794 0)
(0.394933 -0.257514 0)
(0.470339 -0.303801 0)
(0.549342 -0.343188 0)
(0.607724 -0.264164 0)
(0.668011 -0.162015 0)
(0.755112 -0.159666 0)
(-0.0161438 -0.535866 0)
(0.00623643 -0.482083 0)
(0.0258781 -0.463822 0)
(0.0388709 -0.449586 0)
(0.0504418 -0.435654 0)
(0.0621348 -0.421288 0)
(0.0749327 -0.406272 0)
(0.0893903 -0.390443 0)
(0.105955 -0.373758 0)
(0.125022 -0.356426 0)
(0.146796 -0.33892 0)
(0.171309 -0.32153 0)
(0.198896 -0.304382 0)
(0.230506 -0.287969 0)
(0.266904 -0.27669 0)
(0.303942 -0.270089 0)
(0.341428 -0.265525 0)
(0.384623 -0.260981 0)
(0.432581 -0.284801 0)
(0.470458 -0.300033 0)
(0.505248 -0.328215 0)
(0.56142 -0.363863 0)
(0.622573 -0.410068 0)
(-0.010971 -0.531108 0)
(0.000769128 -0.498595 0)
(0.0116301 -0.477428 0)
(0.0211098 -0.461251 0)
(0.0304289 -0.447112 0)
(0.0403756 -0.433593 0)
(0.051661 -0.42006 0)
(0.0647963 -0.406194 0)
(0.0802076 -0.391885 0)
(0.0982686 -0.377256 0)
(0.119206 -0.362629 0)
(0.143116 -0.348358 0)
(0.170163 -0.334762 0)
(0.200752 -0.322518 0)
(0.234644 -0.312969 0)
(0.269785 -0.307873 0)
(0.305711 -0.304531 0)
(0.34456 -0.305475 0)
(0.381043 -0.313405 0)
(0.413003 -0.319771 0)
(0.447662 -0.316145 0)
(0.491411 -0.329837 0)
(0.537279 -0.350032 0)
(-0.00875902 -0.525722 0)
(-0.00449488 -0.505492 0)
(0.000258491 -0.485298 0)
(0.00626787 -0.469299 0)
(0.013135 -0.455822 0)
(0.0211297 -0.443538 0)
(0.0306499 -0.43172 0)
(0.0420738 -0.419975 0)
(0.0557441 -0.408142 0)
(0.0719566 -0.396266 0)
(0.0909074 -0.384559 0)
(0.112673 -0.37331 0)
(0.137296 -0.362875 0)
(0.164763 -0.353779 0)
(0.194684 -0.346922 0)
(0.225939 -0.342891 0)
(0.257937 -0.341063 0)
(0.290339 -0.342049 0)
(0.320358 -0.347032 0)
(0.347317 -0.35063 0)
(0.376043 -0.35407 0)
(0.405745 -0.362308 0)
(0.428664 -0.376557 0)
(-0.00818267 -0.51873 0)
(-0.0088973 -0.50636 0)
(-0.00843827 -0.48876 0)
(-0.00563227 -0.474245 0)
(-0.00131486 -0.462084 0)
(0.00449401 -0.451295 0)
(0.0119452 -0.441258 0)
(0.0212704 -0.431587 0)
(0.0327057 -0.422096 0)
(0.0464536 -0.412766 0)
(0.0626428 -0.403712 0)
(0.0812946 -0.395134 0)
(0.102343 -0.387291 0)
(0.125602 -0.380558 0)
(0.150613 -0.375413 0)
(0.176597 -0.372208 0)
(0.202874 -0.37082 0)
(0.228657 -0.371495 0)
(0.252411 -0.374096 0)
(0.273793 -0.376618 0)
(0.293829 -0.379102 0)
(0.31098 -0.384579 0)
(0.321428 -0.391347 0)
(-0.00832643 -0.509948 0)
(-0.0123809 -0.503379 0)
(-0.0150489 -0.488882 0)
(-0.0150359 -0.476408 0)
(-0.0132066 -0.46592 0)
(-0.00971749 -0.456798 0)
(-0.00456343 -0.448545 0)
(0.00236818 -0.44082 0)
(0.0112105 -0.433435 0)
(0.0220658 -0.426335 0)
(0.0349917 -0.419551 0)
(0.0499446 -0.413183 0)
(0.0667846 -0.407377 0)
(0.0852401 -0.402339 0)
(0.104851 -0.398311 0)
(0.124974 -0.395443 0)
(0.144923 -0.393706 0)
(0.163885 -0.393114 0)
(0.180841 -0.393409 0)
(0.195278 -0.393706 0)
(0.207033 -0.393956 0)
(0.214924 -0.394618 0)
(0.216798 -0.394443 0)
(-0.0086804 -0.499554 0)
(-0.0150616 -0.497675 0)
(-0.0201165 -0.486315 0)
(-0.0225117 -0.476077 0)
(-0.0230211 -0.467402 0)
(-0.0218449 -0.459953 0)
(-0.0190748 -0.453381 0)
(-0.0147008 -0.447416 0)
(-0.00867553 -0.441873 0)
(-0.000965021 -0.43665 0)
(0.00842888 -0.431704 0)
(0.0193886 -0.427056 0)
(0.031731 -0.422741 0)
(0.0451525 -0.418825 0)
(0.0592089 -0.415381 0)
(0.0733348 -0.412429 0)
(0.0868905 -0.409904 0)
(0.0991422 -0.407704 0)
(0.109303 -0.405558 0)
(0.116801 -0.402967 0)
(0.121132 -0.399692 0)
(0.121477 -0.395577 0)
(0.116537 -0.389725 0)
(-0.00900662 -0.487871 0)
(-0.0170708 -0.489941 0)
(-0.0240173 -0.481525 0)
(-0.0284915 -0.47349 0)
(-0.0311596 -0.466608 0)
(-0.0322229 -0.460759 0)
(-0.0318283 -0.455717 0)
(-0.0300366 -0.451269 0)
(-0.0268741 -0.447244 0)
(-0.0223748 -0.443517 0)
(-0.0166066 -0.43999 0)
(-0.00970572 -0.436594 0)
(-0.00188713 -0.433272 0)
(0.00655009 -0.429974 0)
(0.0151769 -0.426658 0)
(0.023496 -0.42325 0)
(0.030939 -0.419631 0)
(0.0368766 -0.415639 0)
(0.0406689 -0.411017 0)
(0.0417731 -0.405409 0)
(0.0396523 -0.398528 0)
(0.0337631 -0.390054 0)
(0.0232797 -0.379347 0)
(-0.00922806 -0.475218 0)
(-0.0185459 -0.480647 0)
(-0.0270146 -0.474882 0)
(-0.0332797 -0.46889 0)
(-0.0379069 -0.463679 0)
(-0.0410805 -0.459286 0)
(-0.0429764 -0.455578 0)
(-0.0437036 -0.452394 0)
(-0.0433424 -0.449572 0)
(-0.0419772 -0.446967 0)
(-0.0397205 -0.444438 0)
(-0.0367345 -0.441851 0)
(-0.033245 -0.439077 0)
(-0.0295467 -0.435979 0)
(-0.02601 -0.432424 0)
(-0.0230707 -0.428269 0)
(-0.0212161 -0.423349 0)
(-0.0209696 -0.417474 0)
(-0.0228504 -0.410405 0)
(-0.0273246 -0.401858 0)
(-0.0348475 -0.391563 0)
(-0.0457777 -0.379209 0)
(-0.0605817 -0.364381 0)
(-0.00933362 -0.461883 0)
(-0.0195913 -0.470137 0)
(-0.0292883 -0.466692 0)
(-0.0370826 -0.46252 0)
(-0.0434536 -0.458796 0)
(-0.0485623 -0.45567 0)
(-0.0525973 -0.45308 0)
(-0.0556982 -0.4509 0)
(-0.0579824 -0.448978 0)
(-0.0595693 -0.447154 0)
(-0.0605996 -0.445254 0)
(-0.0612495 -0.443097 0)
(-0.0617411 -0.440493 0)
(-0.0623459 -0.437248 0)
(-0.0633861 -0.433168 0)
(-0.065228 -0.42806 0)
(-0.0682714 -0.421729 0)
(-0.0729339 -0.413974 0)
(-0.0796199 -0.404577 0)
(-0.0886926 -0.393312 0)
(-0.100505 -0.379955 0)
(-0.115268 -0.364274 0)
(-0.133195 -0.346017 0)
(-0.0093352 -0.448102 0)
(-0.0202863 -0.45869 0)
(-0.0309576 -0.457223 0)
(-0.0400338 -0.454619 0)
(-0.0479198 -0.452168 0)
(-0.0547515 -0.450102 0)
(-0.0607201 -0.448405 0)
(-0.0659823 -0.446979 0)
(-0.0706779 -0.445679 0)
(-0.0749477 -0.444334 0)
(-0.0789466 -0.442747 0)
(-0.0828527 -0.440703 0)
(-0.0868738 -0.437974 0)
(-0.091249 -0.434325 0)
(-0.0962483 -0.429525 0)
(-0.102167 -0.423352 0)
(-0.109318 -0.415593 0)
(-0.118018 -0.406049 0)
(-0.128563 -0.394529 0)
(-0.141215 -0.380855 0)
(-0.156223 -0.364863 0)
(-0.173699 -0.346402 0)
(-0.193669 -0.325344 0)
(-0.00924677 -0.434077 0)
(-0.0206813 -0.446542 0)
(-0.0320985 -0.446723 0)
(-0.0422177 -0.445428 0)
(-0.0513792 -0.44403 0)
(-0.0596948 -0.442811 0)
(-0.0673507 -0.441791 0)
(-0.0745104 -0.440889 0)
(-0.081325 -0.439965 0)
(-0.0879448 -0.438841 0)
(-0.0945279 -0.437307 0)
(-0.101244 -0.435129 0)
(-0.10828 -0.432054 0)
(-0.115837 -0.427826 0)
(-0.124129 -0.422195 0)
(-0.133384 -0.414922 0)
(-0.143832 -0.405794 0)
(-0.155696 -0.394622 0)
(-0.169178 -0.381242 0)
(-0.184445 -0.36552 0)
(-0.20166 -0.347349 0)
(-0.22086 -0.32665 0)
(-0.241942 -0.303377 0)
(-0.00907907 -0.41998 0)
(-0.0208106 -0.433906 0)
(-0.0327602 -0.435424 0)
(-0.0436888 -0.435191 0)
(-0.0538802 -0.434628 0)
(-0.0634223 -0.434055 0)
(-0.0724921 -0.433513 0)
(-0.0812519 -0.432932 0)
(-0.089855 -0.432175 0)
(-0.0984525 -0.431062 0)
(-0.107197 -0.429378 0)
(-0.116245 -0.42688 0)
(-0.125755 -0.423308 0)
(-0.135888 -0.418397 0)
(-0.146808 -0.411889 0)
(-0.158675 -0.403549 0)
(-0.171644 -0.393167 0)
(-0.18586 -0.38057 0)
(-0.201438 -0.365622 0)
(-0.21847 -0.348228 0)
(-0.237047 -0.328331 0)
(-0.257154 -0.305903 0)
(-0.278594 -0.28096 0)
(-0.00883946 -0.40597 0)
(-0.0206961 -0.42098 0)
(-0.0329769 -0.423549 0)
(-0.0444874 -0.424147 0)
(-0.0554612 -0.42422 0)
(-0.0659641 -0.42411 0)
(-0.0761598 -0.42387 0)
(-0.0862045 -0.423436 0)
(-0.096247 -0.422676 0)
(-0.106433 -0.42141 0)
(-0.116904 -0.419424 0)
(-0.127798 -0.416477 0)
(-0.139245 -0.412312 0)
(-0.151368 -0.406668 0)
(-0.164281 -0.399294 0)
(-0.178087 -0.389961 0)
(-0.192876 -0.378473 0)
(-0.208721 -0.364675 0)
(-0.225674 -0.348457 0)
(-0.24376 -0.329757 0)
(-0.263016 -0.308554 0)
(-0.283387 -0.284863 0)
(-0.304624 -0.258736 0)
(-0.00853262 -0.392191 0)
(-0.0203555 -0.407949 0)
(-0.0327769 -0.411314 0)
(-0.0446497 -0.412534 0)
(-0.0561621 -0.413065 0)
(-0.0673597 -0.413257 0)
(-0.0783908 -0.413169 0)
(-0.0894014 -0.412741 0)
(-0.100532 -0.411842 0)
(-0.111919 -0.4103 0)
(-0.123689 -0.407905 0)
(-0.13596 -0.404426 0)
(-0.148835 -0.399619 0)
(-0.162402 -0.393235 0)
(-0.17673 -0.385037 0)
(-0.191873 -0.374812 0)
(-0.207866 -0.36238 0)
(-0.224728 -0.347606 0)
(-0.242454 -0.3304 0)
(-0.261022 -0.310727 0)
(-0.280428 -0.288595 0)
(-0.300587 -0.264046 0)
(-0.321223 -0.237158 0)
(-0.0081628 -0.37878 0)
(-0.0198044 -0.394987 0)
(-0.0321889 -0.398922 0)
(-0.0442146 -0.400583 0)
(-0.0560309 -0.401417 0)
(-0.0676639 -0.401774 0)
(-0.0792464 -0.401716 0)
(-0.0909123 -0.401181 0)
(-0.102791 -0.400043 0)
(-0.115007 -0.398135 0)
(-0.127672 -0.395261 0)
(-0.140884 -0.391204 0)
(-0.154721 -0.385737 0)
(-0.169238 -0.378634 0)
(-0.18447 -0.369676 0)
(-0.200427 -0.35867 0)
(-0.217104 -0.345455 0)
(-0.234473 -0.329913 0)
(-0.252489 -0.311974 0)
(-0.271094 -0.291622 0)
(-0.290251 -0.268883 0)
(-0.309862 -0.243816 0)
(-0.329639 -0.216514 0)
(-0.00773499 -0.365861 0)
(-0.0190606 -0.382253 0)
(-0.031245 -0.386564 0)
(-0.0432279 -0.38851 0)
(-0.0551258 -0.389517 0)
(-0.0669483 -0.389929 0)
(-0.0788123 -0.389802 0)
(-0.0908392 -0.389075 0)
(-0.103147 -0.387625 0)
(-0.115847 -0.385292 0)
(-0.129037 -0.381896 0)
(-0.142795 -0.377241 0)
(-0.157178 -0.371122 0)
(-0.172215 -0.363336 0)
(-0.187909 -0.353691 0)
(-0.204241 -0.342015 0)
(-0.221169 -0.328165 0)
(-0.238633 -0.312042 0)
(-0.256559 -0.29359 0)
(-0.27486 -0.272803 0)
(-0.293481 -0.249723 0)
(-0.31231 -0.224416 0)
(-0.331067 -0.19698 0)
(-0.00725674 -0.35355 0)
(-0.0181443 -0.369892 0)
(-0.029983 -0.374416 0)
(-0.0417428 -0.376519 0)
(-0.0535163 -0.377594 0)
(-0.065299 -0.377972 0)
(-0.077194 -0.377703 0)
(-0.0893107 -0.376721 0)
(-0.101756 -0.374907 0)
(-0.114629 -0.372113 0)
(-0.128014 -0.368175 0)
(-0.141973 -0.36292 0)
(-0.156542 -0.356169 0)
(-0.171729 -0.347748 0)
(-0.187516 -0.337489 0)
(-0.203857 -0.325244 0)
(-0.220685 -0.310891 0)
(-0.237919 -0.294344 0)
(-0.25546 -0.27556 0)
(-0.273205 -0.254541 0)
(-0.291081 -0.231332 0)
(-0.308974 -0.206002 0)
(-0.326621 -0.178648 0)
(-0.00673921 -0.341947 0)
(-0.0170792 -0.35803 0)
(-0.0284463 -0.362636 0)
(-0.0398192 -0.364796 0)
(-0.0512801 -0.365856 0)
(-0.0628138 -0.366134 0)
(-0.0745117 -0.365668 0)
(-0.0864737 -0.364387 0)
(-0.0987971 -0.362176 0)
(-0.11157 -0.3589 0)
(-0.124863 -0.354414 0)
(-0.138724 -0.348568 0)
(-0.153174 -0.341215 0)
(-0.168205 -0.332206 0)
(-0.183779 -0.321402 0)
(-0.199835 -0.308678 0)
(-0.216287 -0.293932 0)
(-0.233036 -0.277092 0)
(-0.24997 -0.258121 0)
(-0.266972 -0.237027 0)
(-0.283961 -0.213854 0)
(-0.30082 -0.188667 0)
(-0.317305 -0.161557 0)
(-0.0061984 -0.331136 0)
(-0.0158918 -0.346776 0)
(-0.0266834 -0.351366 0)
(-0.0375223 -0.353506 0)
(-0.0485007 -0.354495 0)
(-0.0595966 -0.354625 0)
(-0.0708938 -0.353922 0)
(-0.082485 -0.352311 0)
(-0.0944594 -0.349683 0)
(-0.106895 -0.345914 0)
(-0.119853 -0.340882 0)
(-0.133367 -0.334464 0)
(-0.147447 -0.326538 0)
(-0.162071 -0.316987 0)
(-0.177189 -0.305699 0)
(-0.192727 -0.292572 0)
(-0.208589 -0.277522 0)
(-0.224663 -0.260491 0)
(-0.240826 -0.241448 0)
(-0.256956 -0.2204 0)
(-0.272961 -0.197387 0)
(-0.288727 -0.172465 0)
(-0.304035 -0.145716 0)
(-0.00565754 -0.321178 0)
(-0.0146116 -0.336215 0)
(-0.0247475 -0.340727 0)
(-0.0349201 -0.342801 0)
(-0.0452635 -0.343679 0)
(-0.0557535 -0.343629 0)
(-0.0664708 -0.342662 0)
(-0.0775039 -0.340701 0)
(-0.0889357 -0.337641 0)
(-0.100836 -0.333377 0)
(-0.113255 -0.327806 0)
(-0.126218 -0.320833 0)
(-0.139723 -0.312365 0)
(-0.15374 -0.302312 0)
(-0.168211 -0.290589 0)
(-0.183054 -0.277119 0)
(-0.198166 -0.261835 0)
(-0.213428 -0.24469 0)
(-0.22871 -0.22566 0)
(-0.243882 -0.204749 0)
(-0.258848 -0.181989 0)
(-0.27349 -0.157423 0)
(-0.28762 -0.131117 0)
(-0.00514993 -0.312115 0)
(-0.0132696 -0.326412 0)
(-0.0226954 -0.330825 0)
(-0.0320815 -0.332814 0)
(-0.0416526 -0.333562 0)
(-0.0513882 -0.333311 0)
(-0.0613705 -0.33206 0)
(-0.0716862 -0.329731 0)
(-0.0824132 -0.326231 0)
(-0.0936135 -0.32147 0)
(-0.105328 -0.31537 0)
(-0.117573 -0.30786 0)
(-0.13034 -0.298875 0)
(-0.143592 -0.288353 0)
(-0.157269 -0.276235 0)
(-0.171285 -0.262464 0)
(-0.185535 -0.246994 0)
(-0.199895 -0.22979 0)
(-0.214231 -0.210834 0)
(-0.228404 -0.190126 0)
(-0.242307 -0.167688 0)
(-0.255827 -0.143543 0)
(-0.268796 -0.117735 0)
(-0.00472589 -0.303965 0)
(-0.011899 -0.317409 0)
(-0.0205885 -0.321755 0)
(-0.0290741 -0.323667 0)
(-0.0377484 -0.324278 0)
(-0.046599 -0.323811 0)
(-0.0557142 -0.32226 0)
(-0.0651804 -0.31955 0)
(-0.0750698 -0.315602 0)
(-0.085436 -0.310345 0)
(-0.096311 -0.303723 0)
(-0.107704 -0.295692 0)
(-0.119601 -0.286212 0)
(-0.131965 -0.275244 0)
(-0.144735 -0.262754 0)
(-0.157828 -0.248708 0)
(-0.171141 -0.233079 0)
(-0.18455 -0.215848 0)
(-0.197913 -0.197003 0)
(-0.211085 -0.176544 0)
(-0.223944 -0.154479 0)
(-0.236365 -0.130806 0)
(-0.248206 -0.105535 0)
(-0.00446261 -0.296726 0)
(-0.0105313 -0.309226 0)
(-0.0184934 -0.313598 0)
(-0.025964 -0.31547 0)
(-0.0336261 -0.315948 0)
(-0.041478 -0.315254 0)
(-0.0496167 -0.313384 0)
(-0.0581266 -0.310277 0)
(-0.0670719 -0.305872 0)
(-0.0764957 -0.30012 0)
(-0.0864208 -0.292987 0)
(-0.0968502 -0.28445 0)
(-0.107768 -0.274489 0)
(-0.11914 -0.263089 0)
(-0.130913 -0.250237 0)
(-0.143011 -0.235922 0)
(-0.155339 -0.220136 0)
(-0.167776 -0.20288 0)
(-0.180181 -0.184159 0)
(-0.192393 -0.163975 0)
(-0.204264 -0.142322 0)
(-0.215652 -0.119169 0)
(-0.226421 -0.0944686 0)
(-0.00449847 -0.290306 0)
(-0.00920061 -0.301866 0)
(-0.0164878 -0.306442 0)
(-0.0228167 -0.308334 0)
(-0.0293562 -0.308683 0)
(-0.0361118 -0.30774 0)
(-0.0431866 -0.305527 0)
(-0.0506574 -0.302006 0)
(-0.058575 -0.297139 0)
(-0.0669687 -0.290896 0)
(-0.0758507 -0.283264 0)
(-0.0852194 -0.274234 0)
(-0.0950605 -0.263806 0)
(-0.105347 -0.251979 0)
(-0.116039 -0.238759 0)
(-0.127076 -0.224156 0)
(-0.138381 -0.208187 0)
(-0.149845 -0.190877 0)
(-0.16133 -0.172257 0)
(-0.172663 -0.152345 0)
(-0.183661 -0.131135 0)
(-0.194129 -0.108554 0)
(-0.203911 -0.0844696 0)
(-0.00514787 -0.28437 0)
(-0.00797735 -0.295343 0)
(-0.0146693 -0.300397 0)
(-0.019697 -0.302379 0)
(-0.025004 -0.302585 0)
(-0.030583 -0.301356 0)
(-0.0365298 -0.298765 0)
(-0.0429013 -0.294811 0)
(-0.0497267 -0.289477 0)
(-0.0570167 -0.282755 0)
(-0.0647722 -0.274642 0)
(-0.0729881 -0.26514 0)
(-0.0816548 -0.254256 0)
(-0.0907578 -0.242002 0)
(-0.100275 -0.228395 0)
(-0.110174 -0.213463 0)
(-0.120404 -0.197249 0)
(-0.130887 -0.179811 0)
(-0.141502 -0.161218 0)
(-0.152074 -0.141533 0)
(-0.162371 -0.120769 0)
(-0.172111 -0.0988263 0)
(-0.181049 -0.0754378 0)
(-0.00716338 -0.278355 0)
(-0.007084 -0.289722 0)
(-0.0131547 -0.295623 0)
(-0.0166575 -0.297749 0)
(-0.0206234 -0.29775 0)
(-0.02497 -0.296165 0)
(-0.0297517 -0.29315 0)
(-0.0349855 -0.288744 0)
(-0.0406684 -0.282951 0)
(-0.0467893 -0.275773 0)
(-0.0533375 -0.26721 0)
(-0.0603062 -0.257264 0)
(-0.0676927 -0.245943 0)
(-0.0754978 -0.233261 0)
(-0.0837238 -0.219241 0)
(-0.0923709 -0.203921 0)
(-0.101432 -0.187364 0)
(-0.110878 -0.169666 0)
(-0.120639 -0.150952 0)
(-0.130569 -0.131361 0)
(-0.140406 -0.11099 0)
(-0.14972 -0.0897618 0)
(-0.158042 -0.0672226 0)
(-0.0118781 -0.27224 0)
(-0.00691998 -0.285096 0)
(-0.0120229 -0.292285 0)
(-0.0137171 -0.294574 0)
(-0.0162492 -0.294245 0)
(-0.0193466 -0.292197 0)
(-0.022959 -0.288706 0)
(-0.0270365 -0.283841 0)
(-0.0315366 -0.277615 0)
(-0.0364256 -0.270022 0)
(-0.0416834 -0.261056 0)
(-0.0473033 -0.25071 0)
(-0.0532903 -0.238985 0)
(-0.0596603 -0.225885 0)
(-0.0664395 -0.21143 0)
(-0.0736643 -0.195657 0)
(-0.0813798 -0.178637 0)
(-0.0896318 -0.16049 0)
(-0.0984447 -0.141405 0)
(-0.107776 -0.12164 0)
(-0.117413 -0.101481 0)
(-0.126763 -0.081038 0)
(-0.134845 -0.0596692 0)
(-0.0207309 -0.267071 0)
(-0.00756628 -0.282128 0)
(-0.0112072 -0.290733 0)
(-0.0108632 -0.292966 0)
(-0.0119065 -0.292064 0)
(-0.0137878 -0.289422 0)
(-0.0162607 -0.285418 0)
(-0.0191789 -0.280117 0)
(-0.0224596 -0.273511 0)
(-0.0260527 -0.265573 0)
(-0.0299336 -0.256275 0)
(-0.034097 -0.245597 0)
(-0.0385535 -0.233524 0)
(-0.0433289 -0.220046 0)
(-0.0484656 -0.205167 0)
(-0.0540275 -0.188905 0)
(-0.0601075 -0.171316 0)
(-0.0668336 -0.152512 0)
(-0.0743692 -0.132715 0)
(-0.0828948 -0.112313 0)
(-0.0924733 -0.091909 0)
(-0.102466 -0.0721559 0)
(-0.110847 -0.0525504 0)
(-0.0367185 -0.258095 0)
(-0.00827608 -0.285924 0)
(-0.0102999 -0.292702 0)
(-0.00798086 -0.293225 0)
(-0.0076021 -0.291156 0)
(-0.0083733 -0.287753 0)
(-0.00976608 -0.283232 0)
(-0.0115289 -0.277561 0)
(-0.0135538 -0.270666 0)
(-0.0157875 -0.262482 0)
(-0.0182066 -0.252954 0)
(-0.0208077 -0.242042 0)
(-0.0236017 -0.229715 0)
(-0.0266138 -0.215946 0)
(-0.0298861 -0.200717 0)
(-0.0334858 -0.184014 0)
(-0.0375214 -0.165844 0)
(-0.0421683 -0.146259 0)
(-0.0477138 -0.125416 0)
(-0.0546433 -0.103712 0)
(-0.0636323 -0.0820003 0)
(-0.0746139 -0.061786 0)
(-0.0840205 -0.0441413 0)
(-0.0804633 -0.204612 0)
(-0.00778614 -0.311065 0)
(-0.00758605 -0.301098 0)
(-0.00421574 -0.296097 0)
(-0.00313777 -0.29179 0)
(-0.00312623 -0.287365 0)
(-0.00354872 -0.282321 0)
(-0.00417169 -0.276349 0)
(-0.0049116 -0.269253 0)
(-0.00573255 -0.260909 0)
(-0.0066199 -0.251237 0)
(-0.00757045 -0.240177 0)
(-0.00858846 -0.227687 0)
(-0.00968487 -0.213726 0)
(-0.0108793 -0.198252 0)
(-0.012206 -0.181218 0)
(-0.0137267 -0.162559 0)
(-0.0155587 -0.142193 0)
(-0.0179354 -0.120025 0)
(-0.0213595 -0.0960125 0)
(-0.026897 -0.0704214 0)
(-0.0360321 -0.0447545 0)
(-0.0471471 -0.0252315 0)
(0.334794 0.370287 0)
(0.224719 0.289733 0)
(0.116803 0.203174 0)
(0.0537149 0.0236219 0)
(0.365515 0.260061 0)
(0.370052 0.201693 0)
(0.377747 0.160696 0)
(0.375969 0.119317 0)
(0.456684 0.243436 0)
(0.473666 0.193914 0)
(0.487796 0.141509 0)
(0.500828 0.0908798 0)
(0.588786 0.204992 0)
(0.597402 0.157492 0)
(0.611321 0.105178 0)
(0.624025 0.0500749 0)
(0.719145 0.192421 0)
(0.737552 0.136841 0)
(0.747974 0.0719068 0)
(0.756364 0.00911867 0)
(0.752652 0.144509 0)
(0.777738 0.101143 0)
(0.797158 0.0515991 0)
(0.81305 0.000374843 0)
(0.751688 0.0877275 0)
(0.781441 0.0519223 0)
(0.80538 0.0114812 0)
(0.828115 -0.0356986 0)
(0.744251 0.0191518 0)
(0.777592 -0.0130873 0)
(0.807347 -0.0514648 0)
(0.833875 -0.0946792 0)
(0.735422 -0.057869 0)
(0.768589 -0.0845047 0)
(0.798679 -0.116056 0)
(0.826343 -0.15195 0)
(0.743885 -0.119717 0)
(0.77412 -0.144736 0)
(0.801705 -0.172838 0)
(0.827779 -0.202909 0)
(0.772679 -0.163481 0)
(0.804059 -0.188423 0)
(0.832198 -0.215535 0)
(0.856906 -0.243553 0)
(0.8165 -0.189666 0)
(0.853845 -0.215578 0)
(0.885194 -0.239399 0)
(0.917454 -0.268273 0)
(0.665236 -0.433236 0)
(0.695707 -0.439795 0)
(0.723716 -0.442448 0)
(0.747769 -0.439022 0)
(0.559182 -0.360209 0)
(0.567147 -0.365678 0)
(0.57274 -0.371651 0)
(0.577399 -0.377022 0)
(0.438294 -0.387197 0)
(0.442155 -0.392521 0)
(0.444697 -0.394846 0)
(0.445778 -0.393892 0)
(0.324307 -0.39374 0)
(0.324258 -0.394476 0)
(0.322831 -0.393313 0)
(0.32017 -0.390154 0)
(0.214271 -0.391617 0)
(0.210855 -0.389099 0)
(0.206239 -0.385137 0)
(0.200626 -0.379622 0)
(0.10958 -0.382831 0)
(0.103509 -0.377637 0)
(0.0964332 -0.371242 0)
(0.0884955 -0.363599 0)
(0.0127201 -0.368875 0)
(0.00459047 -0.361386 0)
(-0.00442258 -0.352852 0)
(-0.0142138 -0.343277 0)
(-0.0738905 -0.350819 0)
(-0.0835867 -0.341358 0)
(-0.0940205 -0.33097 0)
(-0.105191 -0.319658 0)
(-0.14844 -0.329815 0)
(-0.15918 -0.318689 0)
(-0.170516 -0.306741 0)
(-0.182527 -0.293995 0)
(-0.210072 -0.306957 0)
(-0.221359 -0.294479 0)
(-0.233096 -0.281287 0)
(-0.245429 -0.267414 0)
(-0.258818 -0.283264 0)
(-0.270222 -0.269746 0)
(-0.28194 -0.255613 0)
(-0.294159 -0.240914 0)
(-0.295403 -0.259569 0)
(-0.306594 -0.245298 0)
(-0.317976 -0.230507 0)
(-0.329765 -0.215249 0)
(-0.320969 -0.236473 0)
(-0.331725 -0.221708 0)
(-0.342565 -0.206503 0)
(-0.353716 -0.190915 0)
(-0.336857 -0.214374 0)
(-0.347037 -0.19933 0)
(-0.357219 -0.183916 0)
(-0.367629 -0.168184 0)
(-0.344406 -0.193498 0)
(-0.353945 -0.178351 0)
(-0.363417 -0.162889 0)
(-0.373041 -0.147161 0)
(-0.344898 -0.173962 0)
(-0.353766 -0.158849 0)
(-0.362519 -0.143464 0)
(-0.371364 -0.127852 0)
(-0.33948 -0.155803 0)
(-0.34768 -0.140829 0)
(-0.355727 -0.125614 0)
(-0.363813 -0.110202 0)
(-0.3292 -0.139017 0)
(-0.336742 -0.124258 0)
(-0.344109 -0.109282 0)
(-0.351477 -0.0941297 0)
(-0.314972 -0.123572 0)
(-0.321883 -0.109081 0)
(-0.328601 -0.0943909 0)
(-0.335286 -0.0795408 0)
(-0.297632 -0.109431 0)
(-0.303932 -0.0952419 0)
(-0.310035 -0.0808664 0)
(-0.316084 -0.0663417 0)
(-0.277907 -0.0965459 0)
(-0.283628 -0.0826779 0)
(-0.289149 -0.0686312 0)
(-0.294598 -0.0544422 0)
(-0.256463 -0.0848593 0)
(-0.261632 -0.0713169 0)
(-0.266611 -0.0575991 0)
(-0.271513 -0.0437431 0)
(-0.233863 -0.074306 0)
(-0.23852 -0.0610805 0)
(-0.242997 -0.0476768 0)
(-0.247397 -0.0341342 0)
(-0.210611 -0.0648117 0)
(-0.214795 -0.0518837 0)
(-0.218824 -0.0387641 0)
(-0.222789 -0.025498 0)
(-0.187089 -0.0562696 0)
(-0.190874 -0.0436074 0)
(-0.194532 -0.0307248 0)
(-0.198146 -0.0176791 0)
(-0.163576 -0.0485091 0)
(-0.167062 -0.0360534 0)
(-0.17048 -0.0233301 0)
(-0.173906 -0.0104288 0)
(-0.140112 -0.0412997 0)
(-0.143502 -0.0289077 0)
(-0.146928 -0.0162018 0)
(-0.150437 -0.00334549 0)
(-0.116378 -0.0342818 0)
(-0.120123 -0.0215826 0)
(-0.124135 -0.00861626 0)
(-0.128306 0.00431025 0)
(-0.0915266 -0.0262757 0)
(-0.096752 -0.0130324 0)
(-0.102674 0.000544992 0)
(-0.108556 0.013881 0)
(-0.0683813 -0.00533809 0)
(-0.0766499 0.00984321 0)
(-0.0845141 0.0224282 0)
(-0.0921606 0.0337194 0)
(0.0181742 0.111208 0)
(0.390645 0.0113353 0)
(0.495851 -0.206504 0)
(0.601369 -0.35164 0)
(0.648198 -0.379554 0)
(0.660553 -0.316279 0)
(0.670991 -0.315405 0)
(0.683269 -0.334729 0)
(0.708339 -0.336932 0)
(0.739638 -0.311058 0)
(0.766638 -0.253736 0)
(0.780347 -0.164369 0)
(0.772978 -0.0451259 0)
(0.739347 0.0978032 0)
(0.67707 0.254815 0)
(0.586804 0.411473 0)
(0.471003 0.549504 0)
(0.325665 0.643221 0)
(0.196957 0.670741 0)
(0.357073 0.0442779 0)
(0.475816 -0.0859125 0)
(0.5863 -0.224953 0)
(0.632073 -0.33273 0)
(0.64521 -0.374117 0)
(0.652853 -0.343768 0)
(0.711907 -0.336098 0)
(0.750912 -0.359667 0)
(0.785434 -0.363949 0)
(0.814027 -0.334533 0)
(0.831421 -0.26704 0)
(0.831427 -0.160779 0)
(0.807169 -0.0190839 0)
(0.755551 0.148496 0)
(0.678698 0.328575 0)
(0.578893 0.505661 0)
(0.458476 0.663895 0)
(0.312504 0.787487 0)
(0.188415 0.860577 0)
(0.531184 0.0173221 0)
(0.592014 -0.0952018 0)
(0.643783 -0.218149 0)
(0.672842 -0.323834 0)
(0.680008 -0.377791 0)
(0.690417 -0.384653 0)
(0.759972 -0.38494 0)
(0.810952 -0.400568 0)
(0.851306 -0.394748 0)
(0.876664 -0.352022 0)
(0.883473 -0.266653 0)
(0.865696 -0.137451 0)
(0.816014 0.0303786 0)
(0.737851 0.219365 0)
(0.644442 0.416837 0)
(0.539219 0.608534 0)
(0.421512 0.782913 0)
(0.283428 0.933711 0)
(0.171353 1.05329 0)
(0.656817 -0.050891 0)
(0.697726 -0.163975 0)
(0.727938 -0.274749 0)
(0.739487 -0.369512 0)
(0.732963 -0.413855 0)
(0.774169 -0.416806 0)
(0.828339 -0.43566 0)
(0.877706 -0.442438 0)
(0.913574 -0.421534 0)
(0.930907 -0.358738 0)
(0.921572 -0.251084 0)
(0.87565 -0.102472 0)
(0.781785 0.0840735 0)
(0.653966 0.289557 0)
(0.545167 0.502884 0)
(0.450009 0.705604 0)
(0.350365 0.891019 0)
(0.234059 1.06329 0)
(0.145989 1.22508 0)
(0.771831 -0.0862613 0)
(0.790612 -0.202703 0)
(0.808848 -0.310593 0)
(0.82051 -0.387235 0)
(0.839587 -0.432906 0)
(0.869287 -0.460389 0)
(0.906571 -0.477222 0)
(0.942796 -0.475301 0)
(0.969353 -0.439874 0)
(0.973773 -0.361231 0)
(0.943895 -0.241585 0)
(0.856079 -0.0633068 0)
(0.700918 0.168203 0)
(0.478437 0.37819 0)
(0.373943 0.578112 0)
(0.314152 0.779014 0)
(0.249888 0.972104 0)
(0.166868 1.16202 0)
(0.113402 1.36061 0)
(0.834445 -0.0939229 0)
(0.858429 -0.211829 0)
(0.882015 -0.313382 0)
(0.898017 -0.389451 0)
(0.91641 -0.446765 0)
(0.939927 -0.485948 0)
(0.967402 -0.505451 0)
(0.99258 -0.497681 0)
(1.00494 -0.456501 0)
(0.995413 -0.368707 0)
(0.952357 -0.229282 0)
(0.681851 -0.019022 0)
(0.501943 0.331413 0)
(0.296485 0.477093 0)
(0.182628 0.63727 0)
(0.179665 0.821073 0)
(0.149356 1.01785 0)
(0.0966494 1.22222 0)
(0.0782822 1.45258 0)
(0.867094 -0.12888 0)
(0.899178 -0.233959 0)
(0.924726 -0.327718 0)
(0.945265 -0.405565 0)
(0.964999 -0.465983 0)
(0.985862 -0.506708 0)
(1.00594 -0.523967 0)
(1.01626 -0.512409 0)
(1.00973 -0.462628 0)
(0.940481 -0.368009 0)
(0.779464 0.0705894 0)
(0.676667 0.550562 0)
(0.501878 0.822563 0)
(0.376781 0.903125 0)
(0.0738666 0.783924 0)
(0.0785313 0.84448 0)
(0.0769563 1.04192 0)
(0.0400781 1.24943 0)
(0.0460555 1.50262 0)
(0.874551 -0.172056 0)
(0.913067 -0.265108 0)
(0.944599 -0.352419 0)
(0.970069 -0.427277 0)
(0.992513 -0.483671 0)
(1.01086 -0.519244 0)
(1.02275 -0.532494 0)
(1.01704 -0.510796 0)
(0.95088 -0.454334 0)
(0.857841 -0.0604149 0)
(0.699093 0.219153 0)
(0.586355 0.471576 0)
(0.483621 0.730555 0)
(0.410586 0.883916 0)
(0.32015 0.85038 0)
(-0.0129071 0.886316 0)
(0.0292542 1.05728 0)
(0.00441449 1.25503 0)
(0.0190659 1.51974 0)
(0.869998 -0.218387 0)
(0.916043 -0.300985 0)
(0.954545 -0.378502 0)
(0.984186 -0.443472 0)
(1.00773 -0.491547 0)
(1.0224 -0.524521 0)
(1.02723 -0.538917 0)
(0.931903 -0.491087 0)
(0.834555 -0.238886 0)
(0.707565 -0.0179709 0)
(0.602522 0.238406 0)
(0.522947 0.518262 0)
(0.452518 0.77275 0)
(0.377782 0.955825 0)
(0.312944 1.01439 0)
(-0.03001 1.07726 0)
(0.00384541 1.07704 0)
(-0.00970947 1.25661 0)
(-0.000598851 1.51571 0)
(0.871644 -0.255942 0)
(0.923599 -0.324783 0)
(0.968228 -0.393796 0)
(1.00089 -0.456632 0)
(1.02907 -0.49874 0)
(1.01546 -0.551103 0)
(0.918069 -0.439172 0)
(0.815756 -0.313793 0)
(0.705469 -0.167295 0)
(0.608523 0.0516985 0)
(0.534125 0.308788 0)
(0.477069 0.580755 0)
(0.422537 0.837734 0)
(0.357029 1.05065 0)
(0.288504 1.17298 0)
(0.00206381 1.1512 0)
(-0.00814636 1.08016 0)
(-0.0167035 1.26542 0)
(-0.0111543 1.50006 0)
(0.896023 -0.291615 0)
(0.957072 -0.346593 0)
(1.02261 -0.408998 0)
(1.04204 -0.493021 0)
(0.938928 -0.519144 0)
(0.875428 -0.456151 0)
(0.792794 -0.365029 0)
(0.705542 -0.255998 0)
(0.614957 -0.0940436 0)
(0.537539 0.11803 0)
(0.480014 0.363987 0)
(0.436315 0.626968 0)
(0.398513 0.884637 0)
(0.346077 1.11732 0)
(0.325464 1.28937 0)
(0.264667 1.27372 0)
(-0.0222697 1.11776 0)
(-0.0228002 1.2796 0)
(-0.0101677 1.47908 0)
(0.952218 -0.342327 0)
(0.929878 -0.46637 0)
(0.891056 -0.521545 0)
(0.859568 -0.455659 0)
(0.803491 -0.426009 0)
(0.742383 -0.380129 0)
(0.670025 -0.29797 0)
(0.59768 -0.184892 0)
(0.527385 -0.0278127 0)
(0.467447 0.172669 0)
(0.422424 0.405698 0)
(0.389231 0.659721 0)
(0.360165 0.917048 0)
(0.32008 1.15557 0)
(0.267436 1.35191 0)
(0.243976 1.38846 0)
(-0.0299233 1.29289 0)
(-0.0174082 1.2948 0)
(0.00187604 1.46236 0)
(0.774451 -0.421576 0)
(0.778958 -0.424799 0)
(0.745639 -0.404568 0)
(0.705194 -0.397223 0)
(0.660376 -0.369898 0)
(0.604719 -0.321617 0)
(0.544735 -0.240159 0)
(0.486531 -0.12674 0)
(0.432352 0.0247485 0)
(0.387981 0.213694 0)
(0.355955 0.436071 0)
(0.333632 0.684084 0)
(0.314392 0.943858 0)
(0.283262 1.19644 0)
(0.218588 1.40968 0)
(0.141656 1.51003 0)
(-0.0182713 1.33729 0)
(-0.00701489 1.30778 0)
(0.0246855 1.45915 0)
(0.590043 -0.382412 0)
(0.595092 -0.375254 0)
(0.578993 -0.379342 0)
(0.551154 -0.361561 0)
(0.510439 -0.328652 0)
(0.463763 -0.274513 0)
(0.415077 -0.192753 0)
(0.368906 -0.0816663 0)
(0.327955 0.0627956 0)
(0.297644 0.241734 0)
(0.279052 0.454593 0)
(0.270648 0.697029 0)
(0.267782 0.959362 0)
(0.257838 1.22564 0)
(0.235171 1.47322 0)
(0.179004 1.60668 0)
(-0.000820715 1.37391 0)
(-0.000840703 1.2968 0)
(0.0539162 1.47818 0)
(0.444976 -0.388003 0)
(0.439754 -0.376043 0)
(0.424147 -0.35838 0)
(0.396919 -0.33363 0)
(0.36178 -0.29383 0)
(0.322225 -0.235571 0)
(0.282029 -0.15445 0)
(0.245278 -0.047397 0)
(0.215085 0.0892469 0)
(0.196533 0.257897 0)
(0.190621 0.460341 0)
(0.196776 0.694826 0)
(0.212695 0.953789 0)
(0.236415 1.22224 0)
(0.246144 1.48021 0)
(0.32292 1.65842 0)
(0.279123 1.54546 0)
(0.0298559 1.21641 0)
(0.0796321 1.51455 0)
(0.312845 -0.382231 0)
(0.29877 -0.363057 0)
(0.278418 -0.339384 0)
(0.250952 -0.306946 0)
(0.218053 -0.262286 0)
(0.182631 -0.202204 0)
(0.148036 -0.122988 0)
(0.118 -0.0211668 0)
(0.0958382 0.106694 0)
(0.086313 0.264139 0)
(0.0905469 0.454771 0)
(0.108561 0.678542 0)
(0.138741 0.929014 0)
(0.179834 1.18967 0)
(0.223934 1.43183 0)
(0.265516 1.62848 0)
(0.370662 1.60282 0)
(0.00248511 1.49178 0)
(0.116634 1.54598 0)
(0.188549 -0.36841 0)
(0.168312 -0.34542 0)
(0.143408 -0.316363 0)
(0.113954 -0.279462 0)
(0.0812544 -0.232249 0)
(0.047699 -0.172117 0)
(0.0163401 -0.0958344 0)
(-0.00940933 -4.68826e-05 0)
(-0.0256909 0.118021 0)
(-0.0289238 0.263162 0)
(-0.0178373 0.440494 0)
(0.00776529 0.652101 0)
(0.0459133 0.893403 0)
(0.0933406 1.14724 0)
(0.141952 1.38384 0)
(0.168759 1.57221 0)
(0.197994 1.67966 0)
(-0.0158531 1.5808 0)
(0.160938 1.58434 0)
(0.0727937 -0.34911 0)
(0.0477884 -0.322632 0)
(0.019023 -0.290142 0)
(-0.0127549 -0.25043 0)
(-0.0460665 -0.202139 0)
(-0.0788852 -0.143175 0)
(-0.108387 -0.0710646 0)
(-0.131777 0.017151 0)
(-0.144263 0.124774 0)
(-0.143961 0.257537 0)
(-0.129018 0.421748 0)
(-0.0992869 0.620941 0)
(-0.056891 0.852337 0)
(-0.00733271 1.10259 0)
(0.0415494 1.34626 0)
(0.0731962 1.5519 0)
(0.055873 1.7078 0)
(-0.0299176 1.64329 0)
(0.193113 1.61714 0)
(-0.0327016 -0.325846 0)
(-0.061242 -0.296296 0)
(-0.0927118 -0.261356 0)
(-0.126022 -0.220319 0)
(-0.159923 -0.172126 0)
(-0.192503 -0.115299 0)
(-0.221255 -0.0479254 0)
(-0.243603 0.0324454 0)
(-0.255111 0.129454 0)
(-0.253981 0.249657 0)
(-0.237925 0.400472 0)
(-0.206198 0.587307 0)
(-0.160952 0.809771 0)
(-0.107925 1.05717 0)
(-0.0541902 1.31011 0)
(-0.00725694 1.53241 0)
(-0.0194476 1.696 0)
(-0.0477423 1.6554 0)
(0.224412 1.6363 0)
(-0.125487 -0.299891 0)
(-0.156148 -0.267921 0)
(-0.189075 -0.231265 0)
(-0.223169 -0.189474 0)
(-0.257293 -0.141908 0)
(-0.28975 -0.0875784 0)
(-0.31845 -0.0250488 0)
(-0.340897 0.0476632 0)
(-0.35351 0.134377 0)
(-0.354109 0.242054 0)
(-0.339731 0.378869 0)
(-0.308587 0.552238 0)
(-0.261601 0.764016 0)
(-0.20191 1.00724 0)
(-0.141954 1.26152 0)
(-0.0731779 1.50026 0)
(-0.0127762 1.65134 0)
(-0.120366 1.66946 0)
(0.261425 1.64525 0)
(-0.203722 -0.27242 0)
(-0.235254 -0.238537 0)
(-0.26847 -0.200637 0)
(-0.302416 -0.158498 0)
(-0.336134 -0.111777 0)
(-0.368229 -0.0598708 0)
(-0.397171 -0.0017712 0)
(-0.420202 0.0639936 0)
(-0.435265 0.1414 0)
(-0.439644 0.237065 0)
(-0.429704 0.359566 0)
(-0.402352 0.517763 0)
(-0.355686 0.716421 0)
(-0.293578 0.949627 0)
(-0.218919 1.20305 0)
(-0.147376 1.43683 0)
(0.00575849 1.59504 0)
(-0.206261 1.66867 0)
(0.3001 1.65277 0)
(-0.26672 -0.244509 0)
(-0.298016 -0.209201 0)
(-0.330481 -0.170436 0)
(-0.363351 -0.128181 0)
(-0.395886 -0.0823063 0)
(-0.427036 -0.0324945 0)
(-0.455589 0.0218567 0)
(-0.479523 0.0820319 0)
(-0.497503 0.151707 0)
(-0.506739 0.236641 0)
(-0.503358 0.345087 0)
(-0.482801 0.486773 0)
(-0.44202 0.668341 0)
(-0.375455 0.888048 0)
(-0.299582 1.1302 0)
(-0.219374 1.36246 0)
(-0.039515 1.52095 0)
(-0.249439 1.64852 0)
(0.342672 1.65912 0)
(-0.314908 -0.217084 0)
(-0.345085 -0.180796 0)
(-0.375977 -0.14149 0)
(-0.407011 -0.0992697 0)
(-0.437674 -0.0541442 0)
(-0.467264 -0.00595933 0)
(-0.494673 0.0455193 0)
(-0.519104 0.101705 0)
(-0.539415 0.165543 0)
(-0.553307 0.241762 0)
(-0.557069 0.33759 0)
(-0.546167 0.462544 0)
(-0.513643 0.624725 0)
(-0.456056 0.8241 0)
(-0.37353 1.04577 0)
(-0.309215 1.27066 0)
(-0.123055 1.42651 0)
(-0.307945 1.57674 0)
(0.38276 1.64486 0)
(-0.349523 -0.190834 0)
(-0.377976 -0.153958 0)
(-0.406753 -0.114396 0)
(-0.435442 -0.0723404 0)
(-0.463725 -0.0278816 0)
(-0.491074 0.0190279 0)
(-0.516877 0.0686007 0)
(-0.540861 0.122189 0)
(-0.562184 0.182047 0)
(-0.579168 0.251895 0)
(-0.588859 0.337768 0)
(-0.586746 0.448063 0)
(-0.567797 0.591992 0)
(-0.522749 0.770144 0)
(-0.456256 0.970968 0)
(-0.40797 1.16417 0)
(-0.302456 1.32472 0)
(-0.426146 1.38114 0)
(0.914793 1.64593 0)
(-0.372229 -0.166192 0)
(-0.39862 -0.129063 0)
(-0.425013 -0.0894934 0)
(-0.451119 -0.0477209 0)
(-0.476741 -0.00385028 0)
(-0.501468 0.0420217 0)
(-0.525177 0.0903812 0)
(-0.54767 0.142304 0)
(-0.568388 0.199536 0)
(-0.586125 0.265011 0)
(-0.598611 0.343543 0)
(-0.601997 0.442385 0)
(-0.59094 0.570251 0)
(-0.559759 0.733594 0)
(-0.504802 0.921365 0)
(-0.458358 1.11294 0)
(-0.476151 1.27323 0)
(-0.544577 1.04082 0)
(-0.14739 1.64456 0)
(-0.384774 -0.14337 0)
(-0.408979 -0.106265 0)
(-0.432926 -0.066906 0)
(-0.456406 -0.0255548 0)
(-0.479247 0.0176741 0)
(-0.501281 0.0627447 0)
(-0.522468 0.110203 0)
(-0.542637 0.160904 0)
(-0.561352 0.216232 0)
(-0.577674 0.278476 0)
(-0.589712 0.35134 0)
(-0.594082 0.44055 0)
(-0.585244 0.553767 0)
(-0.555877 0.698315 0)
(-0.499791 0.874712 0)
(-0.421957 1.06609 0)
(-0.345557 1.26086 0)
(-0.377196 1.37281 0)
(-0.14602 0.7324 0)
(-0.388807 -0.122427 0)
(-0.410839 -0.0855683 0)
(-0.43241 -0.0466024 0)
(-0.453331 -0.00578645 0)
(-0.473491 0.0367086 0)
(-0.492828 0.081028 0)
(-0.511258 0.127617 0)
(-0.528591 0.177168 0)
(-0.544418 0.23079 0)
(-0.5579 0.290225 0)
(-0.567414 0.358187 0)
(-0.569981 0.438721 0)
(-0.560545 0.537367 0)
(-0.531469 0.659858 0)
(-0.47376 0.80822 0)
(-0.381402 0.974383 0)
(-0.250422 1.13996 0)
(-0.0680118 1.25614 0)
(0.0718336 1.11915 0)
(-0.385779 -0.103326 0)
(-0.405736 -0.0668893 0)
(-0.425072 -0.0284781 0)
(-0.44357 0.0116611 0)
(-0.461237 0.053361 0)
(-0.477953 0.0968324 0)
(-0.493587 0.142417 0)
(-0.507901 0.190675 0)
(-0.520461 0.242473 0)
(-0.530473 0.299112 0)
(-0.536511 0.362469 0)
(-0.536131 0.435183 0)
(-0.525263 0.520637 0)
(-0.497743 0.622277 0)
(-0.445958 0.741076 0)
(-0.363895 0.871024 0)
(-0.245861 0.993886 0)
(-0.0859237 1.05573 0)
(0.0288958 0.877747 0)
(-0.376951 -0.0859794 0)
(-0.39496 -0.0500974 0)
(-0.412223 -0.0123684 0)
(-0.428519 0.0269525 0)
(-0.443876 0.0677698 0)
(-0.458124 0.110234 0)
(-0.471077 0.154609 0)
(-0.48244 0.201333 0)
(-0.491749 0.251067 0)
(-0.498237 0.304745 0)
(-0.500659 0.363624 0)
(-0.497036 0.429296 0)
(-0.484327 0.50365 0)
(-0.4581 0.588386 0)
(-0.412754 0.683808 0)
(-0.342796 0.78637 0)
(-0.243825 0.885223 0)
(-0.111967 0.947016 0)
(-0.00913832 0.874483 0)
(-0.363406 -0.0702797 0)
(-0.379613 -0.0350516 0)
(-0.394941 0.0019132 0)
(-0.40928 0.0403076 0)
(-0.42254 0.0801126 0)
(-0.434532 0.121397 0)
(-0.445021 0.164347 0)
(-0.453674 0.20929 0)
(-0.459998 0.256704 0)
(-0.463261 0.307238 0)
(-0.462375 0.361691 0)
(-0.455754 0.420979 0)
(-0.441123 0.486023 0)
(-0.415352 0.557502 0)
(-0.374515 0.635203 0)
(-0.314452 0.716787 0)
(-0.231264 0.795163 0)
(-0.123946 0.84998 0)
(-0.0323741 0.822373 0)
(-0.346096 -0.0561092 0)
(-0.360646 -0.0216088 0)
(-0.37424 0.0144964 0)
(-0.386805 0.0519137 0)
(-0.398185 0.0905911 0)
(-0.408165 0.130543 0)
(-0.416474 0.171883 0)
(-0.42275 0.214835 0)
(-0.426495 0.259727 0)
(-0.427019 0.306981 0)
(-0.423374 0.357075 0)
(-0.414271 0.410484 0)
(-0.397995 0.467571 0)
(-0.372326 0.528398 0)
(-0.334579 0.592368 0)
(-0.281838 0.657482 0)
(-0.211844 0.718578 0)
(-0.12353 0.76184 0)
(-0.0418532 0.749437 0)
(-0.325842 -0.0433499 0)
(-0.338874 -0.00961289 0)
(-0.350931 0.0255811 0)
(-0.361914 0.0619622 0)
(-0.371641 0.0994212 0)
(-0.379872 0.137923 0)
(-0.386313 0.177516 0)
(-0.390589 0.218332 0)
(-0.392215 0.260575 0)
(-0.390554 0.304494 0)
(-0.384782 0.350344 0)
(-0.373852 0.398318 0)
(-0.356446 0.448452 0)
(-0.330964 0.500482 0)
(-0.295585 0.553594 0)
(-0.248519 0.605953 0)
(-0.188371 0.653533 0)
(-0.11434 0.686906 0)
(-0.0425533 0.677351 0)
(-0.303392 -0.0318934 0)
(-0.315013 0.00108548 0)
(-0.32574 0.0353452 0)
(-0.335343 0.0706477 0)
(-0.343648 0.106827 0)
(-0.350397 0.143803 0)
(-0.355287 0.181564 0)
(-0.357947 0.220166 0)
(-0.357917 0.259712 0)
(-0.354623 0.300325 0)
(-0.347355 0.342103 0)
(-0.335258 0.385064 0)
(-0.317315 0.429061 0)
(-0.292365 0.473672 0)
(-0.259183 0.518013 0)
(-0.216651 0.560434 0)
(-0.164163 0.597803 0)
(-0.101038 0.622962 0)
(-0.0385321 0.612434 0)
(-0.279418 -0.0216248 0)
(-0.289808 0.0106036 0)
(-0.29935 0.0439554 0)
(-0.30777 0.078164 0)
(-0.31488 0.113033 0)
(-0.320409 0.148444 0)
(-0.324055 0.184339 0)
(-0.325464 0.220711 0)
(-0.324213 0.257587 0)
(-0.319793 0.294994 0)
(-0.311604 0.33293 0)
(-0.298951 0.371301 0)
(-0.28105 0.409867 0)
(-0.257054 0.448148 0)
(-0.226139 0.485291 0)
(-0.187668 0.519857 0)
(-0.14144 0.549303 0)
(-0.087092 0.568111 0)
(-0.0332903 0.555876 0)
(-0.254514 -0.0124091 0)
(-0.26385 0.0191063 0)
(-0.272387 0.0515788 0)
(-0.279828 0.0847015 0)
(-0.285964 0.118257 0)
(-0.290522 0.152098 0)
(-0.293209 0.186134 0)
(-0.293696 0.220312 0)
(-0.291607 0.2546 0)
(-0.286504 0.288964 0)
(-0.277887 0.323328 0)
(-0.265199 0.357542 0)
(-0.247838 0.391323 0)
(-0.225193 0.42419 0)
(-0.196722 0.455372 0)
(-0.162072 0.48365 0)
(-0.121328 0.506995 0)
(-0.0744062 0.520904 0)
(-0.0282561 0.507569 0)
(-0.229214 -0.00410056 0)
(-0.237713 0.0267658 0)
(-0.245451 0.0583975 0)
(-0.252126 0.0904539 0)
(-0.257507 0.122706 0)
(-0.261323 0.154996 0)
(-0.263301 0.187211 0)
(-0.263148 0.219267 0)
(-0.260542 0.251097 0)
(-0.255117 0.282618 0)
(-0.246468 0.313717 0)
(-0.234156 0.344208 0)
(-0.217728 0.3738 0)
(-0.196747 0.402048 0)
(-0.170858 0.428281 0)
(-0.139892 0.451499 0)
(-0.104094 0.470061 0)
(-0.0635404 0.480343 0)
(-0.0240349 0.466446 0)
(-0.204044 0.00348646 0)
(-0.211976 0.0337881 0)
(-0.219161 0.064614 0)
(-0.225293 0.095617 0)
(-0.230125 0.126576 0)
(-0.2334 0.157339 0)
(-0.234876 0.187787 0)
(-0.234308 0.217821 0)
(-0.231431 0.247347 0)
(-0.225955 0.276257 0)
(-0.217565 0.304411 0)
(-0.205925 0.331609 0)
(-0.190701 0.35757 0)
(-0.171583 0.381892 0)
(-0.148342 0.404012 0)
(-0.120915 0.423118 0)
(-0.0895746 0.437918 0)
(-0.0545436 0.445396 0)
(-0.0205977 0.431322 0)
(-0.179554 0.0106057 0)
(-0.187264 0.0404177 0)
(-0.194194 0.0704451 0)
(-0.200019 0.100381 0)
(-0.204494 0.13004 0)
(-0.207393 0.159294 0)
(-0.208523 0.188033 0)
(-0.207695 0.216155 0)
(-0.204711 0.24355 0)
(-0.19936 0.270094 0)
(-0.191408 0.29563 0)
(-0.180615 0.319954 0)
(-0.16674 0.342798 0)
(-0.149569 0.363805 0)
(-0.12895 0.382501 0)
(-0.104849 0.398236 0)
(-0.0775437 0.409972 0)
(-0.0472133 0.415225 0)
(-0.0178751 0.401067 0)
(-0.156316 0.0176256 0)
(-0.164311 0.0469336 0)
(-0.171344 0.076104 0)
(-0.177109 0.104908 0)
(-0.181396 0.133228 0)
(-0.184044 0.160978 0)
(-0.184925 0.188066 0)
(-0.183922 0.214392 0)
(-0.180912 0.23984 0)
(-0.17576 0.264271 0)
(-0.168315 0.28752 0)
(-0.158419 0.309378 0)
(-0.145914 0.329586 0)
(-0.130657 0.347821 0)
(-0.112542 0.363671 0)
(-0.0915362 0.376594 0)
(-0.0677927 0.385752 0)
(-0.0414633 0.389036 0)
(-0.0157997 0.374702 0)
(-0.135191 0.0252036 0)
(-0.144075 0.0538356 0)
(-0.151596 0.0819314 0)
(-0.157538 0.109419 0)
(-0.161778 0.13628 0)
(-0.164255 0.162476 0)
(-0.164932 0.187938 0)
(-0.163776 0.212563 0)
(-0.160741 0.236229 0)
(-0.155769 0.258786 0)
(-0.148789 0.280059 0)
(-0.139721 0.299836 0)
(-0.128482 0.31786 0)
(-0.114994 0.333821 0)
(-0.099187 0.347336 0)
(-0.0809945 0.357915 0)
(-0.0604588 0.364807 0)
(-0.0374657 0.366173 0)
(-0.0144926 0.35128 0)
(-0.117454 0.0351141 0)
(-0.127865 0.0625639 0)
(-0.136259 0.0888981 0)
(-0.142576 0.114503 0)
(-0.146866 0.13949 0)
(-0.149214 0.163848 0)
(-0.149695 0.187502 0)
(-0.14836 0.210336 0)
(-0.145241 0.23221 0)
(-0.140348 0.252963 0)
(-0.133681 0.272407 0)
(-0.125233 0.290326 0)
(-0.114996 0.306466 0)
(-0.102964 0.320522 0)
(-0.0891264 0.332118 0)
(-0.0734441 0.340755 0)
(-0.0558231 0.345654 0)
(-0.0359036 0.345043 0)
(-0.0146467 0.329289 0)
(-0.104057 0.0513875 0)
(-0.117629 0.0747907 0)
(-0.127367 0.0979035 0)
(-0.134135 0.120757 0)
(-0.138486 0.143296 0)
(-0.140713 0.165409 0)
(-0.140996 0.186951 0)
(-0.139451 0.207759 0)
(-0.136161 0.22766 0)
(-0.131182 0.246469 0)
(-0.124559 0.263986 0)
(-0.116333 0.27999 0)
(-0.106553 0.294222 0)
(-0.0952747 0.306371 0)
(-0.0825597 0.316026 0)
(-0.0684326 0.322571 0)
(-0.0528284 0.324858 0)
(-0.0352392 0.320053 0)
(-0.0156508 0.296825 0)
)
;

boundaryField
{
    leftWall
    {
        type            noSlip;
    }
    rightWall
    {
        type            noSlip;
    }
    lowerWall
    {
        type            noSlip;
    }
    atmosphere
    {
        type            pressureInletOutletVelocity;
        value           nonuniform List<vector> 
46
(
(0 -0.204612 0)
(0 -0.311065 0)
(0 -0.301098 0)
(0 -0.296097 0)
(0 -0.29179 0)
(0 -0.287365 0)
(0 -0.282321 0)
(0 -0.276349 0)
(0 -0.269253 0)
(0 -0.260909 0)
(0 -0.251237 0)
(0 -0.240177 0)
(0 -0.227687 0)
(0 -0.213726 0)
(0 -0.198252 0)
(0 -0.181218 0)
(0 -0.162559 0)
(0 -0.142193 0)
(0 -0.120025 0)
(0 -0.0960125 0)
(0 -0.0704214 0)
(0 -0.0447545 0)
(0 -0.0252315 0)
(0 -0.00533809 0)
(-0.0766499 0.00984321 0)
(-0.0845141 0.0224282 0)
(-0.0921606 0.0337194 0)
(-0.104057 0.0513875 0)
(-0.117629 0.0747907 0)
(-0.127367 0.0979035 0)
(-0.134135 0.120757 0)
(-0.138486 0.143296 0)
(-0.140713 0.165409 0)
(-0.140996 0.186951 0)
(-0.139451 0.207759 0)
(-0.136161 0.22766 0)
(-0.131182 0.246469 0)
(-0.124559 0.263986 0)
(-0.116333 0.27999 0)
(-0.106553 0.294222 0)
(-0.0952747 0.306371 0)
(-0.0825597 0.316026 0)
(-0.0684326 0.322571 0)
(-0.0528284 0.324858 0)
(-0.0352392 0.320053 0)
(-0.0156508 0.296825 0)
)
;
    }
    defaultFaces
    {
        type            empty;
    }
}


// ************************************************************************* //
