/*--------------------------------*- C++ -*----------------------------------*\
  =========                 |
  \\      /  F ield         | OpenFOAM: The Open Source CFD Toolbox
   \\    /   O peration     | Website:  https://openfoam.org
    \\  /    A nd           | Version:  13
     \\/     M anipulation  |
\*---------------------------------------------------------------------------*/
FoamFile
{
    format      ascii;
    class       surfaceScalarField;
    location    "1.9";
    object      phi;
}
// * * * * * * * * * * * * * * * * * * * * * * * * * * * * * * * * * * * * * //

dimensions      [0 3 -1 0 0 0 0];

internalField   nonuniform List<scalar> 
4432
(
-1.51427e-06
1.51425e-06
-3.83859e-06
2.3243e-06
-6.30536e-06
2.46675e-06
-8.47245e-06
2.16708e-06
-1.02344e-05
1.76192e-06
-1.15607e-05
1.32629e-06
-1.24652e-05
9.04481e-07
-1.2983e-05
5.17766e-07
-1.31515e-05
1.68579e-07
-1.30026e-05
-1.48966e-07
-1.25727e-05
-4.29903e-07
-1.19111e-05
-6.6161e-07
-1.10719e-05
-8.39115e-07
-1.00939e-05
-9.77999e-07
-8.98332e-06
-1.11059e-06
-7.72931e-06
-1.25401e-06
-6.33511e-06
-1.39419e-06
-4.82333e-06
-1.51176e-06
-3.23059e-06
-1.59274e-06
-1.64627e-06
-1.58431e-06
-2.83177e-07
-1.36308e-06
3.81707e-07
-6.64883e-07
3.81714e-07
-2.01526e-06
3.52945e-06
-4.43677e-06
4.74576e-06
-6.77469e-06
4.80462e-06
-8.79029e-06
4.18262e-06
-1.03891e-05
3.3607e-06
-1.15507e-05
2.48789e-06
-1.22942e-05
1.64793e-06
-1.26565e-05
8.80074e-07
-1.26766e-05
1.88674e-07
-1.23932e-05
-4.32425e-07
-1.18561e-05
-9.6695e-07
-1.11206e-05
-1.39712e-06
-1.02408e-05
-1.71891e-06
-9.25474e-06
-1.96403e-06
-8.17809e-06
-2.18723e-06
-7.0172e-06
-2.4149e-06
-5.78599e-06
-2.62539e-06
-4.50865e-06
-2.7891e-06
-3.22178e-06
-2.87961e-06
-1.99297e-06
-2.81312e-06
-9.42831e-07
-2.41323e-06
-2.10449e-07
-1.39727e-06
1.71238e-07
-2.46565e-06
5.9951e-06
-4.87342e-06
7.15352e-06
-7.04242e-06
6.97361e-06
-8.87439e-06
6.01459e-06
-1.0301e-05
4.7873e-06
-1.13096e-05
3.4965e-06
-1.19216e-05
2.25992e-06
-1.21731e-05
1.13156e-06
-1.21019e-05
1.17488e-07
-1.17496e-05
-7.84686e-07
-1.11708e-05
-1.54582e-06
-1.04202e-05
-2.14768e-06
-9.54857e-06
-2.59054e-06
-8.59261e-06
-2.91999e-06
-7.57246e-06
-3.20738e-06
-6.50202e-06
-3.48534e-06
-5.40062e-06
-3.72679e-06
-4.29342e-06
-3.8963e-06
-3.2111e-06
-3.96193e-06
-2.20058e-06
-3.82365e-06
-1.32667e-06
-3.28713e-06
-6.03948e-07
-2.12e-06
-4.32707e-07
-2.77826e-06
8.77334e-06
-5.16338e-06
9.53865e-06
-7.17148e-06
8.98171e-06
-8.82585e-06
7.66897e-06
-1.00925e-05
6.05391e-06
-1.0967e-05
4.37106e-06
-1.1472e-05
2.76493e-06
-1.16414e-05
1.30094e-06
-1.15108e-05
-1.31496e-08
-1.11223e-05
-1.17323e-06
-1.05331e-05
-2.13495e-06
-9.79379e-06
-2.88703e-06
-8.95016e-06
-3.43417e-06
-8.03717e-06
-3.83299e-06
-7.07713e-06
-4.16744e-06
-6.08813e-06
-4.47435e-06
-5.09287e-06
-4.72207e-06
-4.1166e-06
-4.87258e-06
-3.18326e-06
-4.89529e-06
-2.32106e-06
-4.68586e-06
-1.55513e-06
-4.05308e-06
-8.25673e-07
-2.84947e-06
-1.2584e-06
-2.95365e-06
1.1727e-05
-5.29221e-06
1.18772e-05
-7.14852e-06
1.0838e-05
-8.64077e-06
9.16123e-06
-9.76726e-06
7.18041e-06
-1.05311e-05
5.13492e-06
-1.09545e-05
3.18836e-06
-1.10683e-05
1.4147e-06
-1.09062e-05
-1.753e-07
-1.05098e-05
-1.56959e-06
-9.93478e-06
-2.70997e-06
-9.22526e-06
-3.59655e-06
-8.42155e-06
-4.23789e-06
-7.55693e-06
-4.69761e-06
-6.6553e-06
-5.06907e-06
-5.73743e-06
-5.39222e-06
-4.82829e-06
-5.63121e-06
-3.95335e-06
-5.74752e-06
-3.13138e-06
-5.71726e-06
-2.37621e-06
-5.44102e-06
-1.68408e-06
-4.74519e-06
-9.7496e-07
-3.55858e-06
-2.23334e-06
-2.99509e-06
1.47221e-05
-5.22702e-06
1.41092e-05
-6.934e-06
1.2545e-05
-8.28204e-06
1.05093e-05
-9.29537e-06
8.19374e-06
-9.97935e-06
5.8189e-06
-1.03531e-05
3.56208e-06
-1.04424e-05
1.504e-06
-1.02788e-05
-3.38835e-07
-9.90325e-06
-1.94517e-06
-9.36986e-06
-3.24335e-06
-8.71115e-06
-4.25526e-06
-7.95887e-06
-4.99018e-06
-7.14599e-06
-5.5105e-06
-6.29846e-06
-5.9166e-06
-5.44056e-06
-6.25012e-06
-4.59928e-06
-6.4725e-06
-3.80079e-06
-6.54601e-06
-3.06537e-06
-6.45268e-06
-2.40028e-06
-6.1061e-06
-1.77677e-06
-5.3687e-06
-1.14542e-06
-4.18992e-06
-3.37878e-06
-2.98668e-06
1.77088e-05
-4.9532e-06
1.60757e-05
-6.47766e-06
1.40695e-05
-7.68553e-06
1.17172e-05
-8.60202e-06
9.11025e-06
-9.22935e-06
6.44625e-06
-9.57885e-06
3.91158e-06
-9.67043e-06
1.59559e-06
-9.53576e-06
-4.7351e-07
-9.22666e-06
-2.25427e-06
-8.756e-06
-3.71403e-06
-8.14893e-06
-4.86235e-06
-7.44024e-06
-5.69888e-06
-6.66156e-06
-6.28919e-06
-5.84563e-06
-6.73255e-06
-5.02332e-06
-7.07245e-06
-4.2241e-06
-7.27173e-06
-3.47673e-06
-7.29339e-06
-2.80962e-06
-7.1198e-06
-2.23312e-06
-6.68261e-06
-1.69532e-06
-5.9065e-06
-1.12404e-06
-4.7612e-06
-4.50278e-06
-2.78915e-06
2.0498e-05
-4.24863e-06
1.75352e-05
-5.51177e-06
1.53327e-05
-6.53135e-06
1.27368e-05
-7.32127e-06
9.9002e-06
-7.88373e-06
7.00872e-06
-8.21591e-06
4.24377e-06
-8.32816e-06
1.70783e-06
-8.23834e-06
-5.63332e-07
-8.00038e-06
-2.49225e-06
-7.57766e-06
-4.13676e-06
-7.00439e-06
-5.43564e-06
-6.3091e-06
-6.39418e-06
-5.52837e-06
-7.06993e-06
-4.70657e-06
-7.55437e-06
-3.88335e-06
-7.89568e-06
-3.09093e-06
-8.06415e-06
-2.37133e-06
-8.01298e-06
-1.77466e-06
-7.71647e-06
-1.33142e-06
-7.12584e-06
-1.02496e-06
-6.21296e-06
-7.05629e-07
-5.08051e-06
-5.20844e-06
4.84035e-07
-4.84043e-07
9.46937e-07
-4.62907e-07
1.48382e-06
-5.36888e-07
2.52388e-06
-1.04006e-06
3.50918e-06
-9.85307e-07
5.31911e-06
-1.80993e-06
6.43564e-06
-1.11654e-06
7.3855e-06
-9.4987e-07
8.78527e-06
-1.39979e-06
1.0754e-05
-1.96873e-06
1.26475e-05
-1.89348e-06
1.35524e-05
-9.04901e-07
1.403e-05
-4.77672e-07
1.38668e-05
1.63188e-07
1.22795e-05
1.58737e-06
9.36463e-06
2.91483e-06
5.51552e-06
3.84911e-06
2.53211e-06
2.98342e-06
2.5321e-06
7.88801e-07
-1.27288e-06
2.15418e-06
-1.82831e-06
3.0735e-06
-1.45622e-06
3.87587e-06
-1.84244e-06
4.37375e-06
-1.48319e-06
5.31369e-06
-2.74988e-06
6.94172e-06
-2.74458e-06
8.20441e-06
-2.21257e-06
9.10984e-06
-2.30523e-06
1.00361e-05
-2.89505e-06
1.13971e-05
-3.25449e-06
1.2574e-05
-2.08177e-06
1.32992e-05
-1.20283e-06
1.32538e-05
2.08566e-07
1.21788e-05
2.66237e-06
9.99625e-06
5.09739e-06
6.48547e-06
7.35991e-06
2.5421e-06
6.92681e-06
5.07423e-06
-3.7775e-07
-8.95146e-07
1.83641e-06
-4.04248e-06
4.06114e-06
-3.68096e-06
4.85207e-06
-2.63337e-06
5.07532e-06
-1.70645e-06
6.05943e-06
-3.73399e-06
7.67203e-06
-4.35717e-06
8.84525e-06
-3.38579e-06
9.3334e-06
-2.79339e-06
9.65569e-06
-3.21733e-06
1.04679e-05
-4.06665e-06
1.15005e-05
-3.11444e-06
1.21491e-05
-1.85143e-06
1.22098e-05
1.47865e-07
1.16208e-05
3.25141e-06
1.01133e-05
6.60489e-06
7.20615e-06
1.0267e-05
2.70354e-06
1.14294e-05
7.77775e-06
1.03545e-07
-9.98741e-07
3.66135e-07
-4.3051e-06
3.70476e-06
-7.01961e-06
5.55344e-06
-4.48207e-06
5.57203e-06
-1.72505e-06
6.14241e-06
-4.30438e-06
7.97244e-06
-6.1872e-06
9.5268e-06
-4.94015e-06
9.66459e-06
-2.93118e-06
9.55902e-06
-3.11176e-06
9.46044e-06
-3.96808e-06
1.03419e-05
-3.99585e-06
1.09574e-05
-2.46696e-06
1.09878e-05
1.17425e-07
1.08043e-05
3.43502e-06
9.98545e-06
7.42371e-06
7.70597e-06
1.25465e-05
4.00313e-06
1.51323e-05
1.17809e-05
4.6721e-07
-1.46595e-06
-5.82549e-07
-3.25533e-06
1.61759e-06
-9.21974e-06
4.01034e-06
-6.87482e-06
4.15997e-06
-1.87468e-06
4.28123e-06
-4.42563e-06
6.41016e-06
-8.31612e-06
9.2008e-06
-7.73079e-06
9.5438e-06
-3.27418e-06
9.60901e-06
-3.17697e-06
8.82768e-06
-3.18675e-06
9.2086e-06
-4.37678e-06
9.74576e-06
-3.00412e-06
1.00353e-05
-1.72084e-07
9.99215e-06
3.47811e-06
9.54053e-06
7.87532e-06
7.81878e-06
1.42683e-05
6.18375e-06
1.67673e-05
1.79646e-05
2.57981e-06
-4.04581e-06
-7.91902e-07
1.16353e-07
-1.54371e-07
-9.85728e-06
1.47195e-06
-8.50115e-06
1.52291e-06
-1.92566e-06
1.7599e-06
-4.66262e-06
3.54573e-06
-1.0102e-05
6.36173e-06
-1.05468e-05
7.08341e-06
-3.99584e-06
7.57823e-06
-3.67178e-06
8.37757e-06
-3.98608e-06
8.34025e-06
-4.33945e-06
8.71941e-06
-3.38327e-06
9.05835e-06
-5.1101e-07
9.07692e-06
3.45956e-06
8.66569e-06
8.28656e-06
8.02273e-06
1.49112e-05
6.85668e-06
1.79334e-05
2.48214e-05
4.87752e-06
-8.92335e-06
1.58748e-07
4.83511e-06
-1.83548e-06
-7.86307e-06
-1.12463e-06
-9.212e-06
-1.16755e-06
-1.88274e-06
-5.92159e-07
-5.23801e-06
8.98652e-07
-1.15928e-05
2.91635e-06
-1.25645e-05
4.05278e-06
-5.13226e-06
4.89356e-06
-4.51255e-06
5.87931e-06
-4.97182e-06
6.86239e-06
-5.32251e-06
7.44096e-06
-3.96182e-06
7.79915e-06
-8.69181e-07
8.25911e-06
2.99961e-06
8.41338e-06
8.13231e-06
8.13333e-06
1.51913e-05
5.81442e-06
2.02523e-05
3.06358e-05
3.34358e-06
-1.22669e-05
-7.99103e-07
8.97779e-06
-3.29891e-06
-5.36326e-06
-3.59742e-06
-8.91348e-06
-3.85324e-06
-1.62692e-06
-2.93246e-06
-6.1588e-06
-1.65217e-06
-1.2873e-05
-4.53881e-07
-1.37628e-05
1.01753e-06
-6.60366e-06
2.41723e-06
-5.91224e-06
3.71529e-06
-6.26988e-06
4.84164e-06
-6.44887e-06
5.85058e-06
-4.97075e-06
6.71949e-06
-1.73809e-06
7.44114e-06
2.27797e-06
7.93169e-06
7.64176e-06
7.77298e-06
1.535e-05
5.10971e-06
2.29156e-05
3.57456e-05
-1.54385e-06
2.20419e-05
-2.73923e-06
1.87306e-05
-3.62751e-06
1.6221e-05
-4.33337e-06
1.34426e-05
-4.90593e-06
1.04728e-05
-5.34925e-06
7.45204e-06
-5.63487e-06
4.52939e-06
-5.70026e-06
1.77322e-06
-5.5073e-06
-7.56309e-07
-5.06425e-06
-2.9353e-06
-4.4664e-06
-4.73463e-06
-3.73653e-06
-6.16553e-06
-2.89904e-06
-7.23169e-06
-2.0062e-06
-7.96278e-06
-1.12321e-06
-8.43737e-06
-2.86682e-07
-8.73222e-06
4.53865e-07
-8.8047e-06
9.96045e-07
-8.55516e-06
1.22469e-06
-7.94511e-06
1.04914e-06
-6.95029e-06
4.46714e-07
-5.61053e-06
-6.1377e-07
-4.02006e-06
-2.64605e-06
-3.17609e-06
1.80678e-06
2.02351e-05
2.58974e-06
1.79477e-05
3.42977e-06
1.5381e-05
4.27478e-06
1.25976e-05
5.05703e-06
9.69051e-06
5.72791e-06
6.78116e-06
6.24161e-06
4.01568e-06
6.62745e-06
1.38738e-06
6.94473e-06
-1.0736e-06
7.24014e-06
-3.23071e-06
7.5117e-06
-5.0062e-06
7.73879e-06
-6.39262e-06
7.88271e-06
-7.3756e-06
7.88895e-06
-7.96902e-06
7.70082e-06
-8.24922e-06
7.32099e-06
-8.35237e-06
6.71703e-06
-8.20072e-06
5.76356e-06
-7.60166e-06
4.32379e-06
-6.50532e-06
2.34501e-06
-4.97149e-06
-1.22205e-07
-3.14332e-06
-2.83987e-06
-1.30233e-06
3.14538e-07
-5.80043e-06
2.46952e-06
1.77656e-05
4.83588e-06
1.55813e-05
7.0246e-06
1.31922e-05
9.06395e-06
1.05582e-05
1.09034e-05
7.85106e-06
1.2499e-05
5.18556e-06
1.37261e-05
2.78855e-06
1.46217e-05
4.91742e-07
1.52754e-05
-1.72733e-06
1.56919e-05
-3.64722e-06
1.58686e-05
-5.18286e-06
1.57745e-05
-6.29852e-06
1.5385e-05
-6.98606e-06
1.46172e-05
-7.20123e-06
1.3382e-05
-7.01403e-06
1.17564e-05
-6.72671e-06
9.6771e-06
-6.12137e-06
6.92667e-06
-4.85118e-06
3.32017e-06
-2.89876e-06
-1.2444e-06
-4.06863e-07
-6.88304e-06
2.49541e-06
-1.32713e-05
5.08601e-06
7.11762e-06
-2.00743e-05
2.98691e-06
1.47787e-05
6.08835e-06
1.24798e-05
9.17571e-06
1.01048e-05
1.19909e-05
7.74309e-06
1.45377e-05
5.30419e-06
1.68041e-05
2.91915e-06
1.85086e-05
1.08406e-06
1.96987e-05
-6.98414e-07
2.06114e-05
-2.64002e-06
2.11433e-05
-4.17915e-06
2.12313e-05
-5.27086e-06
2.08237e-05
-5.89085e-06
1.9928e-05
-6.09043e-06
1.84499e-05
-5.72303e-06
1.62259e-05
-4.79004e-06
1.31843e-05
-3.68509e-06
9.39265e-06
-2.32963e-06
4.52599e-06
1.55639e-08
-1.70702e-06
3.33436e-06
-9.12366e-06
7.0099e-06
-1.70785e-05
1.04503e-05
-2.47135e-05
1.27212e-05
1.38466e-05
-3.14424e-05
3.71949e-06
1.10592e-05
7.26986e-06
8.92946e-06
1.10302e-05
6.34447e-06
1.44662e-05
4.30709e-06
1.75239e-05
2.24644e-06
2.0118e-05
3.25058e-07
2.19351e-05
-7.3303e-07
2.3235e-05
-1.99838e-06
2.42326e-05
-3.6376e-06
2.47626e-05
-4.70919e-06
2.47245e-05
-5.23275e-06
2.39839e-05
-5.15026e-06
2.25196e-05
-4.62612e-06
2.03086e-05
-3.51199e-06
1.71341e-05
-1.61547e-06
1.26261e-05
8.22915e-07
6.99101e-06
3.30554e-06
2.66945e-07
6.7397e-06
-7.5232e-06
1.11246e-05
-1.58727e-05
1.53595e-05
-2.39619e-05
1.85398e-05
-3.1678e-05
2.04375e-05
2.08958e-05
-3.8727e-05
3.52175e-06
7.53744e-06
8.82035e-06
3.63086e-06
1.32436e-05
1.92124e-06
1.70327e-05
5.17944e-07
2.02436e-05
-9.64531e-07
2.27359e-05
-2.1673e-06
2.47064e-05
-2.70356e-06
2.62084e-05
-3.50038e-06
2.71011e-05
-4.53028e-06
2.75019e-05
-5.11005e-06
2.73313e-05
-5.06215e-06
2.63645e-05
-4.18338e-06
2.45986e-05
-2.86029e-06
2.18729e-05
-7.86276e-07
1.80357e-05
2.2218e-06
1.26035e-05
6.25509e-06
5.42459e-06
1.04845e-05
-3.01996e-06
1.51843e-05
-1.20523e-05
2.0157e-05
-2.10546e-05
2.43618e-05
-2.96359e-05
2.71213e-05
-3.76554e-05
2.84572e-05
2.79842e-05
-4.47434e-05
6.7722e-06
7.65245e-07
1.19325e-05
-1.52944e-06
1.58094e-05
-1.95567e-06
1.91754e-05
-2.84808e-06
2.20294e-05
-3.81854e-06
2.43836e-05
-4.52151e-06
2.64829e-05
-4.80287e-06
2.81163e-05
-5.13374e-06
2.91077e-05
-5.52169e-06
2.9483e-05
-5.48539e-06
2.92052e-05
-4.78434e-06
2.81192e-05
-3.09729e-06
2.59458e-05
-6.86955e-07
2.2377e-05
2.78259e-06
1.74224e-05
7.17643e-06
1.08722e-05
1.28053e-05
2.3574e-06
1.89994e-05
-7.56593e-06
2.51077e-05
-1.76659e-05
3.0257e-05
-2.71802e-05
3.38762e-05
-3.58168e-05
3.57579e-05
-4.37146e-05
3.6355e-05
3.53791e-05
-5.11096e-05
9.70461e-06
-8.93935e-06
1.44057e-05
-6.23052e-06
1.79043e-05
-5.45422e-06
2.10976e-05
-6.04133e-06
2.34195e-05
-6.14042e-06
2.56036e-05
-6.70564e-06
2.76443e-05
-6.84358e-06
2.93879e-05
-6.87731e-06
3.04778e-05
-6.61155e-06
3.06465e-05
-5.65413e-06
2.98385e-05
-3.97626e-06
2.81626e-05
-1.42139e-06
2.56135e-05
1.86227e-06
1.96963e-05
8.70005e-06
1.26662e-05
1.42067e-05
5.4571e-06
2.00147e-05
-3.47534e-06
2.79321e-05
-1.44775e-05
3.61101e-05
-2.47311e-05
4.05107e-05
-3.35357e-05
4.26806e-05
-4.0991e-05
4.32132e-05
-4.79219e-05
4.32858e-05
4.24029e-05
-5.49458e-05
4.36927e-06
-1.33087e-05
1.25688e-05
-1.443e-05
1.87358e-05
-1.16211e-05
2.36309e-05
-1.09364e-05
2.438e-05
-6.88939e-06
2.57978e-05
-8.12343e-06
2.75928e-05
-8.63861e-06
2.90091e-05
-8.2936e-06
2.93946e-05
-6.99712e-06
2.85559e-05
-4.81537e-06
2.6384e-05
-1.80428e-06
2.25443e-05
2.41849e-06
1.68356e-05
7.57134e-06
1.00728e-05
1.54636e-05
2.44583e-06
2.18345e-05
-4.90437e-06
2.73658e-05
-1.22725e-05
3.53012e-05
-1.93003e-05
4.31386e-05
-2.55279e-05
4.67389e-05
-3.15502e-05
4.8703e-05
-3.8424e-05
5.00873e-05
-4.54852e-05
5.03473e-05
4.73259e-05
-5.04085e-05
9.5748e-06
-2.28837e-05
1.18155e-05
-1.66708e-05
1.36253e-05
-1.34309e-05
1.27758e-05
-1.0087e-05
1.37791e-05
-7.89274e-06
1.23955e-05
-6.73988e-06
1.107e-05
-7.3132e-06
1.0231e-05
-7.45477e-06
9.42672e-06
-6.19283e-06
8.61075e-06
-3.99944e-06
7.33547e-06
-5.28967e-07
5.00779e-06
4.74622e-06
1.36965e-06
1.12096e-05
-1.84805e-06
1.86815e-05
-5.08158e-06
2.50683e-05
-9.09141e-06
3.1376e-05
-1.25562e-05
3.87663e-05
-1.49673e-05
4.55503e-05
-1.78669e-05
4.96391e-05
-2.19762e-05
5.28135e-05
-2.82311e-05
5.6344e-05
-3.62446e-05
5.83609e-05
5.39409e-05
-4.28589e-05
-1.37062e-06
-2.15132e-05
1.72657e-07
-1.82143e-05
1.0104e-06
-1.42689e-05
1.80767e-06
-1.08844e-05
1.26756e-06
-7.35272e-06
6.04759e-07
-6.07716e-06
-5.54195e-07
-6.15429e-06
-2.03577e-06
-5.97322e-06
-3.24152e-06
-4.98712e-06
-4.00654e-06
-3.23446e-06
-4.80973e-06
2.74147e-07
-5.75177e-06
5.68815e-06
-7.08775e-06
1.25454e-05
-7.96469e-06
1.95582e-05
-8.85897e-06
2.59623e-05
-9.94659e-06
3.24632e-05
-1.05964e-05
3.94158e-05
-1.07612e-05
4.57147e-05
-1.14748e-05
5.03526e-05
-1.28504e-05
5.41895e-05
-1.42923e-05
5.7786e-05
-1.57684e-05
5.98381e-05
5.43397e-05
-1.61679e-05
-2.31519e-06
-1.91979e-05
-4.17663e-06
-1.63528e-05
-5.29519e-06
-1.31503e-05
-6.22276e-06
-9.95684e-06
-6.50823e-06
-7.06724e-06
-7.00079e-06
-5.58457e-06
-8.04035e-06
-5.11469e-06
-9.34981e-06
-4.66376e-06
-1.05292e-05
-3.80777e-06
-1.14137e-05
-2.34999e-06
-1.20964e-05
9.56721e-07
-1.2554e-05
6.14552e-06
-1.26202e-05
1.26112e-05
-1.2173e-05
1.91105e-05
-1.15469e-05
2.53356e-05
-1.06809e-05
3.15965e-05
-9.26597e-06
3.79999e-05
-7.47283e-06
4.39206e-05
-5.84827e-06
4.87272e-05
-4.25803e-06
5.25987e-05
-2.06267e-06
5.55901e-05
1.09933e-06
5.66748e-05
5.29436e-05
2.4936e-06
-3.12617e-06
-1.60716e-05
-6.13804e-06
-1.33409e-05
-8.45481e-06
-1.08334e-05
-1.00096e-05
-8.40202e-06
-1.08455e-05
-6.23126e-06
-1.15294e-05
-4.9006e-06
-1.24345e-05
-4.20957e-06
-1.34778e-05
-3.62049e-06
-1.45331e-05
-2.7525e-06
-1.56083e-05
-1.27488e-06
-1.6375e-05
1.72328e-06
-1.66519e-05
6.42215e-06
-1.61084e-05
1.20675e-05
-1.48991e-05
1.79007e-05
-1.32683e-05
2.37043e-05
-1.12076e-05
2.95351e-05
-8.57859e-06
3.537e-05
-5.47979e-06
4.08209e-05
-2.20282e-06
4.54493e-05
1.25803e-06
4.91371e-05
5.15037e-06
5.16966e-05
9.35576e-06
5.24683e-05
5.0352e-05
1.19454e-05
-4.00348e-06
-1.2068e-05
-7.29472e-06
-1.00496e-05
-9.89403e-06
-8.23408e-06
-1.17576e-05
-6.5384e-06
-1.295e-05
-5.03889e-06
-1.38567e-05
-3.99387e-06
-1.4755e-05
-3.31129e-06
-1.57027e-05
-2.6728e-06
-1.66958e-05
-1.75948e-06
-1.77617e-05
-2.09074e-07
-1.85292e-05
2.49059e-06
-1.85711e-05
6.46385e-06
-1.77518e-05
1.12479e-05
-1.62163e-05
1.63649e-05
-1.41019e-05
2.15893e-05
-1.14244e-05
2.68571e-05
-8.13406e-06
3.2079e-05
-4.3034e-06
3.69895e-05
-1.22258e-07
4.12674e-05
4.31201e-06
4.47022e-05
8.97286e-06
4.70349e-05
1.35545e-05
4.78856e-05
4.69359e-05
1.69686e-05
-4.31333e-06
-7.75476e-06
-7.64809e-06
-6.71484e-06
-1.02645e-05
-5.61765e-06
-1.22321e-05
-4.57084e-06
-1.36434e-05
-3.62759e-06
-1.47348e-05
-2.90254e-06
-1.57112e-05
-2.33485e-06
-1.66638e-05
-1.7203e-06
-1.76159e-05
-8.07519e-07
-1.85108e-05
6.85738e-07
-1.90802e-05
3.05986e-06
-1.89886e-05
6.37197e-06
-1.81173e-05
1.03764e-05
-1.65129e-05
1.47603e-05
-1.4253e-05
1.9329e-05
-1.13623e-05
2.3966e-05
-7.83829e-06
2.85545e-05
-3.74165e-06
3.28923e-05
7.88551e-07
3.67366e-05
5.60986e-06
3.98805e-05
1.05673e-05
4.20769e-05
1.53511e-05
4.31008e-05
4.29376e-05
1.9348e-05
-4.18792e-06
-3.56688e-06
-7.42191e-06
-3.48091e-06
-9.97566e-06
-3.06394e-06
-1.19617e-05
-2.58488e-06
-1.34801e-05
-2.10924e-06
-1.46903e-05
-1.69234e-06
-1.57364e-05
-1.28881e-06
-1.66969e-05
-7.5994e-07
-1.75823e-05
7.78304e-08
-1.83203e-05
1.42358e-06
-1.87142e-05
3.45356e-06
-1.85409e-05
6.19852e-06
-1.7681e-05
9.51626e-06
-1.61321e-05
1.32111e-05
-1.39223e-05
1.7119e-05
-1.10709e-05
2.11143e-05
-7.59243e-06
2.50756e-05
-3.54114e-06
2.88406e-05
9.74013e-07
3.22211e-05
5.81029e-06
3.5044e-05
1.07845e-05
3.71022e-05
1.56304e-05
3.82545e-05
3.85522e-05
2.00143e-05
-3.82602e-06
2.59012e-07
-6.86192e-06
-4.45104e-07
-9.30041e-06
-6.25521e-07
-1.12478e-05
-6.37552e-07
-1.27966e-05
-5.60498e-07
-1.40594e-05
-4.29648e-07
-1.51357e-05
-2.12534e-07
-1.60809e-05
1.85077e-07
-1.68941e-05
8.90958e-07
-1.7509e-05
2.03829e-06
-1.7786e-05
3.73041e-06
-1.75696e-05
5.98192e-06
-1.67613e-05
8.70779e-06
-1.53281e-05
1.17776e-05
-1.327e-05
1.50606e-05
-1.05975e-05
1.84415e-05
-7.32836e-06
2.18061e-05
-3.50852e-06
2.50204e-05
7.75537e-07
2.79367e-05
5.40195e-06
3.04175e-05
1.02019e-05
3.23021e-05
1.49716e-05
3.34842e-05
3.40057e-05
1.95169e-05
-3.38287e-06
3.64174e-06
-6.14694e-06
2.31886e-06
-8.41828e-06
1.64572e-06
-1.0277e-05
1.22108e-06
-1.17963e-05
9.5875e-07
-1.30559e-05
8.29843e-07
-1.41231e-05
8.54541e-07
-1.50331e-05
1.09503e-06
-1.57786e-05
1.63623e-06
-1.63036e-05
2.56313e-06
-1.65087e-05
3.93535e-06
-1.62841e-05
5.75716e-06
-1.55485e-05
7.97199e-06
-1.42591e-05
1.0488e-05
-1.2402e-05
1.32033e-05
-9.97899e-06
1.60182e-05
-7.00443e-06
1.88313e-05
-3.51563e-06
2.15312e-05
4.19925e-07
2.40009e-05
4.70539e-06
2.6132e-05
9.2057e-06
2.78016e-05
1.37661e-05
2.89236e-05
2.95132e-05
1.82573e-05
-2.95081e-06
6.59238e-06
-5.40524e-06
4.77314e-06
-7.46248e-06
3.70285e-06
-9.18238e-06
2.94089e-06
-1.0619e-05
2.3953e-06
-1.18272e-05
2.0379e-06
-1.28506e-05
1.87789e-06
-1.37093e-05
1.95351e-06
-1.43912e-05
2.31799e-06
-1.4851e-05
3.02284e-06
-1.50162e-05
4.10029e-06
-1.48062e-05
5.54696e-06
-1.41553e-05
7.32087e-06
-1.30213e-05
9.35387e-06
-1.13839e-05
1.15657e-05
-9.23839e-06
1.38725e-05
-6.59451e-06
1.61871e-05
-3.48096e-06
1.84174e-05
5.09526e-08
2.04687e-05
3.92801e-06
2.2255e-05
8.04583e-06
2.36837e-05
1.22878e-05
2.46812e-05
2.52466e-05
1.65533e-05
-2.53866e-06
9.13081e-06
-4.67217e-06
6.90647e-06
-6.4876e-06
5.51814e-06
-8.03243e-06
4.48559e-06
-9.34613e-06
3.70889e-06
-1.04655e-05
3.15718e-06
-1.14176e-05
2.82983e-06
-1.22111e-05
2.74691e-06
-1.28319e-05
2.93862e-06
-1.32425e-05
3.43325e-06
-1.33877e-05
4.24526e-06
-1.32066e-05
5.36573e-06
-1.26464e-05
6.76049e-06
-1.1669e-05
8.3762e-06
-1.0252e-05
1.01485e-05
-8.38716e-06
1.20074e-05
-6.07989e-06
1.38796e-05
-3.35117e-06
1.56884e-05
-2.39527e-07
1.73569e-05
3.20004e-06
1.88154e-05
6.88928e-06
1.99943e-05
1.07384e-05
2.08319e-05
2.13214e-05
1.46625e-05
-2.1397e-06
1.12703e-05
-3.94708e-06
8.71365e-06
-5.50408e-06
7.07499e-06
-6.85023e-06
5.83161e-06
-8.01423e-06
4.87277e-06
-9.01981e-06
4.16262e-06
-9.88181e-06
3.6917e-06
-1.06012e-05
3.46616e-06
-1.11623e-05
3.49951e-06
-1.15331e-05
3.80393e-06
-1.16701e-05
4.38209e-06
-1.15258e-05
5.22118e-06
-1.1057e-05
6.29148e-06
-1.02304e-05
7.54944e-06
-9.02444e-06
8.9423e-06
-7.42916e-06
1.04119e-05
-5.44654e-06
1.18967e-05
-3.09159e-06
1.33332e-05
-3.92893e-07
1.4658e-05
2.60809e-06
1.58145e-05
5.85228e-06
1.67501e-05
9.26852e-06
1.74153e-05
1.78072e-05
1.27817e-05
-1.74406e-06
1.3014e-05
-3.22067e-06
1.019e-05
-4.50904e-06
8.36317e-06
-5.6423e-06
6.96473e-06
-6.64044e-06
5.87077e-06
-7.51707e-06
5.03911e-06
-8.27794e-06
4.45243e-06
-8.91817e-06
4.10623e-06
-9.42078e-06
4.00195e-06
-9.75767e-06
4.14063e-06
-9.89287e-06
4.5171e-06
-9.78785e-06
5.11597e-06
-9.40699e-06
5.91043e-06
-8.72152e-06
6.86377e-06
-7.71149e-06
7.93208e-06
-6.36651e-06
9.06674e-06
-4.68631e-06
1.02163e-05
-2.68132e-06
1.13279e-05
-3.73324e-07
1.23498e-05
2.20582e-06
1.32353e-05
5.01155e-06
1.39442e-05
7.98573e-06
1.4441e-05
1.4728e-05
1.10638e-05
-1.33986e-06
1.43536e-05
-2.48212e-06
1.1332e-05
-3.49728e-06
9.37813e-06
-4.41115e-06
7.87843e-06
-5.23565e-06
6.6951e-06
-5.97595e-06
5.77925e-06
-6.63052e-06
5.10683e-06
-7.18976e-06
4.66529e-06
-7.63546e-06
4.44748e-06
-7.94182e-06
4.44681e-06
-8.07794e-06
4.65303e-06
-8.01145e-06
5.04929e-06
-7.71226e-06
5.61106e-06
-7.15544e-06
6.30678e-06
-6.323e-06
7.09946e-06
-5.20482e-06
7.94837e-06
-3.79924e-06
8.81052e-06
-2.11363e-06
9.64208e-06
-1.64393e-07
1.04004e-05
2.02329e-06
1.10477e-05
4.41385e-06
1.15536e-05
6.96054e-06
1.1894e-05
1.20815e-05
9.60618e-06
-9.20857e-07
1.5274e-05
-1.72666e-06
1.21375e-05
-2.46918e-06
1.01204e-05
-3.16365e-06
8.5727e-06
-3.81338e-06
7.34464e-06
-4.41586e-06
6.38157e-06
-4.96333e-06
5.65413e-06
-5.44214e-06
5.14392e-06
-5.83271e-06
4.83787e-06
-6.1105e-06
4.72441e-06
-6.24787e-06
4.79022e-06
-6.21669e-06
5.01794e-06
-5.99092e-06
5.38511e-06
-5.54873e-06
5.86442e-06
-4.874e-06
6.42456e-06
-3.95717e-06
7.03137e-06
-2.79586e-06
7.64901e-06
-1.3952e-06
8.24121e-06
2.31887e-07
8.77316e-06
2.06518e-06
9.2145e-06
4.07566e-06
9.54306e-06
6.22552e-06
9.74407e-06
9.83746e-06
8.46847e-06
-4.86468e-07
1.57602e-05
-9.59583e-07
1.26103e-05
-1.43592e-06
1.05965e-05
-1.91651e-06
9.05305e-06
-2.3953e-06
7.82324e-06
-2.86261e-06
6.84869e-06
-3.30513e-06
6.09646e-06
-3.70557e-06
5.54418e-06
-4.04282e-06
5.17493e-06
-4.29284e-06
4.97424e-06
-4.43009e-06
4.92728e-06
-4.42932e-06
5.01699e-06
-4.26742e-06
5.22305e-06
-3.92501e-06
5.52185e-06
-3.38754e-06
5.88695e-06
-2.64613e-06
6.2898e-06
-1.69803e-06
6.70074e-06
-5.47091e-07
7.09008e-06
7.96707e-07
7.42922e-06
2.31648e-06
7.69482e-06
3.98945e-06
7.87012e-06
5.78345e-06
7.94972e-06
7.9614e-06
7.65868e-06
-5.32223e-08
1.58128e-05
-2.01505e-07
1.27582e-05
-4.22727e-07
1.08174e-05
-6.98708e-07
9.32879e-06
-1.01366e-06
8.13797e-06
-1.35094e-06
7.18578e-06
-1.69227e-06
6.43759e-06
-2.01701e-06
5.86873e-06
-2.3024e-06
5.46014e-06
-2.52443e-06
5.19609e-06
-2.65883e-06
5.0615e-06
-2.68232e-06
5.04031e-06
-2.57392e-06
5.11449e-06
-2.31607e-06
5.26386e-06
-1.89554e-06
5.46628e-06
-1.30404e-06
5.69816e-06
-5.38668e-07
5.93521e-06
3.98158e-07
6.15308e-06
1.49813e-06
6.32914e-06
2.74745e-06
6.44557e-06
4.12565e-06
6.49187e-06
5.6074e-06
6.46797e-06
6.40635e-06
7.16151e-06
3.64653e-07
1.54478e-05
5.16028e-07
1.26064e-05
5.34071e-07
1.0799e-05
4.50589e-07
9.412e-06
2.90267e-07
8.29806e-06
7.62206e-08
7.39961e-06
-1.6836e-07
6.68197e-06
-4.19867e-07
6.12004e-06
-6.54152e-07
5.69424e-06
-8.46947e-07
5.3887e-06
-9.74669e-07
5.18905e-06
-1.01535e-06
5.08083e-06
-9.49531e-07
5.04852e-06
-7.61059e-07
5.07525e-06
-4.37732e-07
5.14283e-06
2.83026e-08
5.232e-06
6.40468e-07
5.3229e-06
1.39699e-06
5.39641e-06
2.29081e-06
5.43522e-06
3.31005e-06
5.42645e-06
4.43773e-06
5.36421e-06
5.65307e-06
5.25235e-06
5.13016e-06
6.92852e-06
7.24796e-07
1.47224e-05
1.15396e-06
1.21768e-05
1.39353e-06
1.05591e-05
1.48926e-06
9.316e-06
1.47382e-06
8.31327e-06
1.37595e-06
7.49728e-06
1.22312e-06
6.8346e-06
1.04192e-06
6.30105e-06
8.5796e-07
5.87801e-06
6.95924e-07
5.55056e-06
5.79058e-07
5.30576e-06
5.2854e-07
5.1312e-06
5.62826e-07
5.01411e-06
6.97112e-07
4.94085e-06
9.42882e-07
4.89695e-06
1.30755e-06
4.86722e-06
1.79412e-06
4.83622e-06
2.40123e-06
4.78916e-06
3.12319e-06
4.71319e-06
3.95024e-06
4.59949e-06
4.86834e-06
4.44608e-06
5.8597e-06
4.26102e-06
4.08545e-06
6.90358e-06
1.0129e-06
1.37092e-05
1.68022e-06
1.15091e-05
2.11649e-06
1.01225e-05
2.37449e-06
9.05775e-06
2.4924e-06
8.19513e-06
2.5034e-06
7.48607e-06
2.43822e-06
6.8996e-06
2.32568e-06
6.41342e-06
2.19272e-06
6.01079e-06
2.06446e-06
5.67867e-06
1.9639e-06
5.40617e-06
1.91159e-06
5.18338e-06
1.92521e-06
5.00037e-06
2.01917e-06
4.84679e-06
2.20436e-06
4.71166e-06
2.48791e-06
4.58358e-06
2.873e-06
4.45103e-06
3.35884e-06
4.30321e-06
3.94093e-06
4.13103e-06
4.61087e-06
3.92968e-06
5.35623e-06
3.70077e-06
6.16264e-06
3.45437e-06
3.2359e-06
7.01158e-06
1.21679e-06
1.24917e-05
2.07627e-06
1.06493e-05
2.67839e-06
9.52012e-06
3.07704e-06
8.65887e-06
3.31324e-06
7.95874e-06
3.42292e-06
7.37621e-06
3.43906e-06
6.8833e-06
3.39203e-06
6.46029e-06
3.30973e-06
6.09294e-06
3.21752e-06
5.77074e-06
3.13814e-06
5.48543e-06
3.09157e-06
5.22984e-06
3.09479e-06
4.99706e-06
3.16158e-06
4.77991e-06
3.30238e-06
4.57079e-06
3.52412e-06
4.36177e-06
3.83014e-06
4.14493e-06
4.2202e-06
3.91306e-06
4.69036e-06
3.66084e-06
5.23341e-06
3.38675e-06
5.83901e-06
3.09517e-06
6.49453e-06
2.79892e-06
2.54397e-06
7.18576e-06
1.34273e-06
1.1149e-05
2.3433e-06
9.64852e-06
3.07427e-06
8.78896e-06
3.58644e-06
8.14653e-06
3.92119e-06
7.62384e-06
4.1156e-06
7.18166e-06
4.20373e-06
6.79504e-06
4.21677e-06
6.44712e-06
4.18296e-06
6.12663e-06
4.12757e-06
5.82602e-06
4.07289e-06
5.54001e-06
4.03822e-06
5.26442e-06
4.03982e-06
4.99539e-06
4.09085e-06
4.72882e-06
4.20132e-06
4.46027e-06
4.378e-06
4.18504e-06
4.62435e-06
3.89852e-06
4.94047e-06
3.59689e-06
5.32327e-06
3.27802e-06
5.76656e-06
2.9436e-06
6.2608e-06
2.601e-06
6.79559e-06
2.26395e-06
1.98175e-06
7.35731e-06
1.40439e-06
9.7442e-06
2.49691e-06
8.55582e-06
3.31705e-06
7.96868e-06
3.91138e-06
7.5521e-06
4.32044e-06
7.21469e-06
4.58132e-06
6.92068e-06
4.72829e-06
6.64797e-06
4.79259e-06
6.38274e-06
4.80221e-06
6.11693e-06
4.78185e-06
5.8463e-06
4.75301e-06
5.56878e-06
4.73408e-06
5.2833e-06
4.74046e-06
4.98897e-06
4.7846e-06
4.68464e-06
4.87606e-06
4.36879e-06
5.02142e-06
4.03966e-06
5.22424e-06
3.69567e-06
5.48501e-06
3.33608e-06
5.801e-06
2.96204e-06
6.16657e-06
2.57814e-06
6.57381e-06
2.19378e-06
7.01319e-06
1.82465e-06
1.51989e-06
7.47446e-06
1.42456e-06
8.31982e-06
2.56329e-06
7.41713e-06
3.43285e-06
7.09911e-06
4.07578e-06
6.90915e-06
4.53146e-06
6.75898e-06
4.83669e-06
6.61541e-06
5.02554e-06
6.45909e-06
5.12875e-06
6.27948e-06
5.17349e-06
6.07215e-06
5.18337e-06
5.83639e-06
5.17862e-06
5.5735e-06
5.17641e-06
5.2855e-06
5.19103e-06
4.97435e-06
5.23409e-06
4.64159e-06
5.31461e-06
4.28828e-06
5.43898e-06
3.9153e-06
5.61084e-06
3.52382e-06
5.83087e-06
3.11604e-06
6.09694e-06
2.69599e-06
6.40393e-06
2.27129e-06
6.74397e-06
1.85382e-06
7.10891e-06
1.45954e-06
1.13995e-06
7.48848e-06
1.42094e-06
6.89885e-06
2.56999e-06
6.26817e-06
3.45363e-06
6.21555e-06
4.11223e-06
6.2506e-06
4.58526e-06
6.28598e-06
4.91015e-06
6.29054e-06
5.121e-06
6.24824e-06
5.24786e-06
6.15262e-06
5.3166e-06
6.00341e-06
5.34915e-06
5.80385e-06
5.36397e-06
5.55869e-06
5.37656e-06
5.27293e-06
5.39982e-06
4.95111e-06
5.44435e-06
4.5971e-06
5.51852e-06
4.21415e-06
5.62853e-06
3.80533e-06
5.77814e-06
3.37424e-06
5.96844e-06
2.92576e-06
6.19736e-06
2.46712e-06
6.45986e-06
2.00891e-06
6.7487e-06
1.565e-06
7.05555e-06
1.15281e-06
8.23219e-07
7.37181e-06
1.41275e-06
5.48658e-06
2.54627e-06
5.13492e-06
3.41437e-06
5.34764e-06
4.05757e-06
5.60752e-06
4.51836e-06
5.82528e-06
4.83689e-06
5.97207e-06
5.04828e-06
6.03691e-06
5.18186e-06
6.01908e-06
5.26169e-06
5.92362e-06
5.3074e-06
5.75818e-06
5.33508e-06
5.53104e-06
5.35811e-06
5.24995e-06
5.38764e-06
4.92165e-06
5.43303e-06
4.55178e-06
5.50197e-06
4.14527e-06
5.6005e-06
3.70687e-06
5.73263e-06
3.24216e-06
5.89985e-06
2.7586e-06
6.10057e-06
2.26646e-06
6.32984e-06
1.77978e-06
6.57929e-06
1.31563e-06
6.84067e-06
8.9126e-07
5.59106e-07
7.10455e-06
1.41308e-06
4.0738e-06
2.52093e-06
4.0274e-06
3.35151e-06
4.51731e-06
3.95027e-06
5.00894e-06
4.36923e-06
5.40646e-06
4.65515e-06
5.68626e-06
4.84542e-06
5.84673e-06
4.96856e-06
5.89601e-06
5.04615e-06
5.8461e-06
5.09473e-06
5.70967e-06
5.12737e-06
5.49848e-06
5.15476e-06
5.22264e-06
5.18597e-06
4.89052e-06
5.22889e-06
4.50896e-06
5.29046e-06
4.08379e-06
5.37664e-06
3.62079e-06
5.49199e-06
3.1269e-06
5.63887e-06
2.61177e-06
5.81623e-06
2.08918e-06
6.01852e-06
1.5776e-06
6.23696e-06
1.0972e-06
6.46183e-06
6.66569e-07
3.36039e-07
6.68453e-06
1.44363e-06
2.63079e-06
2.52789e-06
2.94358e-06
3.30392e-06
3.7416e-06
3.82881e-06
4.48429e-06
4.17575e-06
5.05969e-06
4.40338e-06
5.45879e-06
4.55227e-06
5.69796e-06
4.64934e-06
5.79905e-06
4.71252e-06
5.78303e-06
4.75425e-06
5.66804e-06
4.78383e-06
5.469e-06
4.80878e-06
5.1978e-06
4.83568e-06
4.86372e-06
4.87073e-06
4.47402e-06
4.91999e-06
4.03464e-06
4.98942e-06
3.55146e-06
5.08449e-06
3.03192e-06
5.20904e-06
2.48731e-06
5.36349e-06
1.9348e-06
5.54238e-06
1.39884e-06
5.73433e-06
9.0535e-07
5.92766e-06
4.73039e-07
1.51443e-07
6.11216e-06
1.52694e-06
1.10437e-06
2.59951e-06
1.87144e-06
3.30634e-06
3.0351e-06
3.72576e-06
4.06512e-06
3.97052e-06
4.81513e-06
4.11698e-06
5.31249e-06
4.20827e-06
5.6068e-06
4.26749e-06
5.73996e-06
4.3071e-06
5.74353e-06
4.33433e-06
5.64092e-06
4.35401e-06
5.44943e-06
4.37007e-06
5.18185e-06
4.38634e-06
4.84758e-06
4.40699e-06
4.45348e-06
4.43696e-06
4.00479e-06
4.48211e-06
3.50642e-06
4.54909e-06
2.96505e-06
4.6443e-06
2.39217e-06
4.77097e-06
1.80822e-06
4.92411e-06
1.2458e-06
5.09026e-06
7.39188e-07
5.25372e-06
3.09784e-07
3.18958e-09
5.4017e-06
1.67667e-06
-5.71731e-07
2.74032e-06
8.08216e-07
3.37201e-06
2.40372e-06
3.65585e-06
3.7815e-06
3.77324e-06
4.69793e-06
3.82428e-06
5.26159e-06
3.85041e-06
5.58079e-06
3.86699e-06
5.72348e-06
3.87902e-06
5.7316e-06
3.88764e-06
5.63239e-06
3.89298e-06
5.44418e-06
3.89531e-06
5.17961e-06
3.89555e-06
4.84744e-06
3.89557e-06
4.45354e-06
3.89868e-06
4.00177e-06
3.91003e-06
3.49515e-06
3.93724e-06
2.93791e-06
3.98998e-06
2.33949e-06
4.07715e-06
1.72109e-06
4.1967e-06
1.12632e-06
4.33311e-06
6.02853e-07
4.46467e-06
1.7796e-07
-1.03106e-07
4.57093e-06
1.69548e-06
-2.26672e-06
2.81514e-06
-3.11076e-07
3.45535e-06
1.76376e-06
3.59297e-06
3.64407e-06
3.58078e-06
4.71027e-06
3.54363e-06
5.29886e-06
3.5127e-06
5.61183e-06
3.49234e-06
5.74394e-06
3.47959e-06
5.74444e-06
3.47007e-06
5.64199e-06
3.45995e-06
5.45438e-06
3.4464e-06
5.19324e-06
3.42765e-06
4.86626e-06
3.40312e-06
4.47815e-06
3.37372e-06
4.03123e-06
3.34276e-06
3.52618e-06
3.31733e-06
2.9634e-06
3.31007e-06
2.34679e-06
3.33807e-06
1.69313e-06
3.40398e-06
1.06045e-06
3.49914e-06
5.07616e-07
3.5948e-06
8.25334e-08
-1.6111e-07
3.6527e-06
1.76483e-06
-4.03127e-06
2.70567e-06
-1.25171e-06
3.43716e-06
1.03242e-06
3.45791e-06
3.62344e-06
3.3717e-06
4.79658e-06
3.29135e-06
5.37928e-06
3.23211e-06
5.67115e-06
3.19174e-06
5.78439e-06
3.16349e-06
5.77277e-06
3.14061e-06
5.66494e-06
3.11746e-06
5.47761e-06
3.08943e-06
5.22135e-06
3.05283e-06
4.90295e-06
3.0048e-06
4.52628e-06
2.94358e-06
4.09255e-06
2.86939e-06
3.60046e-06
2.78641e-06
3.04646e-06
2.70696e-06
2.42634e-06
2.65306e-06
1.74711e-06
2.63108e-06
1.08252e-06
2.65315e-06
4.85709e-07
2.68882e-06
4.68145e-08
-1.35068e-07
2.66281e-06
4.21122e-07
1.58584e-06
2.68687e-06
3.0545e-06
3.12639e-06
3.10038e-06
3.05637e-06
3.01727e-06
2.98485e-06
2.95563e-06
2.92492e-06
2.88793e-06
2.8401e-06
2.77724e-06
2.69578e-06
2.59354e-06
2.4712e-06
2.33555e-06
2.20197e-06
2.07177e-06
1.94234e-06
1.83263e-06
1.66378e-06
-1.38366e-06
-1.7924e-06
1.00181e-06
-2.38547e-06
4.6552e-06
-3.65336e-06
-3.0922e-06
7.74741e-06
-7.70721e-06
1.14431e-07
-1.03005e-05
2.07904e-07
-1.46104e-05
6.56494e-07
1.59643e-06
-1.9299e-05
-2.34579e-05
3.49804e-06
-2.68639e-05
3.61391e-06
-3.0029e-05
3.82163e-06
4.07669e-06
-3.25092e-05
-3.44214e-05
6.47721e-06
-3.71347e-05
6.32722e-06
-3.9367e-05
6.05398e-06
5.63306e-06
-4.09234e-05
-4.16178e-05
9.3681e-06
-4.40744e-05
8.78385e-06
-4.60177e-05
7.99733e-06
7.08328e-06
-4.74679e-05
-4.75121e-05
1.21368e-05
-4.98464e-05
1.11182e-05
-5.17036e-05
9.85456e-06
8.49637e-06
-5.31167e-05
-5.3364e-05
1.43913e-05
-5.49314e-05
1.26856e-05
-5.60405e-05
1.09638e-05
9.48433e-06
-5.70285e-05
-5.78639e-05
1.73093e-05
-5.89603e-05
1.37819e-05
-5.9073e-05
1.10763e-05
9.65045e-06
-5.92392e-05
-5.29658e-05
1.98661e-05
-5.52877e-05
1.61033e-05
-5.66546e-05
1.24427e-05
1.03051e-05
-5.73094e-05
-4.26908e-05
1.96981e-05
-4.17106e-05
1.51234e-05
-4.27019e-05
1.34346e-05
1.36042e-05
-4.60009e-05
-1.68005e-05
2.03312e-05
-1.87209e-05
1.70459e-05
-2.14129e-05
1.61275e-05
1.67201e-05
-2.45274e-05
1.35697e-06
2.14675e-05
-1.04493e-06
1.94472e-05
-3.29689e-06
1.83803e-05
1.8231e-05
-4.80729e-06
1.16986e-05
2.17138e-05
1.05929e-05
2.05531e-05
9.38588e-06
1.95871e-05
1.88712e-05
8.74585e-06
1.76078e-05
2.1074e-05
1.77513e-05
2.04091e-05
1.77168e-05
1.96214e-05
1.87676e-05
1.78203e-05
2.06923e-05
1.9729e-05
2.17696e-05
1.93314e-05
2.26693e-05
1.87216e-05
1.79392e-05
2.34976e-05
2.18039e-05
1.7939e-05
2.34482e-05
1.76871e-05
2.49508e-05
1.7219e-05
1.65762e-05
2.63139e-05
2.15249e-05
1.59307e-05
2.34506e-05
1.57612e-05
2.52653e-05
1.54044e-05
1.49054e-05
2.69362e-05
2.03139e-05
1.38738e-05
2.23204e-05
1.37549e-05
2.42432e-05
1.34817e-05
1.31078e-05
2.60411e-05
1.85418e-05
1.1885e-05
2.04984e-05
1.17982e-05
2.23924e-05
1.15879e-05
1.13136e-05
2.41868e-05
1.65083e-05
1.00389e-05
1.83342e-05
9.97247e-06
2.01159e-05
9.80634e-06
9.60774e-06
2.18222e-05
1.44449e-05
8.37548e-06
1.60961e-05
8.32116e-06
1.77155e-05
8.18724e-06
8.04392e-06
1.92796e-05
1.25266e-05
6.91249e-06
1.39834e-05
6.86445e-06
1.54199e-05
6.75092e-06
6.6474e-06
1.68168e-05
1.08685e-05
5.64989e-06
1.2129e-05
5.60392e-06
1.33748e-05
5.50536e-06
5.42922e-06
1.45933e-05
9.53965e-06
4.57852e-06
1.06116e-05
4.53209e-06
1.16759e-05
4.44126e-06
4.38394e-06
1.27215e-05
8.55634e-06
3.68065e-06
9.45617e-06
3.63221e-06
1.03503e-05
3.54739e-06
3.50202e-06
1.12325e-05
7.90524e-06
2.93676e-06
8.65183e-06
2.88573e-06
9.39689e-06
2.80253e-06
2.76493e-06
1.01343e-05
7.54003e-06
2.32505e-06
8.15477e-06
2.27097e-06
8.76773e-06
2.18983e-06
2.1564e-06
9.3765e-06
7.4027e-06
1.82581e-06
7.90486e-06
1.76889e-06
8.40794e-06
1.68694e-06
1.65593e-06
8.90866e-06
7.41783e-06
1.41939e-06
7.82684e-06
1.35988e-06
8.23558e-06
1.27843e-06
1.24823e-06
8.6435e-06
7.51545e-06
1.08961e-06
7.84721e-06
1.02817e-06
8.18042e-06
9.45392e-07
9.15728e-07
8.51314e-06
7.62508e-06
8.21708e-07
7.89441e-06
7.58868e-07
8.1632e-06
6.76779e-07
6.47036e-07
8.43206e-06
7.69175e-06
6.04358e-07
7.90947e-06
5.4117e-07
8.12778e-06
4.58602e-07
4.29051e-07
8.34593e-06
7.66556e-06
4.27169e-07
7.84208e-06
3.6466e-07
8.01705e-06
2.83756e-07
2.54221e-07
8.19199e-06
7.51639e-06
2.8255e-07
7.6591e-06
2.21961e-07
7.80094e-06
1.42002e-07
1.12951e-07
7.94232e-06
7.22304e-06
1.6398e-07
7.3388e-06
1.06193e-07
7.45145e-06
2.94604e-08
8.481e-10
7.56361e-06
6.78106e-06
6.74577e-08
6.87378e-06
1.35222e-08
6.9639e-06
-6.06321e-08
-8.82861e-08
7.05311e-06
6.1898e-06
-1.02232e-08
6.26294e-06
-5.96725e-08
6.33172e-06
-1.29323e-07
-1.55872e-07
6.39931e-06
5.46145e-06
-6.9961e-08
5.51622e-06
-1.14367e-07
5.56711e-06
-1.80251e-07
-2.05005e-07
5.61629e-06
4.61191e-06
-1.10985e-07
4.64816e-06
-1.50732e-07
4.67939e-06
-2.1139e-07
-2.33518e-07
4.70786e-06
3.66754e-06
-1.25773e-07
3.6816e-06
-1.64631e-07
3.69018e-06
-2.20054e-07
-2.35608e-07
3.69228e-06
2.64223e-06
-1.05163e-07
2.631e-06
-1.53571e-07
2.60404e-06
-1.93018e-07
-1.85588e-07
2.55403e-06
1.55689e-06
1.41913e-06
1.28453e-06
1.16919e-06
-3.64596e-06
-8.73561e-07
-9.22467e-06
1.45565e-05
-1.2616e-05
-1.97192e-06
-1.53932e-05
-6.13625e-06
-1.47096e-05
-2.31052e-06
-1.31115e-05
-7.75694e-06
-1.20852e-05
-1.38993e-05
-1.09006e-05
-1.49474e-05
-6.93098e-06
-1.05733e-05
-2.75088e-06
-1.00923e-05
1.14329e-06
-1.01641e-05
4.36583e-06
-9.67142e-06
7.20928e-06
-7.81422e-06
9.82286e-06
-4.35169e-06
1.21208e-05
-1.99905e-08
1.40687e-05
5.69382e-06
1.42014e-05
1.52173e-05
8.23611e-06
2.8881e-05
4.39817e-05
-2.72784e-05
7.10583e-06
-2.21768e-05
9.45496e-06
-2.28535e-05
-1.29514e-06
-2.3889e-05
-5.10078e-06
-2.17961e-05
-4.40341e-06
-2.15509e-05
-8.00217e-06
-2.2412e-05
-1.30381e-05
-2.10583e-05
-1.63011e-05
-1.69155e-05
-1.47161e-05
-1.23807e-05
-1.46271e-05
-8.12943e-06
-1.44154e-05
-4.47158e-06
-1.33293e-05
-1.17855e-06
-1.11073e-05
1.6323e-06
-7.16256e-06
3.94367e-06
-2.33139e-06
5.80556e-06
3.83191e-06
5.96978e-06
1.50531e-05
2.55235e-06
3.22983e-05
4.6534e-05
-3.49992e-05
9.59588e-06
-3.23284e-05
6.78417e-06
-3.31451e-05
-4.78395e-07
-3.38758e-05
-4.37014e-06
-3.23277e-05
-5.95149e-06
-3.08574e-05
-9.47244e-06
-3.03062e-05
-1.35894e-05
-2.89117e-05
-1.76956e-05
-2.54437e-05
-1.81841e-05
-2.15727e-05
-1.84981e-05
-1.78933e-05
-1.80948e-05
-1.46034e-05
-1.66192e-05
-1.16606e-05
-1.40502e-05
-9.02944e-06
-9.79371e-06
-7.01272e-06
-4.34814e-06
-6.04683e-06
2.86598e-06
-5.86855e-06
1.48748e-05
-4.42747e-06
3.08572e-05
4.21065e-05
-4.24722e-05
1.11447e-05
-4.22607e-05
6.57269e-06
-4.31999e-05
4.6083e-07
-4.36007e-05
-3.9693e-06
-4.23578e-05
-7.19435e-06
-4.07026e-05
-1.11276e-05
-3.89646e-05
-1.53274e-05
-3.77105e-05
-1.89497e-05
-3.51372e-05
-2.07574e-05
-3.21929e-05
-2.14424e-05
-2.93058e-05
-2.09819e-05
-2.65014e-05
-1.94236e-05
-2.38944e-05
-1.66572e-05
-2.12387e-05
-1.24495e-05
-1.87489e-05
-6.83801e-06
-1.66457e-05
7.62769e-07
-1.33871e-05
1.16161e-05
-7.35513e-06
2.48252e-05
3.47513e-05
-4.94768e-05
1.31536e-05
-5.03676e-05
7.46353e-06
-5.13121e-05
1.4054e-06
-5.16558e-05
-3.62564e-06
-5.09982e-05
-7.85196e-06
-4.98753e-05
-1.22505e-05
-4.85878e-05
-1.66149e-05
-4.72196e-05
-2.0318e-05
-4.52738e-05
-2.27032e-05
-4.28485e-05
-2.38677e-05
-4.01429e-05
-2.36875e-05
-3.72706e-05
-2.22959e-05
-3.42701e-05
-1.96578e-05
-3.10454e-05
-1.56742e-05
-2.7561e-05
-1.03225e-05
-2.35071e-05
-3.2911e-06
-1.78139e-05
5.92283e-06
-9.49589e-06
1.65071e-05
2.52554e-05
-5.52796e-05
1.53166e-05
-5.66952e-05
8.8792e-06
-5.7698e-05
2.40824e-06
-5.81472e-05
-3.17638e-06
-5.7942e-05
-8.05713e-06
-5.72356e-05
-1.29568e-05
-5.61788e-05
-1.76717e-05
-5.4843e-05
-2.16538e-05
-5.30483e-05
-2.44979e-05
-5.08166e-05
-2.60995e-05
-4.81246e-05
-2.63795e-05
-4.50469e-05
-2.53736e-05
-4.16025e-05
-2.31022e-05
-3.77053e-05
-1.95714e-05
-3.3204e-05
-1.48237e-05
-2.76831e-05
-8.81209e-06
-2.03121e-05
-1.44819e-06
-1.06951e-05
6.89001e-06
1.45602e-05
-5.934e-05
1.76283e-05
-6.11417e-05
1.06809e-05
-6.22654e-05
3.53198e-06
-6.28541e-05
-2.58763e-06
-6.30538e-05
-7.85737e-06
-6.26967e-05
-1.3314e-05
-6.18004e-05
-1.8568e-05
-6.05151e-05
-2.29392e-05
-5.87736e-05
-2.62395e-05
-5.6485e-05
-2.83882e-05
-5.36307e-05
-2.92338e-05
-5.02262e-05
-2.87782e-05
-4.62796e-05
-2.70489e-05
-4.17127e-05
-2.41384e-05
-3.63677e-05
-2.01687e-05
-2.99402e-05
-1.52396e-05
-2.17366e-05
-9.65192e-06
-1.14383e-05
-3.40844e-06
3.12186e-06
-6.13601e-05
1.97492e-05
-6.36136e-05
1.29343e-05
-6.48723e-05
4.79064e-06
-6.55018e-05
-1.95812e-06
-6.61694e-05
-7.18984e-06
-6.61943e-05
-1.3289e-05
-6.54244e-05
-1.9338e-05
-6.42093e-05
-2.41544e-05
-6.24672e-05
-2.79816e-05
-6.00739e-05
-3.07816e-05
-5.69927e-05
-3.23151e-05
-5.32508e-05
-3.25202e-05
-4.88534e-05
-3.14463e-05
-4.37281e-05
-2.92638e-05
-3.77628e-05
-2.61341e-05
-3.08277e-05
-2.21748e-05
-2.25773e-05
-1.79025e-05
-1.2288e-05
-1.36978e-05
-9.16621e-06
-6.02748e-05
2.27145e-05
-6.32954e-05
1.5955e-05
-6.46201e-05
6.11532e-06
-6.56063e-05
-9.71909e-07
-6.72316e-05
-5.56461e-06
-6.75583e-05
-1.29624e-05
-6.67989e-05
-2.00974e-05
-6.57931e-05
-2.51602e-05
-6.4193e-05
-2.95817e-05
-6.17255e-05
-3.32491e-05
-5.85016e-05
-3.5539e-05
-5.45418e-05
-3.648e-05
-4.98308e-05
-3.61574e-05
-4.43068e-05
-3.47878e-05
-3.7832e-05
-3.2609e-05
-3.04464e-05
-2.95604e-05
-2.18799e-05
-2.64691e-05
-1.2172e-05
-2.34057e-05
-2.13382e-05
-5.46463e-05
3.13605e-05
-5.83123e-05
1.96212e-05
-5.98998e-05
7.70281e-06
-6.28308e-05
1.95907e-06
-6.71366e-05
-1.25874e-06
-6.68087e-05
-1.32903e-05
-6.59769e-05
-2.09292e-05
-6.52032e-05
-2.59339e-05
-6.3906e-05
-3.08789e-05
-6.16546e-05
-3.55003e-05
-5.85439e-05
-3.86496e-05
-5.45502e-05
-4.04735e-05
-4.97242e-05
-4.09831e-05
-4.40506e-05
-4.04613e-05
-3.73769e-05
-3.92825e-05
-2.97473e-05
-3.71897e-05
-2.11899e-05
-3.50263e-05
-1.22547e-05
-3.23407e-05
-3.35929e-05
-3.06947e-05
3.75292e-05
-3.97512e-05
2.86783e-05
-4.75659e-05
1.55177e-05
-5.39142e-05
8.30761e-06
-5.7167e-05
1.99392e-06
-6.03256e-05
-1.0132e-05
-6.18665e-05
-1.93884e-05
-6.20912e-05
-2.57094e-05
-6.18254e-05
-3.11445e-05
-6.06896e-05
-3.66361e-05
-5.79657e-05
-4.13733e-05
-5.4281e-05
-4.41582e-05
-4.95949e-05
-4.56691e-05
-4.39868e-05
-4.60692e-05
-3.73123e-05
-4.59567e-05
-2.95195e-05
-4.49823e-05
-2.18546e-05
-4.26911e-05
-1.28918e-05
-4.13033e-05
-4.64852e-05
-8.31796e-06
4.10404e-05
-1.19664e-05
3.23269e-05
-1.76637e-05
2.1215e-05
-2.21918e-05
1.28356e-05
-2.57223e-05
5.52406e-06
-3.0487e-05
-5.36787e-06
-3.47243e-05
-1.51519e-05
-3.99427e-05
-2.04922e-05
-4.67749e-05
-2.43138e-05
-5.22385e-05
-3.11734e-05
-5.4549e-05
-3.90635e-05
-5.25727e-05
-4.61353e-05
-4.86714e-05
-4.9571e-05
-4.36319e-05
-5.11093e-05
-3.71866e-05
-5.24022e-05
-3.16149e-05
-5.05546e-05
-2.51593e-05
-4.91475e-05
-1.91615e-05
-4.73026e-05
-6.56478e-05
7.86333e-06
4.19227e-05
6.17213e-06
3.40175e-05
2.92017e-06
2.44665e-05
-8.49423e-07
1.66046e-05
-3.67742e-06
8.35168e-06
-7.9085e-06
-1.13723e-06
-1.29126e-05
-1.01483e-05
-1.67947e-05
-1.66107e-05
-2.00831e-05
-2.10268e-05
-2.26666e-05
-2.85912e-05
-2.59726e-05
-3.57591e-05
-2.92574e-05
-4.2852e-05
-2.97279e-05
-4.91019e-05
-2.62115e-05
-5.4627e-05
-2.19199e-05
-5.66951e-05
-1.6784e-05
-5.56917e-05
-1.24037e-05
-5.35291e-05
-4.79112e-06
-5.49172e-05
-7.04393e-05
1.87499e-05
4.09926e-05
1.86568e-05
3.41097e-05
1.69428e-05
2.61797e-05
1.48686e-05
1.86781e-05
1.2266e-05
1.09538e-05
8.50061e-06
2.62792e-06
3.83365e-06
-5.48145e-06
2.01968e-07
-1.2979e-05
2.32394e-07
-2.10572e-05
-1.08792e-06
-2.72714e-05
-3.17669e-06
-3.36708e-05
-7.35089e-06
-3.86781e-05
-1.07152e-05
-4.5738e-05
-1.02257e-05
-5.5117e-05
-8.08673e-06
-5.88347e-05
-5.32446e-06
-5.84545e-05
-3.01771e-06
-5.58366e-05
1.53505e-06
-5.94701e-05
-6.89044e-05
2.54763e-05
3.90135e-05
2.65414e-05
3.30439e-05
2.63829e-05
2.63374e-05
2.5489e-05
1.95714e-05
2.39032e-05
1.25392e-05
2.13405e-05
5.19043e-06
1.81501e-05
-2.29096e-06
1.54163e-05
-1.0245e-05
1.36854e-05
-1.9326e-05
1.29306e-05
-2.65163e-05
1.08395e-05
-3.15793e-05
7.55505e-06
-3.53932e-05
4.10758e-06
-4.22901e-05
1.3934e-06
-5.24024e-05
3.26914e-07
-5.77679e-05
1.01169e-07
-5.82286e-05
1.70505e-06
-5.74402e-05
2.70544e-06
-6.04705e-05
-6.61987e-05
2.91174e-05
3.62097e-05
3.10518e-05
3.11089e-05
3.19898e-05
2.53987e-05
3.2164e-05
1.93967e-05
3.1622e-05
1.30808e-05
3.0401e-05
6.41124e-06
2.8703e-05
-5.93005e-07
2.67638e-05
-8.30555e-06
2.44259e-05
-1.69879e-05
2.2279e-05
-2.43692e-05
1.98492e-05
-2.9149e-05
1.78906e-05
-3.3434e-05
1.54208e-05
-3.98198e-05
1.10758e-05
-4.80571e-05
7.10648e-06
-5.37982e-05
4.91138e-06
-5.60332e-05
4.39009e-06
-5.69188e-05
3.35319e-06
-5.94333e-05
-6.28456e-05
3.03191e-05
3.28268e-05
3.28757e-05
2.85519e-05
3.45943e-05
2.36796e-05
3.55875e-05
1.84031e-05
3.59274e-05
1.27406e-05
3.56677e-05
6.67073e-06
3.4934e-05
1.40629e-07
3.36766e-05
-7.04808e-06
3.14005e-05
-1.47117e-05
2.85754e-05
-2.15439e-05
2.61649e-05
-2.67382e-05
2.42055e-05
-3.14745e-05
2.17151e-05
-3.73292e-05
1.77799e-05
-4.41217e-05
1.3463e-05
-4.94813e-05
9.99771e-06
-5.25679e-05
7.45881e-06
-5.43799e-05
4.53244e-06
-5.6507e-05
-5.8313e-05
2.97303e-05
2.91377e-05
3.26753e-05
2.56067e-05
3.48944e-05
2.14601e-05
3.64475e-05
1.68497e-05
3.73871e-05
1.18007e-05
3.77509e-05
6.3067e-06
3.75481e-05
3.43291e-07
3.66082e-05
-6.10828e-06
3.47592e-05
-1.28628e-05
3.22854e-05
-1.90701e-05
2.98952e-05
-2.43481e-05
2.77103e-05
-2.92895e-05
2.50837e-05
-3.47027e-05
2.13989e-05
-4.0437e-05
1.71923e-05
-4.52748e-05
1.32068e-05
-4.85825e-05
9.54621e-06
-5.07195e-05
5.42596e-06
-5.23868e-05
-5.28874e-05
2.79444e-05
2.53803e-05
3.10595e-05
2.24915e-05
3.35445e-05
1.89748e-05
3.54241e-05
1.49698e-05
3.67232e-05
1.05014e-05
3.74465e-05
5.58321e-06
3.75576e-05
2.3194e-07
3.69559e-05
-5.50668e-06
3.55087e-05
-1.14157e-05
3.34871e-05
-1.70487e-05
3.12887e-05
-2.21499e-05
2.89968e-05
-2.69978e-05
2.62618e-05
-3.19679e-05
2.27601e-05
-3.69355e-05
1.87164e-05
-4.12315e-05
1.45349e-05
-4.44012e-05
1.03e-05
-4.64849e-05
5.60759e-06
-4.76949e-05
-4.72799e-05
2.54596e-05
2.17431e-05
2.85646e-05
1.93864e-05
3.11271e-05
1.6412e-05
3.31471e-05
1.29496e-05
3.46248e-05
9.02344e-06
3.55441e-05
4.66375e-06
3.5861e-05
-8.51528e-08
3.55033e-05
-5.14912e-06
3.44363e-05
-1.03489e-05
3.27969e-05
-1.54095e-05
3.08192e-05
-2.01724e-05
2.85576e-05
-2.47366e-05
2.58339e-05
-2.92444e-05
2.24765e-05
-3.35784e-05
1.85882e-05
-3.73435e-05
1.43966e-05
-4.02099e-05
9.98433e-06
-4.2073e-05
5.19762e-06
-4.29084e-05
-4.20826e-05
2.26729e-05
1.83501e-05
2.56324e-05
1.64267e-05
2.81319e-05
1.39122e-05
3.01529e-05
1.09284e-05
3.16785e-05
7.49768e-06
3.26816e-05
3.66047e-06
3.31218e-05
-5.25548e-07
3.29517e-05
-4.97915e-06
3.21559e-05
-9.55337e-06
3.08157e-05
-1.40695e-05
2.90544e-05
-1.84113e-05
2.6904e-05
-2.25864e-05
2.42764e-05
-2.66171e-05
2.10887e-05
-3.03911e-05
1.73961e-05
-3.36511e-05
1.33393e-05
-3.61535e-05
9.02011e-06
-3.77541e-05
4.46563e-06
-3.83545e-05
-3.76171e-05
1.98838e-05
1.52834e-05
2.26081e-05
1.37023e-05
2.49476e-05
1.15725e-05
2.68721e-05
9.00365e-06
2.8354e-05
6.01559e-06
2.93612e-05
2.65318e-06
2.98589e-05
-1.02343e-06
2.98115e-05
-4.93192e-06
2.92099e-05
-8.95189e-06
2.80952e-05
-1.2955e-05
2.65301e-05
-1.68464e-05
2.45316e-05
-2.05882e-05
2.20593e-05
-2.4145e-05
1.90787e-05
-2.74108e-05
1.56321e-05
-3.02049e-05
1.18273e-05
-3.2349e-05
7.78572e-06
-3.37129e-05
3.66088e-06
-3.42298e-05
-3.39566e-05
1.73035e-05
1.25734e-05
1.97417e-05
1.1264e-05
2.18623e-05
9.45162e-06
2.36285e-05
7.23727e-06
2.50072e-05
4.63671e-06
2.59649e-05
1.69537e-06
2.64702e-05
-1.52883e-06
2.6493e-05
-4.95485e-06
2.60232e-05
-8.48229e-06
2.50784e-05
-1.20105e-05
2.36879e-05
-1.54561e-05
2.18606e-05
-1.87612e-05
1.95812e-05
-2.18658e-05
1.68439e-05
-2.46737e-05
1.36922e-05
-2.70534e-05
1.02217e-05
-2.88787e-05
6.57361e-06
-3.0065e-05
2.96984e-06
-3.06265e-05
-3.09868e-05
1.50644e-05
1.02308e-05
1.71975e-05
9.1308e-06
1.90707e-05
7.57814e-06
2.06454e-05
5.6624e-06
2.18866e-05
3.3954e-06
2.27611e-05
8.2077e-07
2.32393e-05
-2.0072e-06
2.3294e-05
-5.00967e-06
2.29123e-05
-8.10073e-06
2.20982e-05
-1.11966e-05
2.08639e-05
-1.42219e-05
1.9215e-05
-1.71124e-05
1.71504e-05
-1.98014e-05
1.46816e-05
-2.22052e-05
1.18564e-05
-2.42284e-05
8.7687e-06
-2.57913e-05
5.56302e-06
-2.68597e-05
2.47236e-06
-2.7536e-05
-2.85147e-05
1.32304e-05
8.23315e-06
1.50625e-05
7.29864e-06
1.66838e-05
5.95672e-06
1.8056e-05
4.28999e-06
1.91448e-05
2.30651e-06
1.99193e-05
4.61351e-08
2.03498e-05
-2.43782e-06
2.04108e-05
-5.07078e-06
2.00878e-05
-7.77792e-06
1.93779e-05
-1.04868e-05
1.8285e-05
-1.31292e-05
1.6814e-05
-1.56416e-05
1.49723e-05
-1.79599e-05
1.27818e-05
-2.00148e-05
1.02931e-05
-2.174e-05
7.59405e-06
-2.30924e-05
4.82013e-06
-2.4086e-05
2.1741e-06
-2.48904e-05
-2.63406e-05
1.18114e-05
6.55631e-06
1.33622e-05
5.74775e-06
1.47426e-05
4.57618e-06
1.59168e-05
3.11559e-06
1.68525e-05
1.37073e-06
1.75217e-05
-6.2317e-07
1.78945e-05
-2.8107e-06
1.79469e-05
-5.1233e-06
1.76642e-05
-7.49538e-06
1.70403e-05
-9.86303e-06
1.60758e-05
-1.21648e-05
1.47758e-05
-1.43418e-05
1.31525e-05
-1.63367e-05
1.12322e-05
-1.80947e-05
9.06404e-06
-1.9572e-05
6.72663e-06
-2.07552e-05
4.33027e-06
-2.16898e-05
2.02114e-06
-2.25813e-05
-2.43197e-05
1.07749e-05
5.15812e-06
1.20728e-05
4.44989e-06
1.32332e-05
3.41557e-06
1.4224e-05
2.12475e-06
1.50159e-05
5.78665e-07
1.55819e-05
-1.18923e-06
1.58935e-05
-3.12244e-06
1.59294e-05
-5.15932e-06
1.56752e-05
-7.24129e-06
1.51237e-05
-9.31159e-06
1.4274e-05
-1.13152e-05
1.31318e-05
-1.31997e-05
1.17109e-05
-1.49159e-05
1.00376e-05
-1.64215e-05
8.15549e-06
-1.76901e-05
6.12686e-06
-1.87268e-05
4.03282e-06
-1.9596e-05
1.96341e-06
-2.05122e-05
-2.23563e-05
1.00611e-05
4.00594e-06
1.11375e-05
3.37342e-06
1.21032e-05
2.44978e-06
1.29295e-05
1.29831e-06
1.35909e-05
-8.28195e-08
1.40603e-05
-1.65876e-06
1.43124e-05
-3.37466e-06
1.43281e-05
-5.1751e-06
1.4094e-05
-7.00731e-06
1.36028e-05
-8.82049e-06
1.28532e-05
-1.05658e-05
1.18504e-05
-1.21971e-05
1.06075e-05
-1.36731e-05
9.14727e-06
-1.49615e-05
7.50439e-06
-1.60474e-05
5.72474e-06
-1.69473e-05
3.85827e-06
-1.77297e-05
1.94468e-06
-1.85987e-05
-2.04118e-05
9.59226e-06
3.05741e-06
1.0479e-05
2.48665e-06
1.12762e-05
1.6525e-06
1.19592e-05
6.15178e-07
1.25043e-05
-6.28004e-07
1.28858e-05
-2.04038e-06
1.30819e-05
-3.57089e-06
1.30758e-05
-5.16902e-06
1.28551e-05
-6.78676e-06
1.24129e-05
-8.37832e-06
1.17472e-05
-9.90022e-06
1.08623e-05
-1.13122e-05
9.76849e-06
-1.25794e-05
8.48379e-06
-1.36769e-05
7.0331e-06
-1.45968e-05
5.44472e-06
-1.5359e-05
3.74476e-06
-1.60299e-05
1.94035e-06
-1.67945e-05
-1.84714e-05
9.28658e-06
2.28416e-06
1.00131e-05
1.76007e-06
1.06667e-05
9.98829e-07
1.12262e-05
5.555e-08
1.16687e-05
-1.07066e-06
1.19716e-05
-2.34334e-06
1.21161e-05
-3.7155e-06
1.20874e-05
-5.14037e-06
1.18744e-05
-6.57381e-06
1.14702e-05
-7.97418e-06
1.08723e-05
-9.30247e-06
1.00832e-05
-1.05232e-05
9.11017e-06
-1.16065e-05
7.96536e-06
-1.25322e-05
6.66408e-06
-1.32956e-05
5.22203e-06
-1.39172e-05
3.646e-06
-1.4454e-05
1.91952e-06
-1.50681e-05
-1.6552e-05
9.06501e-06
1.65137e-06
9.65771e-06
1.16734e-06
1.01903e-05
4.66074e-07
1.06437e-05
-3.97907e-07
1.09965e-05
-1.42354e-06
1.12296e-05
-2.57653e-06
1.13269e-05
-3.81291e-06
1.12754e-05
-5.08891e-06
1.10649e-05
-6.36344e-06
1.06888e-05
-7.59817e-06
1.01439e-05
-8.75765e-06
9.43076e-06
-9.81009e-06
8.55336e-06
-1.07292e-05
7.51871e-06
-1.14976e-05
6.33492e-06
-1.2112e-05
5.00674e-06
-1.25891e-05
3.53028e-06
-1.29776e-05
1.88044e-06
-1.34184e-05
-1.46716e-05
8.85878e-06
1.13863e-06
9.34036e-06
6.857e-07
9.77114e-06
3.51686e-08
1.01331e-05
-7.59957e-07
1.04079e-05
-1.69845e-06
1.05794e-05
-2.74816e-06
1.06339e-05
-3.86743e-06
1.05597e-05
-5.01481e-06
1.03478e-05
-6.15157e-06
9.99148e-06
-7.24196e-06
9.48703e-06
-8.25328e-06
8.8333e-06
-9.15645e-06
8.03168e-06
-9.92768e-06
7.08505e-06
-1.05511e-05
5.99586e-06
-1.10229e-05
4.76337e-06
-1.13567e-05
3.37621e-06
-1.15906e-05
1.80321e-06
-1.18454e-05
-1.28686e-05
8.61124e-06
7.1948e-07
9.00112e-06
2.95748e-07
9.34575e-06
-3.09582e-07
9.62933e-06
-1.04365e-06
9.83671e-06
-1.90592e-06
9.95418e-06
-2.86571e-06
9.96988e-06
-3.8832e-06
9.8737e-06
-4.91869e-06
9.6573e-06
-5.93524e-06
9.31433e-06
-6.89907e-06
8.84054e-06
-7.77955e-06
8.23371e-06
-8.54969e-06
7.49336e-06
-9.1874e-06
6.61995e-06
-9.67776e-06
5.61315e-06
-1.00162e-05
4.46802e-06
-1.02116e-05
3.17147e-06
-1.02941e-05
1.69557e-06
-1.03697e-05
-1.11729e-05
8.2809e-06
3.80927e-07
8.59436e-06
-1.77961e-08
8.86597e-06
-5.81317e-07
9.08268e-06
-1.26046e-06
9.23184e-06
-2.05517e-06
9.302e-06
-2.93594e-06
9.28305e-06
-3.8643e-06
9.16606e-06
-4.80176e-06
8.94345e-06
-5.71269e-06
8.60918e-06
-6.56484e-06
8.15884e-06
-7.32926e-06
7.5898e-06
-7.98069e-06
6.90093e-06
-8.49858e-06
6.09191e-06
-8.86879e-06
5.16147e-06
-9.08574e-06
4.10504e-06
-9.15524e-06
2.9081e-06
-9.09715e-06
1.54242e-06
-9.00389e-06
-9.63066e-06
7.83941e-06
1.05161e-07
8.0887e-06
-2.67167e-07
8.29849e-06
-7.91211e-07
8.45803e-06
-1.4201e-06
8.55697e-06
-2.15419e-06
8.586e-06
-2.96501e-06
8.53652e-06
-3.81487e-06
8.40066e-06
-4.66593e-06
8.17145e-06
-5.4835e-06
7.84309e-06
-6.2365e-06
7.41133e-06
-6.89752e-06
6.87368e-06
-7.44306e-06
6.22953e-06
-7.85444e-06
5.47992e-06
-8.11915e-06
4.62608e-06
-8.23193e-06
3.66515e-06
-8.19419e-06
2.58541e-06
-8.01734e-06
1.36269e-06
-7.78137e-06
-8.2677e-06
7.27139e-06
-1.13143e-07
7.46585e-06
-4.61715e-07
7.62278e-06
-9.4825e-07
7.73302e-06
-1.53042e-06
7.78852e-06
-2.20975e-06
7.7821e-06
-2.95864e-06
7.7066e-06
-3.7394e-06
7.5549e-06
-4.51426e-06
7.32038e-06
-5.249e-06
6.99737e-06
-5.9135e-06
6.58171e-06
-6.48187e-06
6.0714e-06
-6.93275e-06
5.46735e-06
-7.25037e-06
4.77372e-06
-7.42552e-06
3.99705e-06
-7.45517e-06
3.1425e-06
-7.33964e-06
2.20216e-06
-7.07695e-06
1.14738e-06
-6.72623e-06
-7.12066e-06
6.57031e-06
-2.84149e-07
6.71708e-06
-6.08576e-07
6.82821e-06
-1.05947e-06
6.89528e-06
-1.59757e-06
6.91291e-06
-2.22745e-06
6.87649e-06
-2.92227e-06
6.7802e-06
-3.64314e-06
6.61739e-06
-4.35148e-06
6.38138e-06
-5.01302e-06
6.06628e-06
-5.59842e-06
5.66771e-06
-6.08331e-06
5.18397e-06
-6.44901e-06
4.61761e-06
-6.68401e-06
3.97734e-06
-6.78522e-06
3.27859e-06
-6.75642e-06
2.53759e-06
-6.5985e-06
1.75819e-06
-6.2974e-06
9.12599e-07
-5.88107e-06
-6.20774e-06
5.73814e-06
-4.06072e-07
5.84154e-06
-7.12084e-07
5.91171e-06
-1.12975e-06
5.93956e-06
-1.6255e-06
5.92363e-06
-2.2116e-06
5.86273e-06
-2.86144e-06
5.75228e-06
-3.53274e-06
5.58559e-06
-4.18484e-06
5.35553e-06
-4.783e-06
5.05554e-06
-5.29846e-06
4.68055e-06
-5.70836e-06
4.22853e-06
-5.99701e-06
3.70301e-06
-6.1585e-06
3.11682e-06
-6.19905e-06
2.49471e-06
-6.13425e-06
1.86951e-06
-5.9733e-06
1.25941e-06
-5.68742e-06
6.40239e-07
-5.26148e-06
-5.56808e-06
4.78058e-06
-4.7884e-07
4.84271e-06
-7.74329e-07
4.87453e-06
-1.1617e-06
4.86463e-06
-1.61574e-06
4.81842e-06
-2.1655e-06
4.73945e-06
-2.78257e-06
4.62374e-06
-3.41714e-06
4.46386e-06
-4.02506e-06
4.25181e-06
-4.57105e-06
3.98024e-06
-5.02698e-06
3.64315e-06
-5.37136e-06
3.23738e-06
-5.59133e-06
2.76585e-06
-5.68707e-06
2.24352e-06
-5.6768e-06
1.70344e-06
-5.59428e-06
1.19186e-06
-5.46176e-06
7.47006e-07
-5.24247e-06
3.6915e-07
-4.88445e-06
-5.19866e-06
3.70159e-06
-4.88202e-07
3.72233e-06
-7.95133e-07
3.71659e-06
-1.15604e-06
3.66851e-06
-1.56772e-06
3.59615e-06
-2.09318e-06
3.50843e-06
-2.6949e-06
3.40005e-06
-3.30879e-06
3.26172e-06
-3.88675e-06
3.08465e-06
-4.394e-06
2.86123e-06
-4.80356e-06
2.58496e-06
-5.09509e-06
2.25128e-06
-5.25765e-06
1.86069e-06
-5.29646e-06
1.42555e-06
-5.24164e-06
9.78975e-07
-5.14764e-06
5.77194e-07
-5.0599e-06
2.77527e-07
-4.94297e-06
1.20671e-07
-4.72696e-06
-5.07778e-06
2.47768e-06
-4.1182e-07
2.45434e-06
-7.71758e-07
2.41151e-06
-1.11317e-06
2.33183e-06
-1.48799e-06
2.24793e-06
-2.00924e-06
2.16949e-06
-2.61638e-06
2.08679e-06
-3.22602e-06
1.98892e-06
-3.7888e-06
1.86769e-06
-4.27267e-06
1.71678e-06
-4.65254e-06
1.53075e-06
-4.90894e-06
1.30471e-06
-5.03148e-06
1.03587e-06
-5.02748e-06
7.28914e-07
-4.93453e-06
4.05479e-07
-4.82403e-06
1.0666e-07
-4.76089e-06
-1.0267e-07
-4.73321e-06
-6.69703e-08
-4.76243e-06
-5.14468e-06
1.02113e-06
9.65695e-07
9.05544e-07
8.36322e-07
7.82944e-07
7.4347e-07
7.09055e-07
6.71858e-07
6.27311e-07
5.72567e-07
5.05342e-07
4.23252e-07
3.23975e-07
2.07619e-07
8.20536e-08
-3.32012e-08
-7.83548e-08
6.18187e-07
)
;

boundaryField
{
    leftWall
    {
        type            calculated;
        value           uniform 0;
    }
    rightWall
    {
        type            calculated;
        value           uniform 0;
    }
    lowerWall
    {
        type            calculated;
        value           uniform 0;
    }
    atmosphere
    {
        type            calculated;
        value           nonuniform List<scalar> 
46
(
-4.45234e-06
-2.41638e-06
-6.85764e-08
3.25584e-06
4.72473e-06
5.40533e-06
5.7152e-06
5.82351e-06
5.80523e-06
5.6942e-06
5.50836e-06
5.25839e-06
4.95083e-06
4.5892e-06
4.17406e-06
3.70276e-06
3.16886e-06
2.56205e-06
1.88075e-06
1.21279e-06
6.15168e-07
1.56618e-07
3.38694e-08
1.79393e-09
-1.56377e-08
-5.83607e-08
-7.02189e-08
-2.63745e-07
-7.163e-07
-1.053e-06
-1.41874e-06
-1.95583e-06
-2.57688e-06
-3.19156e-06
-3.75156e-06
-4.22807e-06
-4.59775e-06
-4.84166e-06
-4.94934e-06
-4.92815e-06
-4.81812e-06
-4.6984e-06
-4.64556e-06
-4.68801e-06
-5.45893e-06
-4.5265e-06
)
;
    }
    defaultFaces
    {
        type            empty;
    }
}


// ************************************************************************* //
