/*--------------------------------*- C++ -*----------------------------------*\
  =========                 |
  \\      /  F ield         | OpenFOAM: The Open Source CFD Toolbox
   \\    /   O peration     | Website:  https://openfoam.org
    \\  /    A nd           | Version:  13
     \\/     M anipulation  |
\*---------------------------------------------------------------------------*/
FoamFile
{
    format      ascii;
    class       volVectorField;
    location    "1.9";
    object      U;
}
// * * * * * * * * * * * * * * * * * * * * * * * * * * * * * * * * * * * * * //

dimensions      [0 1 -1 0 0 0 0];

internalField   nonuniform List<vector> 
2268
(
(-0.0107706 0.00549617 0)
(-0.0289205 0.00836704 0)
(-0.0585313 0.00920444 0)
(-0.0853781 0.00821319 0)
(-0.107854 0.00680977 0)
(-0.125455 0.00526403 0)
(-0.138107 0.00374128 0)
(-0.146137 0.00232281 0)
(-0.149989 0.00101424 0)
(-0.150048 -0.000207137 0)
(-0.146656 -0.00133179 0)
(-0.140313 -0.00232693 0)
(-0.131648 -0.00314974 0)
(-0.121239 -0.00384577 0)
(-0.109324 -0.00456005 0)
(-0.0957974 -0.00537576 0)
(-0.0805853 -0.0062132 0)
(-0.0638759 -0.00696176 0)
(-0.046053 -0.0075584 0)
(-0.0278684 -0.00775977 0)
(-0.0110201 -0.00692218 0)
(0.00407521 -0.00332462 0)
(0.00320004 0.000595088 0)
(-0.013712 0.0133459 0)
(-0.0364961 0.0196129 0)
(-0.0647266 0.0203742 0)
(-0.0900348 0.0178592 0)
(-0.110712 0.0144553 0)
(-0.126431 0.0108103 0)
(-0.137197 0.00728528 0)
(-0.143389 0.00405344 0)
(-0.145473 0.00113296 0)
(-0.143864 -0.00151193 0)
(-0.139047 -0.00383038 0)
(-0.131632 -0.00572678 0)
(-0.122278 -0.00716128 0)
(-0.11156 -0.00826742 0)
(-0.0997743 -0.0092973 0)
(-0.0869792 -0.010377 0)
(-0.0732549 -0.0114031 0)
(-0.0588462 -0.0122305 0)
(-0.0441021 -0.0127294 0)
(-0.029577 -0.0124809 0)
(-0.0164041 -0.0105835 0)
(-0.00475131 -0.00540935 0)
(-0.00161959 0.00271965 0)
(-0.0174131 0.0255192 0)
(-0.0424235 0.0321153 0)
(-0.0687681 0.0318978 0)
(-0.0920233 0.0276615 0)
(-0.110664 0.0221233 0)
(-0.12452 0.0162684 0)
(-0.133662 0.0106479 0)
(-0.138473 0.00551495 0)
(-0.139401 0.000896092 0)
(-0.136858 -0.00323697 0)
(-0.131394 -0.00675509 0)
(-0.123652 -0.00956395 0)
(-0.114263 -0.0116489 0)
(-0.103757 -0.0132222 0)
(-0.0924462 -0.0146288 0)
(-0.0804735 -0.0160289 0)
(-0.0680053 -0.0172876 0)
(-0.0553193 -0.0182209 0)
(-0.0427319 -0.0186575 0)
(-0.0306425 -0.0180772 0)
(-0.0198093 -0.015443 0)
(-0.0101234 -0.00938469 0)
(-0.00558934 -0.000602482 0)
(-0.0204186 0.0399143 0)
(-0.0465275 0.0452125 0)
(-0.0712103 0.0432815 0)
(-0.0924309 0.0371554 0)
(-0.109127 0.0294506 0)
(-0.121302 0.0213797 0)
(-0.129075 0.0136632 0)
(-0.132817 0.00662787 0)
(-0.13294 0.000311155 0)
(-0.129837 -0.00528905 0)
(-0.124106 -0.00999444 0)
(-0.116384 -0.0136857 0)
(-0.107231 -0.0163894 0)
(-0.0971274 -0.0183853 0)
(-0.0863919 -0.0200974 0)
(-0.0752146 -0.021714 0)
(-0.0638148 -0.0230718 0)
(-0.0524891 -0.0239663 0)
(-0.0415206 -0.0242212 0)
(-0.0311743 -0.0232734 0)
(-0.0219091 -0.0200757 0)
(-0.0133072 -0.0136258 0)
(-0.00751403 -0.00460638 0)
(-0.0227833 0.0550986 0)
(-0.048633 0.0583456 0)
(-0.0718726 0.0541464 0)
(-0.0911754 0.0460344 0)
(-0.106127 0.0362216 0)
(-0.116871 0.0260226 0)
(-0.123559 0.0162924 0)
(-0.126529 0.00741949 0)
(-0.126154 -0.00054423 0)
(-0.122824 -0.00756537 0)
(-0.117142 -0.013331 0)
(-0.10969 -0.0178363 0)
(-0.100947 -0.0211034 0)
(-0.091347 -0.023465 0)
(-0.0812093 -0.0254002 0)
(-0.0707612 -0.0271133 0)
(-0.0602583 -0.0284193 0)
(-0.050006 -0.0291126 0)
(-0.0402635 -0.0290488 0)
(-0.0312063 -0.0276846 0)
(-0.0230882 -0.0240741 0)
(-0.0151674 -0.0176968 0)
(-0.00916021 -0.0103057 0)
(-0.025144 0.0695431 0)
(-0.0483997 0.0697068 0)
(-0.0702853 0.0629135 0)
(-0.0877985 0.0529762 0)
(-0.101274 0.0414442 0)
(-0.110928 0.0295628 0)
(-0.116898 0.0182473 0)
(-0.119461 0.0079186 0)
(-0.118942 -0.00135733 0)
(-0.115709 -0.00942522 0)
(-0.110409 -0.0159761 0)
(-0.103531 -0.0210565 0)
(-0.0953796 -0.0247243 0)
(-0.0863669 -0.0273223 0)
(-0.0768143 -0.0293756 0)
(-0.0670044 -0.0311086 0)
(-0.057232 -0.0323353 0)
(-0.0477964 -0.0328586 0)
(-0.0389756 -0.0325596 0)
(-0.0309611 -0.0309434 0)
(-0.0238954 -0.0271993 0)
(-0.0164307 -0.0212815 0)
(-0.0119855 -0.0172693 0)
(-0.0286613 0.0826225 0)
(-0.0458301 0.0789602 0)
(-0.0660302 0.0700154 0)
(-0.0816616 0.0586381 0)
(-0.0937848 0.0457405 0)
(-0.102583 0.0324977 0)
(-0.108119 0.0198837 0)
(-0.110571 0.00835921 0)
(-0.110184 -0.00197846 0)
(-0.107587 -0.0109212 0)
(-0.103078 -0.0182401 0)
(-0.0968268 -0.0239275 0)
(-0.0892446 -0.028045 0)
(-0.0806604 -0.0309207 0)
(-0.0714569 -0.0330897 0)
(-0.062016 -0.0347908 0)
(-0.0526824 -0.0358322 0)
(-0.0437641 -0.0360351 0)
(-0.035611 -0.035332 0)
(-0.0285148 -0.0332921 0)
(-0.0226246 -0.0291735 0)
(-0.0156311 -0.0227565 0)
(-0.0130833 -0.0185645 0)
(-0.0312869 0.102726 0)
(-0.0386242 0.0881905 0)
(-0.0565081 0.0766499 0)
(-0.0694428 0.0636856 0)
(-0.0797308 0.0494062 0)
(-0.087463 0.0348613 0)
(-0.0925583 0.0210351 0)
(-0.095035 0.00839781 0)
(-0.0950858 -0.00291096 0)
(-0.0932578 -0.0125432 0)
(-0.0893297 -0.020412 0)
(-0.0836266 -0.0267694 0)
(-0.076288 -0.0315153 0)
(-0.067746 -0.0350161 0)
(-0.0584637 -0.0377724 0)
(-0.0489686 -0.0399762 0)
(-0.0396431 -0.0413893 0)
(-0.0308823 -0.0417373 0)
(-0.023271 -0.0408544 0)
(-0.0173479 -0.0383925 0)
(-0.0133471 -0.034166 0)
(-0.00927324 -0.0282213 0)
(-0.00823885 -0.0281092 0)
(0.00525664 -0.00407097 0)
(0.00708505 -0.00413347 0)
(0.0156776 -0.00456687 0)
(0.0243638 -0.00514777 0)
(0.0342963 -0.00443959 0)
(0.0503269 -0.00806085 0)
(0.0659881 -0.0036616 0)
(0.0792203 -0.00393256 0)
(0.092219 -0.00702691 0)
(0.110427 -0.00991361 0)
(0.133475 -0.00865642 0)
(0.151442 -0.00311468 0)
(0.160181 -0.0010833 0)
(0.162386 0.00203539 0)
(0.152472 0.00806325 0)
(0.125611 0.0132256 0)
(0.0843454 0.0150072 0)
(0.0423231 0.00886059 0)
(0.0144761 0.00717913 0)
(0.00996253 -0.00336995 0)
(0.0128583 -0.00293019 0)
(0.0322209 -0.00274965 0)
(0.0421631 -0.00604728 0)
(0.0463841 -0.00605845 0)
(0.0537468 -0.011148 0)
(0.0698235 -0.00996312 0)
(0.0873949 -0.0086239 0)
(0.0993286 -0.00988855 0)
(0.108597 -0.012771 0)
(0.121673 -0.0139503 0)
(0.137643 -0.00827053 0)
(0.149541 -0.00455878 0)
(0.154234 0.000906458 0)
(0.14826 0.0110154 0)
(0.129774 0.0206201 0)
(0.0955165 0.0281628 0)
(0.0516343 0.0248973 0)
(0.00911698 0.0178104 0)
(-0.0026255 -0.00295344 0)
(6.87934e-05 -0.0128639 0)
(0.0356671 -0.00880258 0)
(0.0545046 -0.00890549 0)
(0.0568087 -0.00735703 0)
(0.0614397 -0.0151664 0)
(0.07753 -0.0160692 0)
(0.0959592 -0.0127672 0)
(0.105149 -0.0123022 0)
(0.108129 -0.014894 0)
(0.113851 -0.017595 0)
(0.125207 -0.0127209 0)
(0.136575 -0.00719468 0)
(0.141031 0.00139764 0)
(0.138285 0.0145245 0)
(0.127231 0.028229 0)
(0.101501 0.0421071 0)
(0.0587594 0.0430597 0)
(0.0119136 0.0286562 0)
(0.0138461 -0.00785617 0)
(-0.00740033 -0.022942 0)
(0.0219811 -0.0287596 0)
(0.057517 -0.0172387 0)
(0.0655058 -0.0085432 0)
(0.0635716 -0.0198773 0)
(0.0782825 -0.0241371 0)
(0.102292 -0.0175111 0)
(0.112008 -0.0133782 0)
(0.109937 -0.015653 0)
(0.108034 -0.0194421 0)
(0.111982 -0.0167763 0)
(0.12245 -0.0102825 0)
(0.126791 0.000457967 0)
(0.125925 0.0161476 0)
(0.121201 0.0341502 0)
(0.103835 0.0552636 0)
(0.068062 0.0634 0)
(0.0347987 0.0457436 0)
(0.0259567 -0.00871602 0)
(-0.0127144 -0.0218642 0)
(0.00364884 -0.0414102 0)
(0.0348369 -0.0291429 0)
(0.0500705 -0.00899889 0)
(0.0452065 -0.0213662 0)
(0.0565759 -0.0361903 0)
(0.090569 -0.0313771 0)
(0.111694 -0.0148563 0)
(0.10957 -0.0148041 0)
(0.104563 -0.0184547 0)
(0.103226 -0.0206418 0)
(0.108248 -0.0132532 0)
(0.113464 8.32641e-06 0)
(0.115427 0.0173999 0)
(0.113408 0.0379922 0)
(0.101922 0.0652169 0)
(0.0776255 0.0786645 0)
(0.065827 0.0698657 0)
(0.0555891 -0.00397017 0)
(-0.00527825 -0.0102208 0)
(-0.00816678 -0.047056 0)
(0.00821583 -0.0378499 0)
(0.0206635 -0.00912419 0)
(0.0152094 -0.0219742 0)
(0.0268821 -0.0454408 0)
(0.0554213 -0.0459211 0)
(0.0822706 -0.0175856 0)
(0.0842425 -0.0160223 0)
(0.0895146 -0.0154487 0)
(0.0964344 -0.0207987 0)
(0.0979354 -0.015564 0)
(0.101813 -0.00114399 0)
(0.104173 0.0170476 0)
(0.102692 0.0390953 0)
(0.0974861 0.0722193 0)
(0.0834516 0.0856048 0)
(0.0770864 0.104171 0)
(0.0836653 -0.0364427 0)
(0.0172906 0.0133286 0)
(-0.0175252 -0.0448403 0)
(-0.017342 -0.0436866 0)
(-0.0108354 -0.00922525 0)
(-0.0131861 -0.0236112 0)
(-0.000596312 -0.0530933 0)
(0.0209449 -0.0566138 0)
(0.0427991 -0.0216392 0)
(0.0515928 -0.0189809 0)
(0.0610297 -0.0215175 0)
(0.0723207 -0.0232689 0)
(0.082405 -0.0171633 0)
(0.087562 -0.00330795 0)
(0.0922067 0.0159031 0)
(0.0962061 0.040703 0)
(0.0971711 0.0741821 0)
(0.0827615 0.0926401 0)
(0.0637249 0.137737 0)
(0.0652018 -0.0555222 0)
(0.00969569 0.0346737 0)
(-0.0321563 -0.033291 0)
(-0.040375 -0.044326 0)
(-0.0420139 -0.00812018 0)
(-0.0410338 -0.0278879 0)
(-0.0278199 -0.0600223 0)
(-0.0121244 -0.0636763 0)
(0.00330392 -0.0280851 0)
(0.0198486 -0.0251986 0)
(0.035117 -0.0268197 0)
(0.0490284 -0.0283198 0)
(0.0614351 -0.0220529 0)
(0.0720349 -0.00621904 0)
(0.0812241 0.0130828 0)
(0.0887565 0.0384329 0)
(0.0931944 0.0739778 0)
(0.0784252 0.104655 0)
(0.0526664 0.160437 0)
(-0.00623359 0.136736 0)
(-0.0109611 0.115465 0)
(-0.0177769 0.100398 0)
(-0.0217336 0.0830198 0)
(-0.0250736 0.0645511 0)
(-0.0277912 0.0457514 0)
(-0.0298026 0.027656 0)
(-0.0308714 0.0109423 0)
(-0.030583 -0.00403781 0)
(-0.0284808 -0.0167968 0)
(-0.0257214 -0.0279473 0)
(-0.0221653 -0.0365166 0)
(-0.017913 -0.0427699 0)
(-0.0131826 -0.0468955 0)
(-0.00834831 -0.0494228 0)
(-0.00366923 -0.0507816 0)
(0.000668765 -0.0508958 0)
(0.0042415 -0.0494893 0)
(0.00638171 -0.0464742 0)
(0.00648069 -0.0417229 0)
(0.0043141 -0.0353794 0)
(0.000869348 -0.027858 0)
(-0.00950711 -0.0236502 0)
(0.00876862 0.115824 0)
(0.0118756 0.101532 0)
(0.0158415 0.0878615 0)
(0.0205629 0.0725342 0)
(0.025049 0.0563699 0)
(0.0290346 0.0400513 0)
(0.032226 0.0243312 0)
(0.0345824 0.0094055 0)
(0.0364463 -0.00440751 0)
(0.038095 -0.0165179 0)
(0.0396467 -0.0264163 0)
(0.0410066 -0.0343584 0)
(0.042073 -0.0401493 0)
(0.0425528 -0.0439568 0)
(0.0420969 -0.046192 0)
(0.040612 -0.0474531 0)
(0.0380936 -0.0473731 0)
(0.0340579 -0.0452024 0)
(0.0276925 -0.0407783 0)
(0.0184574 -0.0342587 0)
(0.00633107 -0.0260575 0)
(-0.00739241 -0.0172708 0)
(-0.0218028 -0.0103123 0)
(0.00804324 0.101404 0)
(0.0201403 0.0906737 0)
(0.0318234 0.0775716 0)
(0.0432603 0.063017 0)
(0.0537916 0.0478954 0)
(0.0631502 0.0328481 0)
(0.0707612 0.0188576 0)
(0.0763838 0.00549924 0)
(0.0805459 -0.00722007 0)
(0.0833956 -0.0182772 0)
(0.0850242 -0.0273764 0)
(0.085296 -0.0342481 0)
(0.0840617 -0.0388925 0)
(0.0810275 -0.0412806 0)
(0.0756881 -0.0418669 0)
(0.0680684 -0.0417697 0)
(0.0582245 -0.0403231 0)
(0.0454482 -0.0361009 0)
(0.0285612 -0.0287824 0)
(0.00681802 -0.0187355 0)
(-0.0205847 -0.00633247 0)
(-0.0527482 0.00648843 0)
(-0.0881578 0.0171963 0)
(0.00749163 0.087065 0)
(0.0248609 0.0761331 0)
(0.0410892 0.0634037 0)
(0.0569769 0.0500348 0)
(0.0715861 0.0361693 0)
(0.0846594 0.0224804 0)
(0.0953045 0.0110012 0)
(0.103004 -9.49084e-05 0)
(0.108649 -0.0113067 0)
(0.112557 -0.0207386 0)
(0.114278 -0.0280326 0)
(0.113473 -0.0330907 0)
(0.110042 -0.0359929 0)
(0.103795 -0.0362284 0)
(0.0939886 -0.0340286 0)
(0.079952 -0.0310565 0)
(0.0618295 -0.0263128 0)
(0.0388581 -0.0171085 0)
(0.0091957 -0.00326015 0)
(-0.0275752 0.0139256 0)
(-0.0699412 0.0323596 0)
(-0.11292 0.0465936 0)
(-0.151308 0.0561598 0)
(0.00771096 0.0710795 0)
(0.0304595 0.0594555 0)
(0.0493786 0.046334 0)
(0.0687642 0.0341679 0)
(0.0864924 0.0217452 0)
(0.101631 0.00998531 0)
(0.113354 0.00184329 0)
(0.121842 -0.00674789 0)
(0.127974 -0.0165951 0)
(0.132066 -0.0239834 0)
(0.133547 -0.0286529 0)
(0.131532 -0.0303542 0)
(0.125733 -0.0296064 0)
(0.116129 -0.0255245 0)
(0.10201 -0.0176068 0)
(0.0813331 -0.00816689 0)
(0.0540944 0.00264851 0)
(0.021246 0.0190285 0)
(-0.0180783 0.0408584 0)
(-0.0625334 0.062788 0)
(-0.107267 0.0804809 0)
(-0.150168 0.0906154 0)
(-0.190066 0.0938872 0)
(0.00454676 0.0521946 0)
(0.0361358 0.0345106 0)
(0.0599006 0.0221941 0)
(0.0818046 0.0124685 0)
(0.100722 0.00266797 0)
(0.115806 -0.00591687 0)
(0.127917 -0.0100843 0)
(0.137385 -0.0154646 0)
(0.143699 -0.0226585 0)
(0.147234 -0.0269336 0)
(0.147957 -0.0278783 0)
(0.145114 -0.0248949 0)
(0.137946 -0.0194925 0)
(0.126172 -0.0105869 0)
(0.108929 0.00294184 0)
(0.0842613 0.0196151 0)
(0.0503008 0.0374101 0)
(0.00798032 0.0593002 0)
(-0.0399927 0.0853531 0)
(-0.0889424 0.109281 0)
(-0.136591 0.126206 0)
(-0.181523 0.135366 0)
(-0.222789 0.134515 0)
(0.0245558 0.025797 0)
(0.0523929 0.00570606 0)
(0.0747328 -0.00110983 0)
(0.0943905 -0.00748463 0)
(0.111174 -0.0137414 0)
(0.124967 -0.018563 0)
(0.136929 -0.0205399 0)
(0.147145 -0.0233855 0)
(0.154344 -0.0270259 0)
(0.158088 -0.0286915 0)
(0.158442 -0.0273067 0)
(0.154975 -0.0218759 0)
(0.146682 -0.0137546 0)
(0.131627 -0.00132063 0)
(0.108673 0.0162978 0)
(0.0782103 0.0392032 0)
(0.0378943 0.0643005 0)
(-0.0130439 0.0915789 0)
(-0.0682457 0.119516 0)
(-0.121336 0.143479 0)
(-0.169584 0.160038 0)
(-0.214843 0.169395 0)
(-0.256839 0.170082 0)
(0.0425874 -0.0107815 0)
(0.0656962 -0.017447 0)
(0.0868876 -0.0167405 0)
(0.105462 -0.019999 0)
(0.119995 -0.0234233 0)
(0.131658 -0.0264569 0)
(0.142999 -0.0276019 0)
(0.153679 -0.0289063 0)
(0.161659 -0.0303343 0)
(0.165191 -0.0295177 0)
(0.163468 -0.0254983 0)
(0.156935 -0.0167961 0)
(0.14615 -0.00503962 0)
(0.124846 0.00888041 0)
(0.088024 0.0268103 0)
(0.0499772 0.0555108 0)
(0.0082707 0.0857359 0)
(-0.0478398 0.11579 0)
(-0.108041 0.147257 0)
(-0.15803 0.172522 0)
(-0.200305 0.187945 0)
(-0.239099 0.193444 0)
(-0.278056 0.188685 0)
(0.0115351 -0.0667319 0)
(0.0504766 -0.0380195 0)
(0.0869171 -0.0315158 0)
(0.113416 -0.0323451 0)
(0.129665 -0.0284077 0)
(0.135516 -0.0311201 0)
(0.143201 -0.0312855 0)
(0.153051 -0.0319989 0)
(0.15843 -0.0325127 0)
(0.157327 -0.0292575 0)
(0.149219 -0.0209073 0)
(0.134427 -0.00533366 0)
(0.10836 0.0195922 0)
(0.071519 0.0825665 0)
(0.0324039 0.128794 0)
(-0.00509954 0.160037 0)
(-0.0460803 0.211111 0)
(-0.0862431 0.260327 0)
(-0.120061 0.261378 0)
(-0.152775 0.244573 0)
(-0.185474 0.223125 0)
(-0.229464 0.213008 0)
(-0.26532 0.205001 0)
(0.0474059 -0.10386 0)
(0.0466455 -0.0916379 0)
(0.0709859 -0.0690895 0)
(0.0806162 -0.0668034 0)
(0.0691958 -0.0539258 0)
(0.0677137 -0.0586328 0)
(0.0622014 -0.063207 0)
(0.0574894 -0.0605113 0)
(0.0530377 -0.0463406 0)
(0.0489321 -0.0255708 0)
(0.0436537 0.000264653 0)
(0.0344635 0.0329893 0)
(0.0184889 0.0687053 0)
(-0.00122254 0.10793 0)
(-0.0185444 0.140457 0)
(-0.037676 0.177297 0)
(-0.0583508 0.223369 0)
(-0.0747218 0.269747 0)
(-0.0879483 0.302657 0)
(-0.104478 0.328225 0)
(-0.130622 0.352674 0)
(-0.177357 0.359745 0)
(-0.217785 0.330761 0)
(-0.00984304 -0.133743 0)
(-0.00304028 -0.122725 0)
(0.00405723 -0.10112 0)
(0.00906826 -0.0701295 0)
(0.00931608 -0.0431573 0)
(0.00548096 -0.0342772 0)
(0.000423954 -0.0366618 0)
(-0.00716486 -0.036638 0)
(-0.0144163 -0.0305634 0)
(-0.0197141 -0.019702 0)
(-0.0235547 -0.000108539 0)
(-0.027972 0.0297248 0)
(-0.0343273 0.0673723 0)
(-0.0404333 0.105466 0)
(-0.0450104 0.139685 0)
(-0.0505909 0.17515 0)
(-0.0554582 0.214681 0)
(-0.0571193 0.24975 0)
(-0.0589243 0.274484 0)
(-0.064674 0.296347 0)
(-0.0728978 0.318581 0)
(-0.0791438 0.333127 0)
(-0.0953897 0.305011 0)
(-0.00822686 -0.108346 0)
(-0.0194686 -0.0928501 0)
(-0.0262418 -0.0746364 0)
(-0.0311703 -0.056737 0)
(-0.0338222 -0.0388835 0)
(-0.0355827 -0.0308059 0)
(-0.0399713 -0.0293439 0)
(-0.0466289 -0.0276624 0)
(-0.0536787 -0.0231603 0)
(-0.0591918 -0.0148804 0)
(-0.063399 0.00326275 0)
(-0.0665176 0.031831 0)
(-0.0680555 0.0681354 0)
(-0.0668686 0.105327 0)
(-0.0638929 0.139912 0)
(-0.0601127 0.174371 0)
(-0.0540735 0.210022 0)
(-0.044907 0.242875 0)
(-0.0352954 0.268566 0)
(-0.0272853 0.289382 0)
(-0.0181982 0.307045 0)
(-0.00379331 0.315335 0)
(0.00752529 0.292056 0)
(-0.0109058 -0.0960382 0)
(-0.0268218 -0.0801885 0)
(-0.0402223 -0.0643992 0)
(-0.0503047 -0.0495172 0)
(-0.0562093 -0.0358428 0)
(-0.0598106 -0.0281327 0)
(-0.0639978 -0.0247069 0)
(-0.0694197 -0.0218735 0)
(-0.0753073 -0.0174056 0)
(-0.081107 -0.00963372 0)
(-0.0863591 0.00731627 0)
(-0.0894637 0.0341063 0)
(-0.0887845 0.0669729 0)
(-0.0838616 0.100336 0)
(-0.076093 0.132929 0)
(-0.0663127 0.165611 0)
(-0.0537586 0.198552 0)
(-0.0380484 0.229123 0)
(-0.0206563 0.254522 0)
(-0.00285258 0.274683 0)
(0.0165085 0.289134 0)
(0.0384792 0.293119 0)
(0.0564273 0.277319 0)
(-0.0161027 -0.0763106 0)
(-0.0318655 -0.0631118 0)
(-0.047052 -0.0513061 0)
(-0.0588931 -0.0402799 0)
(-0.066761 -0.030605 0)
(-0.0719904 -0.024145 0)
(-0.0766726 -0.0203122 0)
(-0.081612 -0.0169072 0)
(-0.0869276 -0.0120235 0)
(-0.0927318 -0.0038994 0)
(-0.098053 0.0115517 0)
(-0.100539 0.0350489 0)
(-0.0984623 0.0631749 0)
(-0.0919635 0.092758 0)
(-0.0820744 0.122606 0)
(-0.0692477 0.152658 0)
(-0.0532287 0.182525 0)
(-0.0339089 0.21055 0)
(-0.0121964 0.234722 0)
(0.010949 0.253984 0)
(0.0355763 0.266887 0)
(0.0605436 0.270837 0)
(0.080229 0.26286 0)
(-0.0181799 -0.0535683 0)
(-0.0335289 -0.0452275 0)
(-0.0488282 -0.0374061 0)
(-0.0610515 -0.0300813 0)
(-0.069926 -0.0235679 0)
(-0.076355 -0.0187788 0)
(-0.0817321 -0.0153139 0)
(-0.0868586 -0.0118378 0)
(-0.0920188 -0.00681467 0)
(-0.0972253 0.00149528 0)
(-0.101548 0.0152004 0)
(-0.103091 0.0347825 0)
(-0.100548 0.058425 0)
(-0.093822 0.0840086 0)
(-0.0833782 0.110476 0)
(-0.0695512 0.137242 0)
(-0.0523099 0.163734 0)
(-0.0317092 0.188717 0)
(-0.00837986 0.210713 0)
(0.0169281 0.22851 0)
(0.043582 0.240675 0)
(0.0696276 0.245684 0)
(0.0903835 0.243188 0)
(-0.0178027 -0.0304717 0)
(-0.0325296 -0.0273871 0)
(-0.0473282 -0.0233686 0)
(-0.0594356 -0.0193359 0)
(-0.0687283 -0.01558 0)
(-0.075856 -0.0125033 0)
(-0.0817701 -0.00983179 0)
(-0.087106 -0.00667174 0)
(-0.0921168 -0.00186459 0)
(-0.0966705 0.00586854 0)
(-0.0999895 0.0177405 0)
(-0.100803 0.0340009 0)
(-0.0981026 0.0536304 0)
(-0.0916154 0.0753628 0)
(-0.0814931 0.0982095 0)
(-0.067896 0.12149 0)
(-0.0508706 0.144536 0)
(-0.0305408 0.16639 0)
(-0.00739586 0.185901 0)
(0.0179512 0.202034 0)
(0.0447055 0.213543 0)
(0.0707637 0.219558 0)
(0.0921614 0.220325 0)
(-0.0161239 -0.00860577 0)
(-0.0299444 -0.0103788 0)
(-0.0439268 -0.00983566 0)
(-0.0556148 -0.00865885 0)
(-0.0649305 -0.00722957 0)
(-0.0723452 -0.00576776 0)
(-0.0785214 -0.00406654 0)
(-0.0839155 -0.00151613 0)
(-0.0886878 0.00270757 0)
(-0.0926665 0.00947524 0)
(-0.095264 0.0194968 0)
(-0.0955965 0.0328891 0)
(-0.0929302 0.0490904 0)
(-0.0869316 0.0672527 0)
(-0.0775539 0.0865912 0)
(-0.0648465 0.106441 0)
(-0.0488623 0.126159 0)
(-0.0297339 0.14495 0)
(-0.00785331 0.161927 0)
(0.0162786 0.176256 0)
(0.0419606 0.186958 0)
(0.0672148 0.193409 0)
(0.0886473 0.195891 0)
(-0.0141159 0.0108599 0)
(-0.0266419 0.00541131 0)
(-0.0395571 0.00299444 0)
(-0.0505647 0.00171439 0)
(-0.0595917 0.00114043 0)
(-0.0669636 0.00111161 0)
(-0.073141 0.00176621 0)
(-0.0784318 0.00351222 0)
(-0.0829206 0.0069051 0)
(-0.0864404 0.0125111 0)
(-0.0885455 0.0207484 0)
(-0.0886231 0.0316644 0)
(-0.0861277 0.0448989 0)
(-0.0807288 0.0598769 0)
(-0.0722941 0.0759791 0)
(-0.0608022 0.0926237 0)
(-0.0462832 0.109225 0)
(-0.0288519 0.125128 0)
(-0.00881408 0.139629 0)
(0.0134154 0.152077 0)
(0.0373195 0.161719 0)
(0.0611485 0.16805 0)
(0.0818398 0.171209 0)
(-0.0122422 0.0278292 0)
(-0.0232909 0.0194561 0)
(-0.034919 0.0146929 0)
(-0.0449926 0.0114173 0)
(-0.0534439 0.00917608 0)
(-0.0604871 0.00782632 0)
(-0.0664354 0.00744735 0)
(-0.0714827 0.00830183 0)
(-0.0756581 0.0107492 0)
(-0.0788053 0.0151424 0)
(-0.080589 0.0217148 0)
(-0.0805685 0.0304666 0)
(-0.0783307 0.0411428 0)
(-0.0735827 0.053327 0)
(-0.0661647 0.0665349 0)
(-0.0560135 0.0802735 0)
(-0.0431348 0.0940351 0)
(-0.0276126 0.107275 0)
(-0.00968438 0.11943 0)
(0.0103134 0.129984 0)
(0.0320494 0.138368 0)
(0.0539662 0.144154 0)
(0.0732613 0.147353 0)
(-0.0105147 0.0426735 0)
(-0.0200359 0.0318503 0)
(-0.030261 0.0251679 0)
(-0.0392278 0.0202616 0)
(-0.0468912 0.0166373 0)
(-0.053388 0.014144 0)
(-0.0589249 0.0128051 0)
(-0.0636146 0.012772 0)
(-0.0674468 0.0142602 0)
(-0.0702793 0.0174745 0)
(-0.0718509 0.0225317 0)
(-0.0718327 0.0293966 0)
(-0.0699058 0.0378699 0)
(-0.0658213 0.0476316 0)
(-0.0594187 0.058298 0)
(-0.0506176 0.0694572 0)
(-0.0394032 0.0806787 0)
(-0.0258308 0.0915102 0)
(-0.0100765 0.101495 0)
(0.00757803 0.110219 0)
(0.0269491 0.117255 0)
(0.0466617 0.122232 0)
(0.0640605 0.125116 0)
(-0.00888037 0.0553318 0)
(-0.0168548 0.0425025 0)
(-0.0256082 0.0342899 0)
(-0.0333587 0.028089 0)
(-0.0400944 0.0233513 0)
(-0.045899 0.0199034 0)
(-0.0509018 0.0177183 0)
(-0.0551567 0.0168623 0)
(-0.0586263 0.0174465 0)
(-0.0611794 0.0195726 0)
(-0.0626052 0.0232811 0)
(-0.0626477 0.0285117 0)
(-0.061055 0.0350946 0)
(-0.0576176 0.0427734 0)
(-0.0521875 0.0512363 0)
(-0.0446793 0.060141 0)
(-0.0350658 0.0691259 0)
(-0.0233777 0.0778158 0)
(-0.00974791 0.0858369 0)
(0.00559724 0.0928523 0)
(0.0225651 0.0985375 0)
(0.0399209 0.102593 0)
(0.0551773 0.104982 0)
(-0.00727836 0.0658499 0)
(-0.0136908 0.0513797 0)
(-0.020925 0.0419818 0)
(-0.0273929 0.034795 0)
(-0.0331165 0.0292019 0)
(-0.0381407 0.0249968 0)
(-0.0425356 0.0221072 0)
(-0.046311 0.0205344 0)
(-0.049409 0.0203138 0)
(-0.0517058 0.0214756 0)
(-0.0530238 0.0240092 0)
(-0.0531558 0.027837 0)
(-0.0518967 0.0328077 0)
(-0.0490701 0.0387076 0)
(-0.0445437 0.0452787 0)
(-0.0382349 0.0522356 0)
(-0.0301091 0.0592758 0)
(-0.0201808 0.0660875 0)
(-0.00854596 0.0723636 0)
(0.00460297 0.0778281 0)
(0.019233 0.0822343 0)
(0.034242 0.085354 0)
(0.0472424 0.0871818 0)
(-0.00563102 0.0742232 0)
(-0.0104798 0.0584618 0)
(-0.0161668 0.0482053 0)
(-0.021322 0.0403254 0)
(-0.0259937 0.0341265 0)
(-0.0301942 0.0293654 0)
(-0.0339455 0.0259297 0)
(-0.0372217 0.0237708 0)
(-0.0399484 0.0228694 0)
(-0.0420052 0.0232069 0)
(-0.0432357 0.0247385 0)
(-0.0434655 0.0273761 0)
(-0.0425227 0.0309816 0)
(-0.0402566 0.0353723 0)
(-0.0365507 0.0403319 0)
(-0.0313276 0.0456214 0)
(-0.0245505 0.0509878 0)
(-0.0162219 0.0561722 0)
(-0.00641696 0.060922 0)
(0.00471389 0.0650112 0)
(0.017155 0.0682527 0)
(0.0299133 0.0704868 0)
(0.0407522 0.0717534 0)
(-0.00389791 0.0803874 0)
(-0.0071891 0.0637317 0)
(-0.0113208 0.0529499 0)
(-0.0151648 0.0446644 0)
(-0.018781 0.0381035 0)
(-0.0221495 0.0329876 0)
(-0.0252496 0.0291714 0)
(-0.0280257 0.0265688 0)
(-0.0303882 0.0251223 0)
(-0.0322169 0.02478 0)
(-0.0333688 0.025476 0)
(-0.0336909 0.0271169 0)
(-0.033035 0.0295758 0)
(-0.0312702 0.0326949 0)
(-0.0282933 0.0362912 0)
(-0.0240337 0.0401639 0)
(-0.0184544 0.0441018 0)
(-0.0115513 0.0478904 0)
(-0.00338145 0.0513222 0)
(0.00593054 0.0542154 0)
(0.0163785 0.0564292 0)
(0.0270764 0.0578621 0)
(0.0358905 0.0586025 0)
(-0.00206017 0.0842606 0)
(-0.00383363 0.0671914 0)
(-0.00643251 0.0562346 0)
(-0.00899652 0.0478284 0)
(-0.011582 0.0411424 0)
(-0.0141352 0.035869 0)
(-0.0165962 0.031838 0)
(-0.0188832 0.028937 0)
(-0.0208926 0.0270826 0)
(-0.0225016 0.0262023 0)
(-0.023575 0.0262183 0)
(-0.0239743 0.0270367 0)
(-0.0235677 0.0285418 0)
(-0.0222393 0.0305967 0)
(-0.0198968 0.0330465 0)
(-0.0164759 0.0357229 0)
(-0.0119408 0.0384503 0)
(-0.00628333 0.0410518 0)
(0.000448111 0.0433577 0)
(0.00816477 0.0452256 0)
(0.0168481 0.0465503 0)
(0.0256983 0.0472811 0)
(0.0327388 0.0475474 0)
(-0.000188427 0.085763 0)
(-0.000506102 0.0688568 0)
(-0.00162457 0.0580988 0)
(-0.00296259 0.0498541 0)
(-0.00456182 0.0432722 0)
(-0.00633203 0.0380315 0)
(-0.00817736 0.0339467 0)
(-0.00999243 0.030889 0)
(-0.0116601 0.0287598 0)
(-0.0130537 0.0274756 0)
(-0.014042 0.0269543 0)
(-0.0144959 0.0271055 0)
(-0.0142951 0.0278255 0)
(-0.013335 0.0289963 0)
(-0.0115318 0.0304874 0)
(-0.00882646 0.0321589 0)
(-0.00518486 0.0338659 0)
(-0.000597998 0.0354637 0)
(0.00490602 0.0368158 0)
(0.0112327 0.0378114 0)
(0.0183842 0.0383788 0)
(0.0256413 0.0385056 0)
(0.0311176 0.0383546 0)
(0.0015881 0.0848826 0)
(0.00261565 0.0688252 0)
(0.00292079 0.0586239 0)
(0.00273356 0.0508016 0)
(0.00206298 0.0445327 0)
(0.00103288 0.0394988 0)
(-0.000226194 0.0355117 0)
(-0.00158736 0.0324335 0)
(-0.00292239 0.0301564 0)
(-0.0040999 0.0285937 0)
(-0.00499037 0.0276649 0)
(-0.00547047 0.0272868 0)
(-0.00542806 0.0273688 0)
(-0.0047666 0.0278109 0)
(-0.00340922 0.0285049 0)
(-0.00130095 0.0293357 0)
(0.00158975 0.0301851 0)
(0.00528267 0.0309375 0)
(0.0097463 0.0314852 0)
(0.0148975 0.0317455 0)
(0.0207497 0.0316755 0)
(0.0266416 0.031287 0)
(0.0308351 0.030776 0)
(0.00312946 0.0818723 0)
(0.00535775 0.0672184 0)
(0.00698895 0.0579045 0)
(0.00786789 0.0507544 0)
(0.00806421 0.0450001 0)
(0.00773035 0.040338 0)
(0.00702515 0.0365819 0)
(0.00609617 0.0335977 0)
(0.00508401 0.0312814 0)
(0.00412423 0.0295486 0)
(0.0033463 0.0283247 0)
(0.00287022 0.0275365 0)
(0.00280304 0.0271073 0)
(0.00323568 0.0269546 0)
(0.00424032 0.0269906 0)
(0.00586861 0.0271226 0)
(0.00815195 0.0272558 0)
(0.0111038 0.0272988 0)
(0.0147021 0.027171 0)
(0.018872 0.0268145 0)
(0.0236363 0.0262093 0)
(0.0283971 0.0253887 0)
(0.0315175 0.0245708 0)
(0.0043258 0.0770704 0)
(0.00757933 0.0641956 0)
(0.0103839 0.0560386 0)
(0.0122185 0.0497709 0)
(0.0132059 0.0447036 0)
(0.0135184 0.0405595 0)
(0.0133374 0.0371636 0)
(0.0128258 0.0343894 0)
(0.0121338 0.0321404 0)
(0.0114016 0.0303401 0)
(0.0107587 0.0289233 0)
(0.0103226 0.0278294 0)
(0.0101963 0.0269969 0)
(0.0104663 0.0263611 0)
(0.0112009 0.0258535 0)
(0.0124492 0.0254028 0)
(0.0142421 0.0249366 0)
(0.0165946 0.0243863 0)
(0.0194874 0.0236931 0)
(0.0228596 0.0228213 0)
(0.0267318 0.0217704 0)
(0.0305533 0.0205899 0)
(0.032845 0.0195151 0)
(0.00510593 0.0709198 0)
(0.00920997 0.0599969 0)
(0.012988 0.0531833 0)
(0.015639 0.0479613 0)
(0.0173201 0.0437212 0)
(0.0182127 0.0402151 0)
(0.0185126 0.0372837 0)
(0.0183934 0.034813 0)
(0.0180125 0.0327188 0)
(0.0175131 0.0309367 0)
(0.0170244 0.0294145 0)
(0.0166614 0.0281056 0)
(0.0165235 0.0269646 0)
(0.0166935 0.0259442 0)
(0.0172367 0.0249946 0)
(0.0182002 0.0240639 0)
(0.0196147 0.0231001 0)
(0.0214957 0.0220549 0)
(0.0238297 0.0208899 0)
(0.0265578 0.0195888 0)
(0.0297055 0.0181677 0)
(0.0327809 0.0166905 0)
(0.0343987 0.0154024 0)
(0.00551437 0.063886 0)
(0.0102781 0.054897 0)
(0.0147894 0.0495279 0)
(0.0180865 0.0454601 0)
(0.0203371 0.0421483 0)
(0.0217207 0.0393711 0)
(0.0224399 0.036986 0)
(0.0226745 0.0348943 0)
(0.0225847 0.0330266 0)
(0.0223145 0.0313339 0)
(0.0219917 0.0297791 0)
(0.0217279 0.0283315 0)
(0.0216186 0.0269619 0)
(0.0217427 0.0256402 0)
(0.0221627 0.024334 0)
(0.0229242 0.0230097 0)
(0.0240572 0.0216338 0)
(0.0255784 0.0201769 0)
(0.0274755 0.0186192 0)
(0.029701 0.0169613 0)
(0.0322771 0.0152358 0)
(0.0347511 0.0135139 0)
(0.035889 0.0120546 0)
(0.00563057 0.0563654 0)
(0.0108703 0.049176 0)
(0.0158658 0.0452853 0)
(0.0196193 0.042429 0)
(0.0222911 0.0401054 0)
(0.0240527 0.0381149 0)
(0.025108 0.0363312 0)
(0.025638 0.0346713 0)
(0.0258028 0.033083 0)
(0.0257441 0.031534 0)
(0.0255857 0.0300044 0)
(0.0254347 0.0284799 0)
(0.0253815 0.0269476 0)
(0.0255008 0.0253939 0)
(0.0258519 0.0238029 0)
(0.0264785 0.0221576 0)
(0.0274104 0.0204417 0)
(0.0286643 0.018643 0)
(0.0302323 0.0167592 0)
(0.0320683 0.0148073 0)
(0.0341944 0.0128328 0)
(0.0362121 0.0109158 0)
(0.0369839 0.00932112 0)
(0.00559864 0.0486639 0)
(0.011116 0.0430987 0)
(0.0163591 0.0406757 0)
(0.0203736 0.0390465 0)
(0.0233022 0.0377347 0)
(0.0253083 0.0365566 0)
(0.0265952 0.0354008 0)
(0.0273427 0.0342013 0)
(0.0277074 0.0329238 0)
(0.0278255 0.0315546 0)
(0.0278146 0.0300915 0)
(0.0277747 0.028537 0)
(0.0277898 0.0268944 0)
(0.0279294 0.0251651 0)
(0.0282488 0.0233483 0)
(0.02879 0.0214421 0)
(0.029582 0.0194457 0)
(0.0306426 0.0173635 0)
(0.0319638 0.0152093 0)
(0.0335088 0.0130163 0)
(0.0352946 0.0108421 0)
(0.0369529 0.00877167 0)
(0.0374981 0.00707817 0)
(0.00551166 0.0409605 0)
(0.0111383 0.0368872 0)
(0.0164335 0.0359037 0)
(0.0205263 0.0354937 0)
(0.0235428 0.0351908 0)
(0.0256476 0.0348234 0)
(0.0270464 0.0342953 0)
(0.0279176 0.0335594 0)
(0.0284121 0.0326019 0)
(0.0286577 0.0314291 0)
(0.0287624 0.0300573 0)
(0.0288167 0.0285054 0)
(0.0288964 0.0267916 0)
(0.0290643 0.0249308 0)
(0.0293714 0.0229355 0)
(0.0298571 0.0208169 0)
(0.0305506 0.0185882 0)
(0.0314697 0.0162689 0)
(0.0326108 0.0138893 0)
(0.0339363 0.0114983 0)
(0.0354579 0.00916479 0)
(0.0368586 0.00698044 0)
(0.0372338 0.0052199 0)
(0.00546369 0.0333127 0)
(0.0110697 0.030705 0)
(0.016266 0.0311439 0)
(0.0202739 0.0319423 0)
(0.0232118 0.0326325 0)
(0.0252636 0.0330527 0)
(0.0266464 0.0331273 0)
(0.0275386 0.0328338 0)
(0.0280836 0.0321835 0)
(0.0283973 0.0312048 0)
(0.0285748 0.0299329 0)
(0.0286943 0.0284025 0)
(0.0288209 0.0266448 0)
(0.0290093 0.024686 0)
(0.0293053 0.0225491 0)
(0.0297463 0.0202561 0)
(0.0303614 0.0178323 0)
(0.0311706 0.0153113 0)
(0.0321714 0.0127402 0)
(0.0333327 0.0101843 0)
(0.0346589 0.00772684 0)
(0.0358533 0.00546059 0)
(0.0361505 0.00366675 0)
(0.00547729 0.0256889 0)
(0.0110389 0.0246485 0)
(0.01604 0.0265344 0)
(0.0198209 0.0285532 0)
(0.0225165 0.0302191 0)
(0.0243621 0.0313867 0)
(0.0255996 0.0320148 0)
(0.0264094 0.0321185 0)
(0.0269241 0.031741 0)
(0.0272436 0.0309365 0)
(0.0274459 0.0297591 0)
(0.0275935 0.0282575 0)
(0.0277388 0.0264735 0)
(0.0279267 0.0244417 0)
(0.0281971 0.0221922 0)
(0.028585 0.0197544 0)
(0.0291208 0.0171632 0)
(0.029828 0.0144651 0)
(0.0307107 0.0117248 0)
(0.0317384 0.00902806 0)
(0.0329033 0.00647386 0)
(0.0339517 0.00415922 0)
(0.0341919 0.00236182 0)
(0.0056377 0.0180101 0)
(0.0112117 0.0187455 0)
(0.0159581 0.0221821 0)
(0.0193769 0.025482 0)
(0.02166 0.0281118 0)
(0.0231462 0.0299675 0)
(0.0241155 0.031074 0)
(0.0247481 0.0315047 0)
(0.0251594 0.0313457 0)
(0.0254271 0.03068 0)
(0.0256075 0.02958 0)
(0.0257441 0.0281062 0)
(0.0258742 0.0263072 0)
(0.0260313 0.0242222 0)
(0.0262483 0.0218842 0)
(0.0265578 0.019326 0)
(0.0269924 0.0165879 0)
(0.0275826 0.0137276 0)
(0.0283405 0.0108282 0)
(0.0292456 0.00800306 0)
(0.0302796 0.00537343 0)
(0.0311937 0.00303852 0)
(0.0314223 0.00127059 0)
(0.00604329 0.0101012 0)
(0.0117511 0.0129571 0)
(0.0162075 0.0181571 0)
(0.0191209 0.0228895 0)
(0.0208121 0.0264751 0)
(0.0217954 0.0289301 0)
(0.0223945 0.0304076 0)
(0.0227776 0.0310702 0)
(0.0230312 0.0310582 0)
(0.0232032 0.0304847 0)
(0.0233234 0.0294381 0)
(0.023414 0.0279863 0)
(0.0234949 0.0261811 0)
(0.0235872 0.0240614 0)
(0.0237149 0.0216587 0)
(0.023907 0.0190035 0)
(0.0241986 0.0161363 0)
(0.0246291 0.0131204 0)
(0.0252304 0.0100585 0)
(0.0259942 0.00710153 0)
(0.026887 0.00440439 0)
(0.0276901 0.00207687 0)
(0.0278803 0.000373764 0)
(0.00684361 0.00174576 0)
(0.0126855 0.00716654 0)
(0.0168311 0.014498 0)
(0.0191281 0.0209556 0)
(0.0200564 0.0254728 0)
(0.0204366 0.0283844 0)
(0.0206136 0.030085 0)
(0.0207178 0.0308617 0)
(0.0207919 0.030914 0)
(0.0208469 0.0303814 0)
(0.0208842 0.0293623 0)
(0.0209039 0.0279268 0)
(0.0209085 0.0261248 0)
(0.0209053 0.0239915 0)
(0.0209075 0.0215519 0)
(0.0209372 0.0188288 0)
(0.0210284 0.0158537 0)
(0.021231 0.012687 0)
(0.021604 0.00944564 0)
(0.0221702 0.00633076 0)
(0.0229006 0.00355679 0)
(0.0235635 0.00125024 0)
(0.0237187 -0.00033864 0)
(0.00694611 -0.00968836 0)
(0.0131335 0.00113873 0)
(0.0173871 0.0112689 0)
(0.0192101 0.019901 0)
(0.0193204 0.0252458 0)
(0.0191175 0.0283935 0)
(0.0189207 0.0301329 0)
(0.0187854 0.0308967 0)
(0.0187023 0.0309334 0)
(0.0186482 0.0303962 0)
(0.0186 0.0293844 0)
(0.0185394 0.0279644 0)
(0.0184541 0.0261808 0)
(0.0183375 0.0240621 0)
(0.0181899 0.0216246 0)
(0.0180209 0.0188786 0)
(0.0178558 0.0158379 0)
(0.0177477 0.0125445 0)
(0.0177891 0.00911116 0)
(0.018047 0.00580713 0)
(0.0185231 0.00292048 0)
(0.0190131 0.00064068 0)
(0.0190902 -0.000794714 0)
(0.0075967 -0.0162715 0)
(0.0129807 -0.0030383 0)
(0.0169621 0.00904089 0)
(0.0188766 0.0201671 0)
(0.0183807 0.0260407 0)
(0.0178494 0.0291658 0)
(0.0174723 0.0307668 0)
(0.0172169 0.0314049 0)
(0.0170426 0.031356 0)
(0.0169137 0.0307725 0)
(0.0167971 0.0297464 0)
(0.0166653 0.0283366 0)
(0.0164962 0.0265814 0)
(0.0162722 0.024503 0)
(0.0159805 0.0221101 0)
(0.0156141 0.0193996 0)
(0.0151812 0.0163625 0)
(0.014721 0.0130015 0)
(0.0143426 0.00938919 0)
(0.0141216 0.00586046 0)
(0.0141935 0.00282055 0)
(0.0142946 0.00045837 0)
(0.0141484 -0.000783363 0)
(-0.00387753 -0.0235655 0)
(0.00704926 -0.0116205 0)
(0.0114836 0.000443621 0)
(0.0163844 0.0177281 0)
(0.0168421 0.0253648 0)
(0.0167277 0.0288806 0)
(0.0165028 0.0305026 0)
(0.0162843 0.0310811 0)
(0.0160981 0.0309884 0)
(0.0159393 0.0303977 0)
(0.0157854 0.0294021 0)
(0.0156102 0.0280575 0)
(0.0153885 0.0263987 0)
(0.0150968 0.0244447 0)
(0.014714 0.0221994 0)
(0.0142217 0.0196499 0)
(0.0136132 0.0167643 0)
(0.0129036 0.0134914 0)
(0.0121738 0.00982691 0)
(0.0114272 0.00621384 0)
(0.0109123 0.00296813 0)
(0.00993551 0.000513947 0)
(0.00927243 -0.000221847 0)
(-0.0160163 -0.0356861 0)
(-0.00230092 -0.0511325 0)
(0.018087 -0.071869 0)
(0.0384889 -0.0758639 0)
(-0.0356667 -0.0120748 0)
(-0.0474656 -0.0123482 0)
(-0.0656807 -0.0103646 0)
(-0.0920206 0.00328417 0)
(-0.116957 0.0189575 0)
(-0.13528 0.0218415 0)
(-0.152916 0.0278288 0)
(-0.169065 0.0357373 0)
(-0.177109 0.0579974 0)
(-0.192466 0.0583134 0)
(-0.205938 0.0577374 0)
(-0.216415 0.0561104 0)
(-0.216066 0.0901689 0)
(-0.230552 0.0862842 0)
(-0.242439 0.0803898 0)
(-0.251597 0.0725492 0)
(-0.248214 0.12306 0)
(-0.261866 0.112849 0)
(-0.273159 0.100778 0)
(-0.281858 0.0880319 0)
(-0.280613 0.159247 0)
(-0.291717 0.145457 0)
(-0.298461 0.12694 0)
(-0.303758 0.108063 0)
(-0.304492 0.159381 0)
(-0.312989 0.139832 0)
(-0.317842 0.123061 0)
(-0.3176 0.108898 0)
(-0.276539 0.183339 0)
(-0.291082 0.14269 0)
(-0.297757 0.112951 0)
(-0.305718 0.100925 0)
(-0.239498 0.265456 0)
(-0.22181 0.195292 0)
(-0.212831 0.133663 0)
(-0.239688 0.0962956 0)
(-0.0858713 0.23955 0)
(-0.0914298 0.19929 0)
(-0.104943 0.200912 0)
(-0.124711 0.222762 0)
(0.0150388 0.239861 0)
(0.00427398 0.209843 0)
(-0.011249 0.19812 0)
(-0.0241636 0.203298 0)
(0.0663764 0.247285 0)
(0.0625361 0.230351 0)
(0.0549439 0.218197 0)
(0.0478445 0.211414 0)
(0.0946465 0.246489 0)
(0.0970759 0.237014 0)
(0.0968496 0.226881 0)
(0.0957209 0.216808 0)
(0.108754 0.234649 0)
(0.115934 0.229072 0)
(0.121057 0.221221 0)
(0.124658 0.211523 0)
(0.113298 0.215982 0)
(0.123318 0.212516 0)
(0.131673 0.20646 0)
(0.138472 0.19827 0)
(0.111115 0.193717 0)
(0.122512 0.191425 0)
(0.132472 0.186795 0)
(0.140979 0.180321 0)
(0.10445 0.170093 0)
(0.116167 0.168502 0)
(0.126619 0.164975 0)
(0.135789 0.160061 0)
(0.095092 0.14671 0)
(0.106463 0.145573 0)
(0.116694 0.142863 0)
(0.125778 0.139241 0)
(0.0845491 0.12466 0)
(0.0951238 0.123805 0)
(0.104696 0.121701 0)
(0.11328 0.119063 0)
(0.0739303 0.10455 0)
(0.0835153 0.103878 0)
(0.0921837 0.102194 0)
(0.0999487 0.100292 0)
(0.0641589 0.0866872 0)
(0.072616 0.0861137 0)
(0.0802686 0.0847227 0)
(0.0871498 0.0833476 0)
(0.0557544 0.0711372 0)
(0.0631213 0.0706086 0)
(0.069741 0.0694127 0)
(0.0756363 0.0684147 0)
(0.0491115 0.0578522 0)
(0.0553973 0.0573279 0)
(0.0610279 0.0562587 0)
(0.0660373 0.055518 0)
(0.0442454 0.0466723 0)
(0.0495868 0.0461323 0)
(0.054312 0.0451371 0)
(0.0584329 0.044564 0)
(0.0411351 0.0373651 0)
(0.0455953 0.0367988 0)
(0.0495116 0.0358428 0)
(0.0529137 0.0353779 0)
(0.0394732 0.0296831 0)
(0.0432096 0.0290827 0)
(0.0464301 0.0281481 0)
(0.0491428 0.027749 0)
(0.0390031 0.0233958 0)
(0.0420845 0.0227612 0)
(0.0447136 0.0218325 0)
(0.0469105 0.0214707 0)
(0.0392737 0.0182846 0)
(0.0418438 0.017618 0)
(0.0439842 0.0166864 0)
(0.045689 0.016338 0)
(0.0399682 0.0141293 0)
(0.0420769 0.0134382 0)
(0.043809 0.0124984 0)
(0.0451774 0.0121567 0)
(0.0406657 0.0107496 0)
(0.0424266 0.0100375 0)
(0.0438302 0.00909582 0)
(0.0448666 0.00875636 0)
(0.0411216 0.00800614 0)
(0.042564 0.00728357 0)
(0.0436978 0.00634229 0)
(0.0445274 0.00600531 0)
(0.0410317 0.00578467 0)
(0.0422425 0.00506297 0)
(0.0431638 0.00412829 0)
(0.0437727 0.00378912 0)
(0.0402827 0.00397003 0)
(0.0412731 0.00326482 0)
(0.0420152 0.00234226 0)
(0.0425082 0.00200635 0)
(0.0387262 0.00247975 0)
(0.0395583 0.00180021 0)
(0.0401611 0.0009037 0)
(0.0405108 0.000572744 0)
(0.0363781 0.00126015 0)
(0.03705 0.000619465 0)
(0.0375312 -0.000244382 0)
(0.0378183 -0.000565237 0)
(0.0332068 0.00027841 0)
(0.0337591 -0.000315034 0)
(0.0341417 -0.00113749 0)
(0.0343261 -0.00144964 0)
(0.0293152 -0.000502087 0)
(0.0297325 -0.00103832 0)
(0.0300133 -0.00181557 0)
(0.0301571 -0.00211 0)
(0.0247642 -0.00108852 0)
(0.0250627 -0.00156783 0)
(0.0252487 -0.00228805 0)
(0.0252974 -0.0025592 0)
(0.0197354 -0.00147482 0)
(0.0198744 -0.00190944 0)
(0.0199335 -0.00257077 0)
(0.0199027 -0.00278646 0)
(0.0143071 -0.00135979 0)
(0.0142655 -0.00185396 0)
(0.0141319 -0.0024804 0)
(0.0138898 -0.00258411 0)
(0.00877256 -0.000480714 0)
(0.00827335 -0.000870401 0)
(0.00702605 -0.0012299 0)
(0.00651552 -0.00117972 0)
(0.0198889 -0.0452536 0)
(-0.0466334 0.0608553 0)
(-0.0656163 -0.0141493 0)
(-0.0759475 -0.0383302 0)
(-0.0823369 -0.010987 0)
(-0.0749388 -0.0347896 0)
(-0.0675315 -0.0640549 0)
(-0.0622842 -0.0699065 0)
(-0.0503889 -0.0414418 0)
(-0.0262668 -0.0379996 0)
(-0.00394343 -0.0394518 0)
(0.0152863 -0.0384105 0)
(0.0313001 -0.0300119 0)
(0.0459229 -0.0141513 0)
(0.0595081 0.00576723 0)
(0.0713856 0.032654 0)
(0.0788205 0.074318 0)
(0.0652121 0.125039 0)
(0.040115 0.195513 0)
(-0.13065 0.0285627 0)
(-0.13485 0.0600511 0)
(-0.121269 -0.00657072 0)
(-0.126299 -0.0257809 0)
(-0.12493 -0.0141164 0)
(-0.11488 -0.0378243 0)
(-0.116892 -0.0666929 0)
(-0.118884 -0.0767395 0)
(-0.104557 -0.0620881 0)
(-0.079041 -0.0605774 0)
(-0.0547016 -0.0602093 0)
(-0.0333041 -0.0562593 0)
(-0.0149014 -0.0460899 0)
(0.00173101 -0.0277496 0)
(0.0158511 -0.00539723 0)
(0.0271556 0.023986 0)
(0.0335934 0.0746318 0)
(0.0248537 0.149446 0)
(0.0131468 0.225526 0)
(-0.187045 0.0438699 0)
(-0.182608 0.0397555 0)
(-0.174172 -0.00383857 0)
(-0.18075 -0.0228551 0)
(-0.179009 -0.0249156 0)
(-0.169516 -0.0420916 0)
(-0.164217 -0.065231 0)
(-0.159989 -0.0828901 0)
(-0.147556 -0.0799943 0)
(-0.126384 -0.0801661 0)
(-0.105648 -0.0781066 0)
(-0.0867199 -0.0715547 0)
(-0.0701642 -0.0598503 0)
(-0.0551774 -0.0401742 0)
(-0.0423165 -0.015723 0)
(-0.0339537 0.016631 0)
(-0.0308399 0.0748663 0)
(-0.0286559 0.16089 0)
(-0.014081 0.224418 0)
(-0.227082 0.0500786 0)
(-0.228207 0.0316047 0)
(-0.22902 -0.000114296 0)
(-0.23413 -0.0202566 0)
(-0.23181 -0.03255 0)
(-0.22301 -0.0497977 0)
(-0.21475 -0.0690843 0)
(-0.205992 -0.088972 0)
(-0.196303 -0.0949724 0)
(-0.180869 -0.0975639 0)
(-0.164811 -0.0954869 0)
(-0.149612 -0.0881166 0)
(-0.135122 -0.0750471 0)
(-0.121064 -0.0541602 0)
(-0.107295 -0.0266042 0)
(-0.0950536 0.0104338 0)
(-0.081456 0.0677633 0)
(-0.0587262 0.141248 0)
(-0.0253762 0.193139 0)
(-0.262138 0.0584566 0)
(-0.268609 0.0331635 0)
(-0.273372 0.0042852 0)
(-0.277407 -0.0186358 0)
(-0.276395 -0.0370478 0)
(-0.27095 -0.0573183 0)
(-0.264679 -0.0775621 0)
(-0.2577 -0.0956778 0)
(-0.24878 -0.10649 0)
(-0.236856 -0.111143 0)
(-0.222968 -0.109316 0)
(-0.207975 -0.101687 0)
(-0.19221 -0.0881049 0)
(-0.175594 -0.0676481 0)
(-0.157798 -0.0402759 0)
(-0.138075 -0.00388468 0)
(-0.112373 0.0455562 0)
(-0.0765686 0.103684 0)
(-0.03325 0.14888 0)
(-0.292132 0.0685857 0)
(-0.301326 0.0389811 0)
(-0.307745 0.00889182 0)
(-0.311751 -0.0168843 0)
(-0.3123 -0.0391976 0)
(-0.309592 -0.0617315 0)
(-0.304761 -0.0835366 0)
(-0.298521 -0.101904 0)
(-0.290163 -0.114667 0)
(-0.279263 -0.121292 0)
(-0.266054 -0.121404 0)
(-0.25053 -0.115342 0)
(-0.233054 -0.103173 0)
(-0.213472 -0.0846568 0)
(-0.191222 -0.0598034 0)
(-0.164849 -0.0278208 0)
(-0.130432 0.0128475 0)
(-0.0863026 0.0586647 0)
(-0.0383613 0.0984274 0)
(-0.312129 0.082917 0)
(-0.323848 0.0492036 0)
(-0.33213 0.0154198 0)
(-0.336556 -0.0137656 0)
(-0.33849 -0.0388824 0)
(-0.338145 -0.0640085 0)
(-0.33471 -0.0881446 0)
(-0.328808 -0.108234 0)
(-0.320799 -0.122974 0)
(-0.31004 -0.131921 0)
(-0.296232 -0.134447 0)
(-0.279427 -0.130666 0)
(-0.259727 -0.120708 0)
(-0.236994 -0.104858 0)
(-0.210641 -0.0835353 0)
(-0.179302 -0.056952 0)
(-0.140361 -0.0257873 0)
(-0.0920374 0.0104529 0)
(-0.0421783 0.0470029 0)
(-0.322188 0.0886381 0)
(-0.335469 0.056308 0)
(-0.345863 0.0208083 0)
(-0.35064 -0.0101132 0)
(-0.353901 -0.0359903 0)
(-0.356075 -0.0644252 0)
(-0.354024 -0.0924432 0)
(-0.34849 -0.115195 0)
(-0.340763 -0.132487 0)
(-0.329728 -0.144319 0)
(-0.315021 -0.149693 0)
(-0.29672 -0.148765 0)
(-0.274903 -0.141689 0)
(-0.249427 -0.1291 0)
(-0.219766 -0.111763 0)
(-0.185321 -0.0903662 0)
(-0.14459 -0.0671569 0)
(-0.0957999 -0.0423951 0)
(-0.0486394 -0.0136586 0)
(-0.31673 0.0920134 0)
(-0.332394 0.0605531 0)
(-0.343663 0.0219386 0)
(-0.34998 -0.00969848 0)
(-0.357536 -0.0350577 0)
(-0.362451 -0.0654656 0)
(-0.361422 -0.0955079 0)
(-0.356433 -0.119436 0)
(-0.349932 -0.139866 0)
(-0.338987 -0.156582 0)
(-0.323551 -0.166964 0)
(-0.304415 -0.170597 0)
(-0.281114 -0.167852 0)
(-0.25367 -0.159648 0)
(-0.221593 -0.147248 0)
(-0.18447 -0.131317 0)
(-0.141137 -0.114055 0)
(-0.09187 -0.0973194 0)
(-0.0524149 -0.0842216 0)
(-0.283999 0.087924 0)
(-0.30477 0.0604394 0)
(-0.316457 0.019627 0)
(-0.329809 -0.00904563 0)
(-0.351457 -0.0304383 0)
(-0.358461 -0.0638003 0)
(-0.357011 -0.0980537 0)
(-0.353025 -0.122707 0)
(-0.347258 -0.144654 0)
(-0.337936 -0.162538 0)
(-0.323969 -0.175118 0)
(-0.304599 -0.181739 0)
(-0.281009 -0.182379 0)
(-0.25276 -0.178314 0)
(-0.219797 -0.170377 0)
(-0.180949 -0.156624 0)
(-0.137964 -0.143162 0)
(-0.0882926 -0.133093 0)
(-0.0550838 -0.132291 0)
(-0.151387 0.218963 0)
(-0.184346 0.148049 0)
(-0.238157 0.056174 0)
(-0.273601 0.0249381 0)
(-0.300014 0.00115122 0)
(-0.31714 -0.0706809 0)
(-0.33097 -0.100387 0)
(-0.333478 -0.121766 0)
(-0.333981 -0.144262 0)
(-0.329675 -0.167839 0)
(-0.31943 -0.183893 0)
(-0.302909 -0.193723 0)
(-0.280054 -0.197052 0)
(-0.252333 -0.194756 0)
(-0.219074 -0.189219 0)
(-0.181454 -0.181362 0)
(-0.139574 -0.171021 0)
(-0.0871651 -0.159344 0)
(-0.0676285 -0.175035 0)
(-0.0383269 0.200641 0)
(-0.0517136 0.154698 0)
(-0.0790935 0.105354 0)
(-0.108273 0.0601138 0)
(-0.127267 0.0358335 0)
(-0.152384 -0.0283425 0)
(-0.175862 -0.0899936 0)
(-0.195993 -0.122016 0)
(-0.226253 -0.157605 0)
(-0.272055 -0.174841 0)
(-0.295591 -0.196889 0)
(-0.291008 -0.202906 0)
(-0.273067 -0.207212 0)
(-0.247646 -0.211324 0)
(-0.218525 -0.213151 0)
(-0.186196 -0.205655 0)
(-0.153317 -0.19458 0)
(-0.100262 -0.205227 0)
(-0.121631 -0.26853 0)
(0.0384578 0.202514 0)
(0.0396137 0.164331 0)
(0.0263587 0.113081 0)
(0.00530167 0.0775986 0)
(-0.0120682 0.0340095 0)
(-0.0295742 -0.0150493 0)
(-0.0568326 -0.0618837 0)
(-0.0812662 -0.0938857 0)
(-0.0959951 -0.0965741 0)
(-0.117862 -0.156469 0)
(-0.129873 -0.200759 0)
(-0.149987 -0.258282 0)
(-0.161913 -0.292265 0)
(-0.151535 -0.306717 0)
(-0.13238 -0.316315 0)
(-0.10454 -0.311769 0)
(-0.0780051 -0.317621 0)
(-0.0484553 -0.287022 0)
(-0.00962899 -0.372971 0)
(0.0923 0.200979 0)
(0.101843 0.165735 0)
(0.0972657 0.124831 0)
(0.0859181 0.086175 0)
(0.0740038 0.0481593 0)
(0.0572775 0.00493076 0)
(0.033085 -0.0364538 0)
(0.00637729 -0.0705628 0)
(3.58972e-05 -0.107037 0)
(-0.000787834 -0.128642 0)
(-0.00812652 -0.172671 0)
(-0.027755 -0.202927 0)
(-0.0538174 -0.234812 0)
(-0.0576539 -0.272693 0)
(-0.050662 -0.287578 0)
(-0.0374113 -0.289925 0)
(-0.0232535 -0.26608 0)
(-0.00555057 -0.286304 0)
(0.0242648 -0.341247 0)
(0.126608 0.195268 0)
(0.140535 0.1638 0)
(0.143562 0.128396 0)
(0.140179 0.0938005 0)
(0.133649 0.0578562 0)
(0.122896 0.0202766 0)
(0.106146 -0.0168392 0)
(0.0884488 -0.0541207 0)
(0.0761877 -0.0961727 0)
(0.0716376 -0.132841 0)
(0.0669892 -0.15759 0)
(0.0512484 -0.177834 0)
(0.0289978 -0.212381 0)
(0.0120799 -0.261504 0)
(0.00345298 -0.285124 0)
(0.000249269 -0.282699 0)
(0.0039257 -0.277428 0)
(0.0124396 -0.290842 0)
(0.021693 -0.325972 0)
(0.144592 0.183651 0)
(0.162169 0.156678 0)
(0.170536 0.126717 0)
(0.173165 0.0957296 0)
(0.172211 0.0634146 0)
(0.167238 0.0296038 0)
(0.159507 -0.00567637 0)
(0.148643 -0.0443601 0)
(0.136641 -0.0887686 0)
(0.125692 -0.122761 0)
(0.113909 -0.145781 0)
(0.101949 -0.163825 0)
(0.089714 -0.196393 0)
(0.07083 -0.243185 0)
(0.0478946 -0.271026 0)
(0.0313936 -0.277421 0)
(0.024917 -0.277022 0)
(0.0218825 -0.291396 0)
(0.0185036 -0.312352 0)
(0.149798 0.168252 0)
(0.170151 0.145534 0)
(0.182272 0.119961 0)
(0.189284 0.0926608 0)
(0.192759 0.0636578 0)
(0.192952 0.032779 0)
(0.190055 3.99908e-05 0)
(0.184953 -0.0367037 0)
(0.175254 -0.0766977 0)
(0.161103 -0.112294 0)
(0.14695 -0.13555 0)
(0.135219 -0.157133 0)
(0.124039 -0.186767 0)
(0.106882 -0.223503 0)
(0.0838001 -0.250812 0)
(0.0623143 -0.264428 0)
(0.046789 -0.271542 0)
(0.0334322 -0.282898 0)
(0.0201744 -0.294461 0)
(0.145902 0.150712 0)
(0.167926 0.131862 0)
(0.182417 0.110073 0)
(0.19232 0.0861452 0)
(0.19893 0.0601907 0)
(0.202368 0.0321292 0)
(0.202918 0.00166862 0)
(0.199958 -0.0312423 0)
(0.192456 -0.0666326 0)
(0.180394 -0.0981639 0)
(0.166753 -0.123929 0)
(0.154663 -0.147768 0)
(0.142514 -0.175243 0)
(0.125784 -0.205373 0)
(0.103906 -0.230355 0)
(0.0813523 -0.246411 0)
(0.061114 -0.25644 0)
(0.0415792 -0.265451 0)
(0.0220835 -0.270113 0)
(0.136139 0.132337 0)
(0.158691 0.116878 0)
(0.174348 0.0983736 0)
(0.185882 0.0775313 0)
(0.194372 0.0544686 0)
(0.199788 0.0291981 0)
(0.202114 0.00170719 0)
(0.200965 -0.0279789 0)
(0.19541 -0.0584962 0)
(0.185688 -0.0874013 0)
(0.173996 -0.112806 0)
(0.162066 -0.136804 0)
(0.149041 -0.162053 0)
(0.132458 -0.187957 0)
(0.111837 -0.210173 0)
(0.0893477 -0.2261 0)
(0.0668549 -0.236497 0)
(0.0441556 -0.243296 0)
(0.0213308 -0.242871 0)
(0.123089 0.114173 0)
(0.145229 0.101565 0)
(0.161059 0.0859048 0)
(0.173215 0.0678506 0)
(0.182596 0.0475206 0)
(0.189041 0.0250284 0)
(0.192431 0.000533871 0)
(0.192419 -0.0256345 0)
(0.188548 -0.0525711 0)
(0.181039 -0.0784979 0)
(0.171107 -0.102564 0)
(0.159791 -0.125568 0)
(0.146671 -0.148615 0)
(0.130446 -0.171106 0)
(0.11079 -0.19065 0)
(0.0888041 -0.205393 0)
(0.0657091 -0.215022 0)
(0.0421326 -0.219813 0)
(0.0183028 -0.21628 0)
(0.108803 0.0969719 0)
(0.129788 0.0866933 0)
(0.145048 0.0734605 0)
(0.157069 0.057886 0)
(0.166603 0.0400842 0)
(0.173414 0.0202335 0)
(0.177335 -0.00140234 0)
(0.178124 -0.0244399 0)
(0.175501 -0.0480845 0)
(0.169629 -0.0713131 0)
(0.161183 -0.0934765 0)
(0.150716 -0.114775 0)
(0.138027 -0.135521 0)
(0.122466 -0.155156 0)
(0.103864 -0.172169 0)
(0.0828277 -0.185199 0)
(0.0602699 -0.193573 0)
(0.0373798 -0.196854 0)
(0.0143055 -0.192678 0)
(0.0947297 0.0812184 0)
(0.114111 0.072804 0)
(0.128288 0.0616126 0)
(0.139643 0.0482052 0)
(0.148814 0.0326856 0)
(0.155522 0.0152662 0)
(0.159591 -0.00375847 0)
(0.160852 -0.0239873 0)
(0.159095 -0.0447821 0)
(0.154416 -0.0654261 0)
(0.147163 -0.0854231 0)
(0.137614 -0.104665 0)
(0.125679 -0.123076 0)
(0.111053 -0.140116 0)
(0.0936956 -0.154757 0)
(0.0740162 -0.165991 0)
(0.0528531 -0.173111 0)
(0.0316034 -0.175668 0)
(0.0105692 -0.173023 0)
(0.081931 0.0671696 0)
(0.0994272 0.0602282 0)
(0.112224 0.0507307 0)
(0.122583 0.0391864 0)
(0.13106 0.0256823 0)
(0.137356 0.0104409 0)
(0.141309 -0.00624697 0)
(0.142769 -0.0239837 0)
(0.141569 -0.0422406 0)
(0.137739 -0.0604776 0)
(0.131443 -0.0782671 0)
(0.122813 -0.0953592 0)
(0.111814 -0.111497 0)
(0.0983328 -0.126183 0)
(0.082424 -0.138676 0)
(0.0644558 -0.148246 0)
(0.0452023 -0.154361 0)
(0.0261756 -0.156891 0)
(0.00792927 -0.157153 0)
(0.0709856 0.0549129 0)
(0.0865418 0.0491241 0)
(0.097821 0.0410164 0)
(0.107015 0.0310507 0)
(0.11461 0.0192938 0)
(0.12031 0.005964 0)
(0.123969 -0.00866623 0)
(0.125438 -0.0242072 0)
(0.124569 -0.0402123 0)
(0.121348 -0.056241 0)
(0.115838 -0.0719101 0)
(0.1081 -0.0869127 0)
(0.0981316 -0.100928 0)
(0.0859293 -0.113515 0)
(0.07162 -0.124133 0)
(0.0555572 -0.13229 0)
(0.0385214 -0.137708 0)
(0.0218682 -0.140702 0)
(0.0065008 -0.144187 0)
(0.0622204 0.0444091 0)
(0.0758502 0.0395164 0)
(0.0856128 0.0325399 0)
(0.0935948 0.0238956 0)
(0.100237 0.0136315 0)
(0.105255 0.00195252 0)
(0.108524 -0.0108869 0)
(0.109876 -0.024508 0)
(0.109187 -0.038525 0)
(0.106414 -0.0525626 0)
(0.10157 -0.066273 0)
(0.0946834 -0.07934 0)
(0.0857769 -0.0914391 0)
(0.0749086 -0.102199 0)
(0.062249 -0.111233 0)
(0.048157 -0.118256 0)
(0.0333133 -0.123237 0)
(0.0189286 -0.126883 0)
(0.00607027 -0.133093 0)
(0.0556054 0.0355331 0)
(0.0674528 0.0313366 0)
(0.0757774 0.0252758 0)
(0.0825866 0.0177285 0)
(0.0882839 0.00872532 0)
(0.0926053 -0.00155149 0)
(0.0954421 -0.0128407 0)
(0.0966109 -0.0247925 0)
(0.0960083 -0.0370683 0)
(0.0935798 -0.0493391 0)
(0.0893137 -0.0612904 0)
(0.0832261 -0.0726225 0)
(0.0753568 -0.0830378 0)
(0.0657966 -0.0922366 0)
(0.0547324 -0.0999589 0)
(0.0424844 -0.10608 0)
(0.0296613 -0.110767 0)
(0.0171708 -0.114969 0)
(0.0061491 -0.123015 0)
(0.0509834 0.0281158 0)
(0.0611904 0.0244605 0)
(0.0682133 0.0191384 0)
(0.0739431 0.0124963 0)
(0.0787555 0.00454879 0)
(0.0824212 -0.00454185 0)
(0.0848109 -0.0144993 0)
(0.0857688 -0.0250098 0)
(0.0851983 -0.035773 0)
(0.083042 -0.0464972 0)
(0.0792791 -0.0569 0)
(0.0739216 -0.0667107 0)
(0.0670169 -0.0756707 0)
(0.0586649 -0.0835469 0)
(0.0490421 -0.0901764 0)
(0.0384256 -0.0955511 0)
(0.0272614 -0.0999556 0)
(0.0162548 -0.10444 0)
(0.00649212 -0.113379 0)
(0.0479805 0.0219718 0)
(0.0567552 0.0187375 0)
(0.0626257 0.0140102 0)
(0.0673934 0.00811191 0)
(0.0714103 0.00104047 0)
(0.0744711 -0.00704226 0)
(0.0764357 -0.0158616 0)
(0.0771767 -0.025135 0)
(0.0766051 -0.0345934 0)
(0.0746652 -0.0439768 0)
(0.0713332 -0.0530339 0)
(0.0666186 -0.061526 0)
(0.060567 -0.0692348 0)
(0.0532718 -0.0759827 0)
(0.0448814 -0.0816761 0)
(0.0355948 -0.0863768 0)
(0.0257553 -0.0904208 0)
(0.0158072 -0.0948381 0)
(0.00680595 -0.103896 0)
(0.0462244 0.0169171 0)
(0.0537232 0.0140103 0)
(0.0586016 0.00976299 0)
(0.062533 0.00447448 0)
(0.0658552 -0.00187019 0)
(0.0683655 -0.00909493 0)
(0.0699392 -0.0169426 0)
(0.0704686 -0.025157 0)
(0.0698734 -0.0334945 0)
(0.0681009 -0.0417218 0)
(0.0651265 -0.0496158 0)
(0.0609552 -0.056968 0)
(0.0556248 -0.0635956 0)
(0.04921 -0.0693627 0)
(0.0418209 -0.0742194 0)
(0.0335955 -0.0782607 0)
(0.0247325 -0.0818206 0)
(0.0155572 -0.0858525 0)
(0.00708343 -0.0944497 0)
(0.0452446 0.0127763 0)
(0.0516544 0.010128 0)
(0.0556846 0.00627025 0)
(0.0589011 0.00148134 0)
(0.0616185 -0.00425061 0)
(0.0636372 -0.0107441 0)
(0.0648579 -0.0177628 0)
(0.065186 -0.0250711 0)
(0.0645496 -0.0324464 0)
(0.0628998 -0.0396776 0)
(0.0602107 -0.0465656 0)
(0.0564814 -0.0529278 0)
(0.0517376 -0.0586093 0)
(0.0460318 -0.0635029 0)
(0.0394356 -0.067582 0)
(0.0320164 -0.070948 0)
(0.023911 -0.0739045 0)
(0.0152942 -0.0772953 0)
(0.00716484 -0.0850578 0)
(0.0446585 0.00939492 0)
(0.0501092 0.0069547 0)
(0.0534258 0.00341589 0)
(0.0560398 -0.000958351 0)
(0.0582272 -0.00616572 0)
(0.0598144 -0.0120342 0)
(0.0607183 -0.0183436 0)
(0.0608567 -0.024875 0)
(0.0601652 -0.0314224 0)
(0.0585981 -0.0377927 0)
(0.0561281 -0.0438063 0)
(0.0527478 -0.0493011 0)
(0.0484698 -0.0541426 0)
(0.0433242 -0.0582413 0)
(0.0373484 -0.06158 0)
(0.0305713 -0.0642506 0)
(0.0230415 -0.0665112 0)
(0.014907 -0.069098 0)
(0.00714802 -0.0758077 0)
(0.044069 0.00664088 0)
(0.0487134 0.00437173 0)
(0.0514288 0.00109708 0)
(0.053529 -0.00292117 0)
(0.0552574 -0.00767592 0)
(0.0564675 -0.0130068 0)
(0.0570887 -0.0187063 0)
(0.0570496 -0.0245683 0)
(0.0562926 -0.0303999 0)
(0.0547748 -0.0360221 0)
(0.052468 -0.0412704 0)
(0.0493586 -0.0459981 0)
(0.0454477 -0.0500848 0)
(0.040748 -0.0534511 0)
(0.0352721 -0.0560804 0)
(0.0290084 -0.0580472 0)
(0.021994 -0.0595622 0)
(0.0143023 -0.0612604 0)
(0.0068839 -0.0668417 0)
(0.0432177 0.0044021 0)
(0.0471484 0.00227628 0)
(0.0493622 -0.000768667 0)
(0.0510221 -0.00447359 0)
(0.0523562 -0.00883465 0)
(0.0532379 -0.0136995 0)
(0.0536081 -0.018871 0)
(0.0534046 -0.0241527 0)
(0.0525759 -0.0293615 0)
(0.0510821 -0.0343295 0)
(0.0488943 -0.0389034 0)
(0.0459951 -0.0429481 0)
(0.0423776 -0.0463528 0)
(0.0380424 -0.0490432 0)
(0.0329869 -0.0509992 0)
(0.0271913 -0.0522758 0)
(0.0206483 -0.0530376 0)
(0.013451 -0.0538364 0)
(0.0064982 -0.0583107 0)
(0.041861 0.00258128 0)
(0.0451864 0.000584715 0)
(0.0469702 -0.00225043 0)
(0.0482567 -0.00567552 0)
(0.0492523 -0.0096897 0)
(0.049849 -0.0141468 0)
(0.0499975 -0.0188575 0)
(0.0496439 -0.0236323 0)
(0.0487421 -0.0282957 0)
(0.047255 -0.0326879 0)
(0.0451541 -0.0366646 0)
(0.0424203 -0.0400994 0)
(0.0390435 -0.0428888 0)
(0.0350208 -0.0449621 0)
(0.0303462 -0.0462945 0)
(0.0249899 -0.0469214 0)
(0.0189661 -0.0469645 0)
(0.0123154 -0.0469065 0)
(0.00583847 -0.0503959 0)
(0.0398852 0.00110337 0)
(0.0426601 -0.00076851 0)
(0.0440784 -0.00340673 0)
(0.0450487 -0.00657803 0)
(0.0457533 -0.0102826 0)
(0.0461032 -0.0143799 0)
(0.0460581 -0.0186854 0)
(0.0455709 -0.0230146 0)
(0.0446002 -0.0271971 0)
(0.0431112 -0.0310796 0)
(0.0410762 -0.0345252 0)
(0.0384766 -0.0374155 0)
(0.0353038 -0.0396546 0)
(0.0315588 -0.041177 0)
(0.0272451 -0.0419549 0)
(0.0223575 -0.0420058 0)
(0.016896 -0.041408 0)
(0.0109186 -0.040585 0)
(0.00510679 -0.0432998 0)
(0.0371862 -8.56258e-05 0)
(0.039481 -0.00183465 0)
(0.0405829 -0.00428636 0)
(0.0412823 -0.00722356 0)
(0.0417352 -0.0106493 0)
(0.0418718 -0.0144273 0)
(0.0416605 -0.0183755 0)
(0.0410603 -0.0223112 0)
(0.0400326 -0.0260675 0)
(0.0385438 -0.029496 0)
(0.0365664 -0.0324672 0)
(0.0340829 -0.0348715 0)
(0.031089 -0.0366243 0)
(0.0275979 -0.0376703 0)
(0.0236369 -0.0379865 0)
(0.0192303 -0.0375754 0)
(0.0144408 -0.0364644 0)
(0.00925335 -0.0350063 0)
(0.00418653 -0.0371871 0)
(0.0337656 -0.00102214 0)
(0.0356038 -0.00265355 0)
(0.0364316 -0.00492754 0)
(0.0368956 -0.00764539 0)
(0.0371274 -0.0108187 0)
(0.0370799 -0.0143148 0)
(0.0367313 -0.0179496 0)
(0.0360452 -0.0215389 0)
(0.034984 -0.0249169 0)
(0.0335128 -0.0279394 0)
(0.0316028 -0.0304841 0)
(0.029236 -0.0324531 0)
(0.0264125 -0.0337783 0)
(0.0231593 -0.0344264 0)
(0.0195382 -0.0343935 0)
(0.0156437 -0.0336781 0)
(0.011575 -0.0322444 0)
(0.00732321 -0.0303189 0)
(0.00326438 -0.0321338 0)
(0.029618 -0.00172881 0)
(0.0310335 -0.00325373 0)
(0.0316147 -0.00535862 0)
(0.0318659 -0.00786643 0)
(0.0318968 -0.0108115 0)
(0.031691 -0.0140647 0)
(0.0312382 -0.0174313 0)
(0.0305041 -0.0207208 0)
(0.029449 -0.0237658 0)
(0.0280351 -0.0264254 0)
(0.0262298 -0.0285846 0)
(0.0240119 -0.0301594 0)
(0.0213812 -0.0311058 0)
(0.0183771 -0.0314271 0)
(0.0150973 -0.0311639 0)
(0.0116987 -0.0303347 0)
(0.00840292 -0.0288331 0)
(0.00510455 -0.0267079 0)
(0.00213331 -0.0283877 0)
(0.0248084 -0.00221349 0)
(0.02579 -0.00365954 0)
(0.0261445 -0.00560678 0)
(0.0261926 -0.00790625 0)
(0.026032 -0.010649 0)
(0.0256931 -0.0137057 0)
(0.0251784 -0.0168574 0)
(0.0244495 -0.0198988 0)
(0.0234619 -0.0226596 0)
(0.0221734 -0.025001 0)
(0.0205472 -0.0268153 0)
(0.0185563 -0.0280328 0)
(0.0161953 -0.0286388 0)
(0.0135036 -0.0286899 0)
(0.0106028 -0.0283005 0)
(0.00773012 -0.0275433 0)
(0.00515749 -0.0262649 0)
(0.00278618 -0.0243019 0)
(0.00116005 -0.0262893 0)
(0.0193443 -0.00243659 0)
(0.019888 -0.00386617 0)
(0.0200251 -0.00568537 0)
(0.0198651 -0.00779743 0)
(0.0195225 -0.0103925 0)
(0.0190875 -0.01333 0)
(0.018571 -0.0163436 0)
(0.0179212 -0.0192087 0)
(0.0170856 -0.0217524 0)
(0.0160202 -0.0238398 0)
(0.014687 -0.025369 0)
(0.0130546 -0.026283 0)
(0.0111066 -0.0265958 0)
(0.00886745 -0.0264248 0)
(0.00645387 -0.0259791 0)
(0.00411429 -0.0254161 0)
(0.00223607 -0.0245431 0)
(0.000612588 -0.0228786 0)
(0.000786826 -0.0252724 0)
(0.0131626 -0.00219425 0)
(0.0131944 -0.00371016 0)
(0.013112 -0.0054481 0)
(0.0127445 -0.00737683 0)
(0.0122938 -0.00990205 0)
(0.0118549 -0.0128129 0)
(0.0114341 -0.0157663 0)
(0.0109616 -0.0185234 0)
(0.010383 -0.0209168 0)
(0.00965999 -0.022818 0)
(0.00876223 -0.0241303 0)
(0.00766137 -0.0248032 0)
(0.00633276 -0.0248697 0)
(0.00477185 -0.0244936 0)
(0.00304143 -0.023966 0)
(0.00134732 -0.0235075 0)
(3.0034e-05 -0.0228668 0)
(-0.0014077 -0.0213357 0)
(0.00124543 -0.0223515 0)
(0.00571308 -0.00153417 0)
(0.00531114 -0.00364834 0)
(0.00506977 -0.00524381 0)
(0.0046425 -0.00698872 0)
(0.00432993 -0.00958162 0)
(0.00408412 -0.0125931 0)
(0.00389743 -0.015577 0)
(0.00371258 -0.018298 0)
(0.00349763 -0.0206166 0)
(0.00323421 -0.0224201 0)
(0.00290969 -0.023618 0)
(0.00251192 -0.0241614 0)
(0.00202695 -0.0240904 0)
(0.00144341 -0.0236081 0)
(0.000775344 -0.0231174 0)
(0.000114914 -0.0230228 0)
(-0.000247577 -0.0235015 0)
(-0.00141405 -0.0270432 0)
(0.00975123 -0.0244789 0)
)
;

boundaryField
{
    leftWall
    {
        type            noSlip;
    }
    rightWall
    {
        type            noSlip;
    }
    lowerWall
    {
        type            noSlip;
    }
    atmosphere
    {
        type            pressureInletOutletVelocity;
        value           nonuniform List<vector> 
46
(
(0 -0.0235655 0)
(0 -0.0116205 0)
(0 0.000443621 0)
(0.0163844 0.0177281 0)
(0.0168421 0.0253648 0)
(0.0167277 0.0288806 0)
(0.0165028 0.0305026 0)
(0.0162843 0.0310811 0)
(0.0160981 0.0309884 0)
(0.0159393 0.0303977 0)
(0.0157854 0.0294021 0)
(0.0156102 0.0280575 0)
(0.0153885 0.0263987 0)
(0.0150968 0.0244447 0)
(0.014714 0.0221994 0)
(0.0142217 0.0196499 0)
(0.0136132 0.0167643 0)
(0.0129036 0.0134914 0)
(0.0121738 0.00982691 0)
(0.0114272 0.00621384 0)
(0.0109123 0.00296813 0)
(0.00993551 0.000513947 0)
(0.00927243 -0.000221847 0)
(0.00877256 -0.000480714 0)
(0 -0.000870401 0)
(0 -0.0012299 0)
(0 -0.00117972 0)
(0 -0.00153417 0)
(0 -0.00364834 0)
(0 -0.00524381 0)
(0 -0.00698872 0)
(0 -0.00958162 0)
(0 -0.0125931 0)
(0 -0.015577 0)
(0 -0.018298 0)
(0 -0.0206166 0)
(0 -0.0224201 0)
(0 -0.023618 0)
(0 -0.0241614 0)
(0 -0.0240904 0)
(0 -0.0236081 0)
(0 -0.0231174 0)
(0 -0.0230228 0)
(0 -0.0235015 0)
(0 -0.0270432 0)
(0 -0.0244789 0)
)
;
    }
    defaultFaces
    {
        type            empty;
    }
}


// ************************************************************************* //
