/*--------------------------------*- C++ -*----------------------------------*\
  =========                 |
  \\      /  F ield         | OpenFOAM: The Open Source CFD Toolbox
   \\    /   O peration     | Website:  https://openfoam.org
    \\  /    A nd           | Version:  13
     \\/     M anipulation  |
\*---------------------------------------------------------------------------*/
FoamFile
{
    format      ascii;
    class       volVectorField;
    location    "1.55";
    object      U;
}
// * * * * * * * * * * * * * * * * * * * * * * * * * * * * * * * * * * * * * //

dimensions      [0 1 -1 0 0 0 0];

internalField   nonuniform List<vector> 
2268
(
(-0.012619 0.0044903 0)
(-0.0164591 -0.000482174 0)
(-0.0103692 -0.0028192 0)
(-0.00520393 -0.00241555 0)
(-0.0012576 -0.0017426 0)
(0.00135309 -0.00131835 0)
(0.0032971 -0.00120082 0)
(0.00503187 -0.00126855 0)
(0.0068379 -0.00142227 0)
(0.00889187 -0.00161351 0)
(0.0112755 -0.00177035 0)
(0.0138652 -0.00180886 0)
(0.0164992 -0.00176825 0)
(0.0191719 -0.00165431 0)
(0.0217648 -0.00131615 0)
(0.023704 -0.000508391 0)
(0.0234908 0.00106714 0)
(0.019467 0.00319005 0)
(0.0104852 0.00576877 0)
(-0.00451917 0.00855021 0)
(-0.0252372 0.00985337 0)
(-0.0461977 0.00342984 0)
(-0.031868 -0.0151182 0)
(-0.00521786 0.00915792 0)
(-0.00208807 -0.00112621 0)
(0.00259397 -0.00361511 0)
(0.00602415 -0.0031218 0)
(0.00873936 -0.00216503 0)
(0.0105903 -0.00144581 0)
(0.0118424 -0.00110298 0)
(0.0127425 -0.0010239 0)
(0.0134655 -0.00109657 0)
(0.0141609 -0.0012794 0)
(0.0149467 -0.00147967 0)
(0.0157656 -0.00154896 0)
(0.0165264 -0.0015763 0)
(0.0173379 -0.00162398 0)
(0.0183055 -0.00146786 0)
(0.0192177 -0.000620447 0)
(0.0190558 0.00145785 0)
(0.0166564 0.00443077 0)
(0.0112964 0.00808478 0)
(0.0022465 0.0117684 0)
(-0.00911344 0.0127061 0)
(-0.0226833 0.0039287 0)
(-0.014237 -0.0266433 0)
(0.00359868 0.00869053 0)
(0.00725092 -0.00311869 0)
(0.0105157 -0.00516787 0)
(0.0127444 -0.004426 0)
(0.014699 -0.0031581 0)
(0.0161092 -0.002141 0)
(0.0169993 -0.00155956 0)
(0.0174661 -0.00131066 0)
(0.017605 -0.00126997 0)
(0.0175282 -0.00139762 0)
(0.017347 -0.00156997 0)
(0.0170249 -0.00155987 0)
(0.0165013 -0.0015339 0)
(0.0159461 -0.00162039 0)
(0.0156082 -0.00154446 0)
(0.0155392 -0.000607914 0)
(0.0150768 0.00196566 0)
(0.0135233 0.00572742 0)
(0.0106003 0.0104165 0)
(0.00570368 0.0151431 0)
(9.26593e-05 0.0161863 0)
(-0.00825864 0.0055869 0)
(-0.00114593 -0.0314413 0)
(0.0123649 0.0044058 0)
(0.0136365 -0.00485091 0)
(0.0159095 -0.00625277 0)
(0.0173675 -0.00538896 0)
(0.0188686 -0.00396051 0)
(0.020028 -0.00271782 0)
(0.0207189 -0.0019041 0)
(0.0209435 -0.00144854 0)
(0.0207417 -0.00122884 0)
(0.0201894 -0.00121133 0)
(0.0193646 -0.00126071 0)
(0.0182135 -0.00110607 0)
(0.016697 -0.00097094 0)
(0.0150336 -0.00109284 0)
(0.0135734 -0.00117131 0)
(0.0125861 -0.000311634 0)
(0.0116941 0.00244839 0)
(0.0106217 0.00650414 0)
(0.00950865 0.0116311 0)
(0.00769049 0.0169288 0)
(0.00580553 0.0179327 0)
(0.00107835 0.00642757 0)
(0.00769161 -0.0315172 0)
(0.0171525 -0.00439364 0)
(0.0167845 -0.00672331 0)
(0.0193498 -0.00710566 0)
(0.0205582 -0.00611654 0)
(0.0218125 -0.00459308 0)
(0.0228178 -0.00320337 0)
(0.023402 -0.00221711 0)
(0.023516 -0.00158509 0)
(0.0231676 -0.00118047 0)
(0.0223911 -0.000962945 0)
(0.0211639 -0.000815255 0)
(0.0194172 -0.000401131 0)
(0.0171721 -5.91431e-05 0)
(0.0146578 -0.00011079 0)
(0.0122761 -0.000311696 0)
(0.0104394 0.000310137 0)
(0.00902716 0.00297757 0)
(0.00819744 0.00684312 0)
(0.0084696 0.0118437 0)
(0.00896726 0.0173508 0)
(0.00963643 0.0183721 0)
(0.00726002 0.0071393 0)
(0.0131576 -0.0288579 0)
(0.0152477 -0.007397 0)
(0.0174887 -0.00674656 0)
(0.0217865 -0.00700425 0)
(0.0230525 -0.00615574 0)
(0.024031 -0.0046776 0)
(0.0247705 -0.00319761 0)
(0.0251959 -0.00206547 0)
(0.0252769 -0.00129924 0)
(0.0250354 -0.000795645 0)
(0.0244403 -0.000530321 0)
(0.0231501 -0.000351138 0)
(0.0209194 0.000210393 0)
(0.0181116 0.000749408 0)
(0.0150441 0.000927036 0)
(0.0119569 0.000777342 0)
(0.00932687 0.00121224 0)
(0.00733997 0.00360444 0)
(0.00660122 0.00680166 0)
(0.00796857 0.0111611 0)
(0.0102838 0.016672 0)
(0.0129708 0.0178853 0)
(0.0124137 0.00796826 0)
(0.0173342 -0.0245788 0)
(0.020298 -0.0177412 0)
(0.0268922 -0.0105988 0)
(0.0327163 -0.00853361 0)
(0.0336392 -0.00667237 0)
(0.0331226 -0.00491437 0)
(0.0322262 -0.00323378 0)
(0.0313143 -0.00185672 0)
(0.0304302 -0.000820037 0)
(0.0295061 -1.12522e-05 0)
(0.0282559 0.000627016 0)
(0.0255871 0.00134716 0)
(0.0219709 0.002179 0)
(0.0188357 0.00258723 0)
(0.0160782 0.00247335 0)
(0.0131609 0.00185396 0)
(0.00978332 0.002106 0)
(0.0070038 0.00425163 0)
(0.00631874 0.00650317 0)
(0.00863006 0.00984708 0)
(0.012508 0.0150525 0)
(0.0173435 0.0164575 0)
(0.0190125 0.00886422 0)
(0.0234316 -0.0171932 0)
(0.0218957 -0.0312767 0)
(0.0342667 -0.0167818 0)
(0.0423272 -0.0108418 0)
(0.0444661 -0.00705738 0)
(0.0440685 -0.00458839 0)
(0.0428041 -0.00279847 0)
(0.0414826 -0.00152304 0)
(0.0404776 -0.000632581 0)
(0.0398954 0.000162508 0)
(0.03943 0.00126058 0)
(0.0384379 0.00306709 0)
(0.0358017 0.00462318 0)
(0.0310579 0.00494885 0)
(0.025278 0.00467351 0)
(0.0179376 0.00397246 0)
(0.0111129 0.00407954 0)
(0.00854361 0.00544074 0)
(0.00862304 0.00650348 0)
(0.0111153 0.00893809 0)
(0.0163657 0.0131355 0)
(0.0244451 0.0141154 0)
(0.0303483 0.0087161 0)
(0.0423854 -0.00178722 0)
(0.0445296 -0.0258949 0)
(0.138712 -0.00799193 0)
(0.14111 -0.00421002 0)
(0.149534 0.000399179 0)
(0.13904 0.00671717 0)
(0.114232 0.0112835 0)
(0.0779018 0.0169845 0)
(0.0324583 0.017902 0)
(-0.00753167 0.0138158 0)
(-0.0406965 0.0129116 0)
(-0.0712298 0.0089179 0)
(-0.0845692 0.000774625 0)
(-0.0810409 -0.00448498 0)
(-0.0680617 -0.00671919 0)
(-0.0526752 -0.0062443 0)
(-0.0348448 -0.00811777 0)
(-0.0190754 -0.00667254 0)
(-0.00526133 -0.0052213 0)
(-0.00257012 -0.00139669 0)
(0.0462763 -0.070329 0)
(0.134429 -0.0213069 0)
(0.144159 -0.00350874 0)
(0.145871 0.00426957 0)
(0.13615 0.0112101 0)
(0.117383 0.0189855 0)
(0.085241 0.0276582 0)
(0.0426652 0.0292311 0)
(0.00101624 0.0231684 0)
(-0.0284385 0.019283 0)
(-0.0469788 0.0132508 0)
(-0.056814 0.00327998 0)
(-0.056676 -0.00490671 0)
(-0.0481754 -0.00926387 0)
(-0.0339305 -0.0104838 0)
(-0.0189232 -0.0112415 0)
(-0.0108138 -0.00645257 0)
(-0.0101175 -0.00458968 0)
(-0.00945648 -0.0020639 0)
(0.0208132 -0.107021 0)
(0.105045 -0.0399315 0)
(0.134212 -0.0118573 0)
(0.157797 0.00584306 0)
(0.152307 0.0161971 0)
(0.132737 0.0265469 0)
(0.102944 0.0385075 0)
(0.0637847 0.0422255 0)
(0.0220601 0.0355002 0)
(-0.00851756 0.027885 0)
(-0.0248357 0.0172776 0)
(-0.0318192 0.00479536 0)
(-0.0327952 -0.00631002 0)
(-0.0265407 -0.012733 0)
(-0.0150235 -0.0154586 0)
(-0.00449113 -0.0147328 0)
(-0.00154878 -0.00604545 0)
(-0.00746139 -0.00347505 0)
(-0.00831025 -0.00893564 0)
(-0.00519591 -0.125712 0)
(0.0644586 -0.055829 0)
(0.102547 -0.0338418 0)
(0.16211 -0.00409968 0)
(0.178493 0.0199148 0)
(0.159636 0.0343459 0)
(0.130629 0.0513877 0)
(0.0961855 0.0587925 0)
(0.0580068 0.052003 0)
(0.0269635 0.038032 0)
(0.00659516 0.0220598 0)
(-0.00239635 0.00656711 0)
(-0.00605038 -0.00747173 0)
(-0.00123367 -0.0167908 0)
(0.00607493 -0.0198927 0)
(0.0097191 -0.0168458 0)
(0.00870063 -0.00565159 0)
(0.00350378 -0.00175584 0)
(0.01069 -0.0109568 0)
(-0.0219205 -0.133655 0)
(0.0294207 -0.0699314 0)
(0.0814922 -0.0587764 0)
(0.145156 -0.0310768 0)
(0.201329 0.0191362 0)
(0.208796 0.0481401 0)
(0.189041 0.0702894 0)
(0.165896 0.0774383 0)
(0.138193 0.0709001 0)
(0.0993581 0.0515892 0)
(0.0642105 0.0316267 0)
(0.0435098 0.0108444 0)
(0.031516 -0.00593137 0)
(0.0295379 -0.0181574 0)
(0.0302717 -0.0209995 0)
(0.0239133 -0.0154267 0)
(0.0130231 -0.00436926 0)
(0.00327146 -0.00150366 0)
(0.010381 -0.00381513 0)
(-0.0230258 -0.13517 0)
(0.0180032 -0.0960098 0)
(0.0765102 -0.0838287 0)
(0.135575 -0.0583506 0)
(0.202256 -0.00310218 0)
(0.24298 0.0477671 0)
(0.236967 0.0754033 0)
(0.221783 0.0854272 0)
(0.205435 0.082925 0)
(0.181911 0.0684493 0)
(0.152023 0.0466905 0)
(0.118013 0.0217527 0)
(0.0910535 -0.000148701 0)
(0.0741527 -0.0162328 0)
(0.0646443 -0.0182301 0)
(0.0437169 -0.00848477 0)
(0.0157488 0.00251255 0)
(-0.010072 0.00217035 0)
(-0.031297 -0.00561164 0)
(0.0450254 -0.145632 0)
(0.0479356 -0.117397 0)
(0.0961883 -0.108247 0)
(0.140159 -0.0853902 0)
(0.201225 -0.0325058 0)
(0.252822 0.0378485 0)
(0.262061 0.076135 0)
(0.255547 0.0882584 0)
(0.245185 0.0871993 0)
(0.228735 0.0760315 0)
(0.205285 0.0591133 0)
(0.175569 0.0358937 0)
(0.14594 0.011328 0)
(0.121577 -0.00785566 0)
(0.102784 -0.0102229 0)
(0.0715868 0.00664972 0)
(0.0258084 0.0186653 0)
(-0.0156391 0.0153867 0)
(-0.0483198 -0.0220788 0)
(0.20219 -0.180277 0)
(0.116815 -0.123343 0)
(0.136562 -0.120664 0)
(0.159155 -0.10291 0)
(0.203125 -0.0575645 0)
(0.24944 0.0230845 0)
(0.272326 0.0736536 0)
(0.275166 0.0901263 0)
(0.271971 0.0916104 0)
(0.2613 0.0837013 0)
(0.242015 0.0688752 0)
(0.215055 0.0481704 0)
(0.185163 0.0235973 0)
(0.156258 0.00349362 0)
(0.129236 0.00148995 0)
(0.0932014 0.0252816 0)
(0.0414809 0.0403614 0)
(-0.00538614 0.0312601 0)
(-0.0316994 -0.0361193 0)
(0.023481 -0.0507291 0)
(0.0388422 -0.0273817 0)
(0.0480328 -0.0150394 0)
(0.0515579 -0.00789757 0)
(0.0520706 -0.00391417 0)
(0.0513585 -0.00167731 0)
(0.0504224 -0.00052113 0)
(0.0499233 -5.55681e-05 0)
(0.0502355 0.000290572 0)
(0.0512971 0.00121501 0)
(0.0527406 0.00323916 0)
(0.0541024 0.00560964 0)
(0.0547408 0.00778815 0)
(0.0539651 0.0100508 0)
(0.0510445 0.0125528 0)
(0.0428431 0.0124637 0)
(0.0284049 0.00935746 0)
(0.0179052 0.00708537 0)
(0.0179856 0.00703468 0)
(0.0282835 0.00874088 0)
(0.0446516 0.00839189 0)
(0.0655229 0.004022 0)
(0.104103 -0.00948326 0)
(0.0195587 -0.082402 0)
(0.0330731 -0.0422082 0)
(0.038125 -0.0211674 0)
(0.0407983 -0.0102171 0)
(0.0424028 -0.00455344 0)
(0.0435652 -0.00165528 0)
(0.0446207 -0.00055456 0)
(0.0461502 -0.000805196 0)
(0.0486975 -0.00147976 0)
(0.0523324 -0.00146354 0)
(0.0567722 -0.000160146 0)
(0.0616725 0.00194603 0)
(0.0668387 0.00425842 0)
(0.0722988 0.00725453 0)
(0.0780875 0.0118393 0)
(0.0835256 0.0170047 0)
(0.0878622 0.0195936 0)
(0.0910235 0.0143617 0)
(0.0922282 0.00163847 0)
(0.0961557 -0.0101492 0)
(0.110253 -0.0190442 0)
(0.139285 -0.0351753 0)
(0.181471 -0.0829943 0)
(0.00847549 -0.103278 0)
(0.0166545 -0.0482758 0)
(0.0151568 -0.0232981 0)
(0.016215 -0.0122865 0)
(0.0190414 -0.00705533 0)
(0.0225567 -0.00428041 0)
(0.0261848 -0.00341927 0)
(0.0303598 -0.00448228 0)
(0.0356797 -0.00634459 0)
(0.0421668 -0.007382 0)
(0.0494509 -0.00676998 0)
(0.0572857 -0.00525728 0)
(0.0659255 -0.00379557 0)
(0.0759347 -0.00205803 0)
(0.0878852 0.000948908 0)
(0.101483 0.00521578 0)
(0.115954 0.00768716 0)
(0.131247 0.00417487 0)
(0.147539 -0.00697346 0)
(0.166241 -0.0245954 0)
(0.189562 -0.0479325 0)
(0.217596 -0.0777378 0)
(0.246722 -0.114446 0)
(-0.0118154 -0.104665 0)
(-0.0114488 -0.0464029 0)
(-0.0174251 -0.0235153 0)
(-0.016357 -0.0154238 0)
(-0.0115952 -0.0119155 0)
(-0.00561741 -0.00926515 0)
(0.00039079 -0.00849283 0)
(0.00722763 -0.0106305 0)
(0.0154774 -0.0135217 0)
(0.0245753 -0.0154007 0)
(0.0343546 -0.0153726 0)
(0.044994 -0.0147082 0)
(0.0568889 -0.0145504 0)
(0.0704195 -0.0146684 0)
(0.085944 -0.014013 0)
(0.103718 -0.0117794 0)
(0.123426 -0.0106381 0)
(0.144868 -0.0153851 0)
(0.167753 -0.0274901 0)
(0.191714 -0.0453136 0)
(0.216364 -0.0671358 0)
(0.239789 -0.0930732 0)
(0.257688 -0.12111 0)
(-0.0497278 -0.0789884 0)
(-0.054181 -0.0349254 0)
(-0.0594067 -0.0203555 0)
(-0.0568726 -0.0179756 0)
(-0.0502974 -0.0174325 0)
(-0.0421423 -0.0145307 0)
(-0.0337125 -0.0141923 0)
(-0.0242211 -0.0182056 0)
(-0.0132147 -0.0221835 0)
(-0.00118501 -0.0247628 0)
(0.0114832 -0.0255316 0)
(0.0254025 -0.0260518 0)
(0.0408263 -0.0274216 0)
(0.0577662 -0.0292304 0)
(0.0760674 -0.0305249 0)
(0.0959025 -0.0302982 0)
(0.118574 -0.0313331 0)
(0.14395 -0.0384281 0)
(0.170264 -0.0518748 0)
(0.195734 -0.0695448 0)
(0.219112 -0.0896126 0)
(0.239334 -0.11139 0)
(0.253201 -0.132735 0)
(-0.0914225 -0.0114364 0)
(-0.0868799 -0.0212204 0)
(-0.0954948 -0.019309 0)
(-0.0958858 -0.0232176 0)
(-0.0910851 -0.0263002 0)
(-0.0830186 -0.0253338 0)
(-0.0720812 -0.0269772 0)
(-0.0594299 -0.0326507 0)
(-0.0461065 -0.037715 0)
(-0.0316547 -0.040987 0)
(-0.015899 -0.0428138 0)
(0.00131359 -0.044777 0)
(0.0198758 -0.0474854 0)
(0.0395176 -0.0504159 0)
(0.0601687 -0.0527964 0)
(0.0825918 -0.0550084 0)
(0.107672 -0.0592338 0)
(0.13482 -0.0677969 0)
(0.161906 -0.0804816 0)
(0.187413 -0.0958926 0)
(0.210378 -0.112873 0)
(0.229709 -0.129707 0)
(0.245118 -0.144254 0)
(-0.0701159 0.0578607 0)
(-0.066749 0.000271958 0)
(-0.0972166 -0.0122782 0)
(-0.110156 -0.0249059 0)
(-0.110979 -0.0325201 0)
(-0.104437 -0.0360308 0)
(-0.0933748 -0.0404872 0)
(-0.0800452 -0.0468829 0)
(-0.0660738 -0.0531326 0)
(-0.0503463 -0.0585309 0)
(-0.0328636 -0.0623799 0)
(-0.0143716 -0.0660491 0)
(0.00543256 -0.0701433 0)
(0.0262373 -0.0744715 0)
(0.048255 -0.0787012 0)
(0.0721022 -0.0833312 0)
(0.097994 -0.0896113 0)
(0.125131 -0.0986364 0)
(0.152179 -0.110373 0)
(0.178048 -0.123781 0)
(0.202024 -0.137771 0)
(0.223363 -0.150834 0)
(0.241858 -0.161765 0)
(0.00136082 0.0978305 0)
(0.0313951 0.0298105 0)
(-0.0484967 0.0153933 0)
(-0.0953623 -0.0152872 0)
(-0.109625 -0.0320738 0)
(-0.107433 -0.0403639 0)
(-0.0971016 -0.0479897 0)
(-0.0841089 -0.0559687 0)
(-0.0695431 -0.0634877 0)
(-0.0541513 -0.0696929 0)
(-0.0375311 -0.074415 0)
(-0.0189474 -0.0792193 0)
(0.000802958 -0.0846021 0)
(0.0219559 -0.0901828 0)
(0.0444477 -0.0959466 0)
(0.0686453 -0.102478 0)
(0.0944738 -0.110533 0)
(0.121321 -0.120522 0)
(0.14826 -0.132065 0)
(0.174537 -0.144456 0)
(0.199653 -0.156933 0)
(0.223657 -0.168259 0)
(0.246291 -0.178949 0)
(0.0444794 0.0583452 0)
(0.131134 0.0556053 0)
(0.112144 0.0877682 0)
(-0.0113863 -0.0104613 0)
(-0.0882629 -0.0358129 0)
(-0.0990309 -0.0399056 0)
(-0.0892774 -0.0468532 0)
(-0.0757191 -0.0548134 0)
(-0.0636469 -0.0626414 0)
(-0.0496793 -0.0727481 0)
(-0.0330787 -0.0806845 0)
(-0.0160903 -0.0883666 0)
(0.00287421 -0.0956089 0)
(0.0236174 -0.102642 0)
(0.0461109 -0.10975 0)
(0.0705407 -0.117514 0)
(0.0965599 -0.126364 0)
(0.123428 -0.136441 0)
(0.150328 -0.147413 0)
(0.176656 -0.158797 0)
(0.201788 -0.170163 0)
(0.225646 -0.180018 0)
(0.247288 -0.185878 0)
(0.0697778 -0.127786 0)
(0.113161 -0.00841853 0)
(0.179944 0.207487 0)
(0.183363 0.238267 0)
(0.0891078 0.0718337 0)
(0.0337692 -0.0415724 0)
(0.0156465 -0.0888451 0)
(0.00906768 -0.102203 0)
(0.00376031 -0.113921 0)
(-0.00825089 -0.104858 0)
(-0.0172139 -0.112105 0)
(-0.0100428 -0.110606 0)
(0.00613114 -0.113419 0)
(0.0262479 -0.117028 0)
(0.0490974 -0.121563 0)
(0.0743468 -0.127263 0)
(0.101508 -0.134486 0)
(0.129527 -0.143389 0)
(0.157205 -0.15353 0)
(0.183925 -0.164267 0)
(0.208436 -0.17517 0)
(0.230277 -0.184929 0)
(0.246829 -0.193274 0)
(0.018622 -0.161276 0)
(0.00192455 -0.0814129 0)
(0.0592974 0.125364 0)
(0.0784988 0.195153 0)
(0.0804766 0.0911567 0)
(0.0636928 0.0033727 0)
(0.042029 -0.0491464 0)
(0.0280257 -0.0696867 0)
(0.0176401 -0.0658888 0)
(0.0111463 -0.0958682 0)
(0.0129732 -0.11278 0)
(0.0211579 -0.149803 0)
(0.0341439 -0.174683 0)
(0.049319 -0.19282 0)
(0.0669322 -0.209138 0)
(0.0860922 -0.22488 0)
(0.105854 -0.239154 0)
(0.125036 -0.251276 0)
(0.142394 -0.26118 0)
(0.156808 -0.268813 0)
(0.168105 -0.274091 0)
(0.172456 -0.275895 0)
(0.163068 -0.269565 0)
(-0.0185217 -0.136757 0)
(-0.0533177 -0.0784755 0)
(-0.0401553 0.0692841 0)
(0.00514092 0.135675 0)
(0.0396882 0.0834481 0)
(0.045119 0.0179777 0)
(0.0331498 -0.0298761 0)
(0.0199652 -0.0575051 0)
(0.0172347 -0.0736874 0)
(0.0229013 -0.0832273 0)
(0.0341983 -0.116593 0)
(0.0471622 -0.141906 0)
(0.0569311 -0.15927 0)
(0.0662279 -0.173296 0)
(0.0765402 -0.186317 0)
(0.0873974 -0.198431 0)
(0.0978529 -0.209064 0)
(0.107126 -0.217713 0)
(0.114478 -0.224221 0)
(0.119169 -0.22862 0)
(0.121103 -0.230836 0)
(0.117227 -0.229498 0)
(0.103824 -0.220602 0)
(-0.039165 -0.0843561 0)
(-0.0619635 -0.0375818 0)
(-0.0568355 0.0451913 0)
(-0.0227023 0.0864944 0)
(0.0128137 0.0610764 0)
(0.0255108 0.0165947 0)
(0.0246444 -0.0219588 0)
(0.0200168 -0.050153 0)
(0.0196526 -0.0725008 0)
(0.0276365 -0.0999101 0)
(0.0386579 -0.125636 0)
(0.0463606 -0.147505 0)
(0.0513999 -0.162222 0)
(0.0552921 -0.176214 0)
(0.0587636 -0.189272 0)
(0.0618523 -0.200869 0)
(0.0640589 -0.210351 0)
(0.065086 -0.217444 0)
(0.0646698 -0.222058 0)
(0.0625014 -0.224163 0)
(0.0588266 -0.22373 0)
(0.0506827 -0.220113 0)
(0.0339648 -0.212133 0)
(-0.0302681 -0.0514498 0)
(-0.0506012 -0.0130164 0)
(-0.0494776 0.0303464 0)
(-0.0269027 0.05271 0)
(-0.00165549 0.0376024 0)
(0.0123313 0.00738564 0)
(0.0172181 -0.0235496 0)
(0.0185591 -0.0510011 0)
(0.0208522 -0.0764681 0)
(0.0253693 -0.103988 0)
(0.0290434 -0.13022 0)
(0.0312779 -0.150686 0)
(0.031753 -0.164028 0)
(0.0309612 -0.177109 0)
(0.0293216 -0.189613 0)
(0.0267018 -0.200392 0)
(0.0230741 -0.208876 0)
(0.0184538 -0.214807 0)
(0.0129343 -0.218199 0)
(0.0064054 -0.218979 0)
(-0.000718445 -0.217129 0)
(-0.0110428 -0.212533 0)
(-0.0291167 -0.205396 0)
(-0.0210246 -0.0226343 0)
(-0.0360904 0.00111131 0)
(-0.0372695 0.0233532 0)
(-0.0248703 0.0316105 0)
(-0.00851654 0.0201232 0)
(0.0028578 -0.00250142 0)
(0.00893135 -0.0283194 0)
(0.0120672 -0.0540726 0)
(0.0142028 -0.0798652 0)
(0.0153309 -0.10691 0)
(0.0143265 -0.131889 0)
(0.0115039 -0.150666 0)
(0.00771654 -0.163031 0)
(0.00359627 -0.175068 0)
(-0.00160881 -0.186442 0)
(-0.00787753 -0.196126 0)
(-0.0151593 -0.20361 0)
(-0.0232256 -0.208674 0)
(-0.0319369 -0.211332 0)
(-0.0413034 -0.2115 0)
(-0.0507253 -0.209243 0)
(-0.0626168 -0.204576 0)
(-0.0814477 -0.198326 0)
(-0.0161599 -0.000952722 0)
(-0.0260933 0.011927 0)
(-0.0284008 0.0202181 0)
(-0.0223546 0.0201322 0)
(-0.0128672 0.00876766 0)
(-0.00509641 -0.0102387 0)
(-0.000246024 -0.0327599 0)
(0.00223286 -0.0565221 0)
(0.00303093 -0.0807914 0)
(0.00174257 -0.105166 0)
(-0.00232837 -0.127842 0)
(-0.00838853 -0.145645 0)
(-0.0150623 -0.157826 0)
(-0.0218067 -0.169053 0)
(-0.0292921 -0.179306 0)
(-0.0379236 -0.187955 0)
(-0.0474643 -0.194551 0)
(-0.0576776 -0.198956 0)
(-0.0683847 -0.2011 0)
(-0.0796154 -0.200969 0)
(-0.090618 -0.198638 0)
(-0.103911 -0.194279 0)
(-0.123818 -0.188636 0)
(-0.0136389 0.0147401 0)
(-0.0203991 0.0200333 0)
(-0.0235287 0.0200985 0)
(-0.0213996 0.0145134 0)
(-0.0165935 0.0021991 0)
(-0.0121076 -0.0152161 0)
(-0.00926862 -0.0355929 0)
(-0.00829187 -0.0573847 0)
(-0.00924525 -0.0796131 0)
(-0.0124702 -0.101451 0)
(-0.0181678 -0.121387 0)
(-0.0258759 -0.137687 0)
(-0.0342268 -0.150163 0)
(-0.0426624 -0.160835 0)
(-0.0518798 -0.170182 0)
(-0.0619862 -0.17789 0)
(-0.072902 -0.183723 0)
(-0.084399 -0.187528 0)
(-0.09635 -0.189256 0)
(-0.10873 -0.188909 0)
(-0.120851 -0.186589 0)
(-0.135263 -0.182404 0)
(-0.15611 -0.176986 0)
(-0.0122904 0.028703 0)
(-0.0174425 0.0270945 0)
(-0.0211468 0.021686 0)
(-0.0213586 0.0124646 0)
(-0.0195996 -0.000935236 0)
(-0.0176805 -0.0176524 0)
(-0.0167871 -0.0365417 0)
(-0.0174214 -0.0565305 0)
(-0.0198594 -0.0767453 0)
(-0.0244047 -0.0962654 0)
(-0.0311371 -0.114003 0)
(-0.0394911 -0.12902 0)
(-0.048673 -0.141064 0)
(-0.0583136 -0.151292 0)
(-0.0685775 -0.159831 0)
(-0.0796061 -0.166749 0)
(-0.0913201 -0.171895 0)
(-0.103553 -0.175167 0)
(-0.11618 -0.176519 0)
(-0.129225 -0.175978 0)
(-0.141953 -0.173616 0)
(-0.157085 -0.169462 0)
(-0.178508 -0.163989 0)
(-0.0110231 0.0410435 0)
(-0.0153864 0.0336046 0)
(-0.0194118 0.024308 0)
(-0.0209811 0.0125872 0)
(-0.0211475 -0.00172061 0)
(-0.0210826 -0.0180806 0)
(-0.0217633 -0.0358383 0)
(-0.0237319 -0.0542569 0)
(-0.0273206 -0.0726117 0)
(-0.0327359 -0.0901671 0)
(-0.0399606 -0.106115 0)
(-0.0486485 -0.119838 0)
(-0.0582399 -0.13131 0)
(-0.0684502 -0.140884 0)
(-0.0793105 -0.148757 0)
(-0.0908167 -0.154994 0)
(-0.10291 -0.159544 0)
(-0.115448 -0.16234 0)
(-0.128332 -0.163362 0)
(-0.141572 -0.162641 0)
(-0.154546 -0.160202 0)
(-0.169863 -0.155986 0)
(-0.191192 -0.150385 0)
(-0.00937361 0.0517821 0)
(-0.0130881 0.0396017 0)
(-0.0170509 0.0274424 0)
(-0.0192876 0.0139839 0)
(-0.0206015 -0.000968213 0)
(-0.0217928 -0.0170571 0)
(-0.0236169 -0.0338744 0)
(-0.0265682 -0.0509294 0)
(-0.0309426 -0.0676687 0)
(-0.0368918 -0.0835221 0)
(-0.0443751 -0.0979415 0)
(-0.0531361 -0.110531 0)
(-0.0628315 -0.121191 0)
(-0.0732414 -0.130102 0)
(-0.0842865 -0.137353 0)
(-0.0959132 -0.143004 0)
(-0.108046 -0.147038 0)
(-0.120551 -0.149427 0)
(-0.133339 -0.15017 0)
(-0.146463 -0.149293 0)
(-0.159253 -0.146777 0)
(-0.174337 -0.142504 0)
(-0.195138 -0.136835 0)
(-0.00713631 0.0605375 0)
(-0.00997074 0.0447681 0)
(-0.0134351 0.0305961 0)
(-0.0157938 0.0160114 0)
(-0.0176777 0.000713535 0)
(-0.0196402 -0.015067 0)
(-0.0222127 -0.0310362 0)
(-0.0258132 -0.0468896 0)
(-0.0306714 -0.0622268 0)
(-0.0368928 -0.0766328 0)
(-0.044435 -0.089725 0)
(-0.0531186 -0.101236 0)
(-0.0627078 -0.11108 0)
(-0.0730217 -0.119306 0)
(-0.0839519 -0.125967 0)
(-0.0954147 -0.131093 0)
(-0.107315 -0.134684 0)
(-0.11952 -0.136734 0)
(-0.131953 -0.137255 0)
(-0.144637 -0.13626 0)
(-0.157015 -0.133706 0)
(-0.171478 -0.129446 0)
(-0.191273 -0.123813 0)
(-0.00429217 0.0666459 0)
(-0.00590508 0.0486301 0)
(-0.00843441 0.0333015 0)
(-0.0104674 0.0181685 0)
(-0.0124708 0.00284876 0)
(-0.0148071 -0.0125143 0)
(-0.0177873 -0.0276635 0)
(-0.0217447 -0.0424282 0)
(-0.0268355 -0.0565309 0)
(-0.0331249 -0.0696792 0)
(-0.0405703 -0.0816101 0)
(-0.0490381 -0.0921372 0)
(-0.0583556 -0.101181 0)
(-0.0683714 -0.108745 0)
(-0.0789695 -0.114848 0)
(-0.0900511 -0.119506 0)
(-0.10151 -0.122721 0)
(-0.113214 -0.124498 0)
(-0.125083 -0.124851 0)
(-0.13717 -0.123793 0)
(-0.148873 -0.121267 0)
(-0.162496 -0.117104 0)
(-0.181187 -0.111637 0)
(-0.000958249 0.0694681 0)
(-0.00105858 0.0507231 0)
(-0.00230706 0.0351484 0)
(-0.00365334 0.0200466 0)
(-0.00541361 0.00504749 0)
(-0.00778459 -0.00974155 0)
(-0.010877 -0.0240517 0)
(-0.0149347 -0.0377962 0)
(-0.0200426 -0.0507873 0)
(-0.0262274 -0.0628225 0)
(-0.0334413 -0.0737212 0)
(-0.0415758 -0.0833516 0)
(-0.0504945 -0.0916465 0)
(-0.060066 -0.0985888 0)
(-0.0701765 -0.10418 0)
(-0.0807216 -0.108423 0)
(-0.0915907 -0.111322 0)
(-0.102653 -0.112884 0)
(-0.113834 -0.113127 0)
(-0.125151 -0.112062 0)
(-0.136105 -0.109624 0)
(-0.148734 -0.105665 0)
(-0.166089 -0.100447 0)
(0.00242808 0.0683317 0)
(0.00407466 0.0507497 0)
(0.00439235 0.0358395 0)
(0.00401851 0.021326 0)
(0.00280474 0.0069838 0)
(0.000700172 -0.00705473 0)
(-0.00224325 -0.020472 0)
(-0.00616727 -0.0332211 0)
(-0.0110979 -0.0451805 0)
(-0.0170231 -0.0562074 0)
(-0.0238834 -0.0661766 0)
(-0.0315808 -0.074991 0)
(-0.0399987 -0.0825953 0)
(-0.0490194 -0.0889646 0)
(-0.0585334 -0.0940906 0)
(-0.0684363 -0.0979701 0)
(-0.0786177 -0.100604 0)
(-0.0889489 -0.102 0)
(-0.0993533 -0.10218 0)
(-0.109867 -0.101154 0)
(-0.119966 -0.098863 0)
(-0.131563 -0.0951626 0)
(-0.147644 -0.0902823 0)
(0.00547851 0.063346 0)
(0.0088913 0.0485282 0)
(0.0109421 0.0351282 0)
(0.0117636 0.021735 0)
(0.0113551 0.0083937 0)
(0.00979542 -0.00467632 0)
(0.00723054 -0.0171348 0)
(0.00365229 -0.0288996 0)
(-0.000924805 -0.0398847 0)
(-0.00644397 -0.0499732 0)
(-0.0128353 -0.0590864 0)
(-0.02 -0.0671506 0)
(-0.0278316 -0.0741191 0)
(-0.03622 -0.0799631 0)
(-0.0450607 -0.0846681 0)
(-0.054251 -0.0882266 0)
(-0.0636826 -0.0906375 0)
(-0.0732319 -0.0919084 0)
(-0.0828283 -0.0920608 0)
(-0.0924721 -0.0911061 0)
(-0.101736 -0.0889936 0)
(-0.1123 -0.085611 0)
(-0.127016 -0.0810954 0)
(0.00779703 0.055062 0)
(0.0128483 0.0440904 0)
(0.0166386 0.032869 0)
(0.0187689 0.0210404 0)
(0.0193527 0.00899743 0)
(0.0185702 -0.00290207 0)
(0.0166195 -0.0142872 0)
(0.0135939 -0.0250153 0)
(0.00954122 -0.0350261 0)
(0.00455611 -0.0442324 0)
(-0.00126347 -0.0525564 0)
(-0.00780481 -0.0599204 0)
(-0.0149743 -0.0662953 0)
(-0.0226642 -0.071652 0)
(-0.0307742 -0.0759725 0)
(-0.0392043 -0.0792444 0)
(-0.0478495 -0.081464 0)
(-0.0565913 -0.0826384 0)
(-0.0653544 -0.0827877 0)
(-0.0741586 -0.0819262 0)
(-0.0825723 -0.0800217 0)
(-0.0921335 -0.0769638 0)
(-0.105665 -0.0728478 0)
(0.00916749 0.0443447 0)
(0.0156027 0.0377063 0)
(0.0209558 0.0290773 0)
(0.0243904 0.019137 0)
(0.0260644 0.00863197 0)
(0.0262071 -0.0019285 0)
(0.0250444 -0.0121319 0)
(0.0227385 -0.0217749 0)
(0.0193769 -0.0307961 0)
(0.0150769 -0.0391131 0)
(0.00994334 -0.046657 0)
(0.00409383 -0.0533664 0)
(-0.00235429 -0.0591911 0)
(-0.00928874 -0.0640899 0)
(-0.0166234 -0.0680496 0)
(-0.0242588 -0.0710569 0)
(-0.0320944 -0.0731058 0)
(-0.0400168 -0.0742007 0)
(-0.0479577 -0.0743602 0)
(-0.0559099 -0.0736036 0)
(-0.0635203 -0.0719038 0)
(-0.0721403 -0.06919 0)
(-0.0844375 -0.0654549 0)
(0.00960159 0.0322521 0)
(0.0170516 0.0298251 0)
(0.0236446 0.0239115 0)
(0.0282502 0.0160283 0)
(0.0310033 0.00721697 0)
(0.0321273 -0.00188024 0)
(0.0318546 -0.0108053 0)
(0.0303773 -0.019313 0)
(0.0278154 -0.0273255 0)
(0.0243054 -0.0347518 0)
(0.0199665 -0.0415185 0)
(0.0149133 -0.0475652 0)
(0.00925325 -0.0528434 0)
(0.00310147 -0.0573114 0)
(-0.00343055 -0.0609339 0)
(-0.0102467 -0.0636898 0)
(-0.0172598 -0.0655751 0)
(-0.0243609 -0.0665945 0)
(-0.0314804 -0.0667651 0)
(-0.0386247 -0.0661066 0)
(-0.0454508 -0.0646075 0)
(-0.0531768 -0.0622023 0)
(-0.0643803 -0.0588446 0)
(0.0093335 0.0197909 0)
(0.017358 0.0210033 0)
(0.024763 0.017668 0)
(0.0302906 0.0118476 0)
(0.0339951 0.00478364 0)
(0.0360509 -0.00278912 0)
(0.0366783 -0.0103737 0)
(0.0360671 -0.0177104 0)
(0.0343587 -0.0246965 0)
(0.0316967 -0.0312273 0)
(0.0282057 -0.0372186 0)
(0.0240026 -0.0426035 0)
(0.0191966 -0.0473291 0)
(0.0138918 -0.0513515 0)
(0.00818548 -0.0546337 0)
(0.00218243 -0.0571478 0)
(-0.00400989 -0.0588752 0)
(-0.0102929 -0.0598153 0)
(-0.0166122 -0.0599858 0)
(-0.0229522 -0.0594073 0)
(-0.0290308 -0.0580774 0)
(-0.0359355 -0.0559587 0)
(-0.0460057 -0.0529399 0)
(0.00865566 0.00776312 0)
(0.016827 0.0118131 0)
(0.0246048 0.0107351 0)
(0.0307309 0.00684312 0)
(0.0351624 0.00148019 0)
(0.0380026 -0.00457887 0)
(0.0394452 -0.0108143 0)
(0.0396586 -0.016977 0)
(0.03879 -0.0229353 0)
(0.0369772 -0.0285704 0)
(0.0343424 -0.0337884 0)
(0.031 -0.0385139 0)
(0.0270569 -0.0426859 0)
(0.0226136 -0.0462544 0)
(0.0177652 -0.0491803 0)
(0.0126027 -0.0514329 0)
(0.00721874 -0.0529894 0)
(0.0017206 -0.0538424 0)
(-0.00381523 -0.0540008 0)
(-0.00939205 -0.0534815 0)
(-0.0147528 -0.0522936 0)
(-0.0208653 -0.0503968 0)
(-0.0299486 -0.0477173 0)
(0.00775007 -0.00357855 0)
(0.0157499 0.00268141 0)
(0.023531 0.00349054 0)
(0.0299301 0.00131276 0)
(0.0348167 -0.00247692 0)
(0.0382305 -0.00708885 0)
(0.0403324 -0.012023 0)
(0.0412604 -0.0170472 0)
(0.0411526 -0.0220016 0)
(0.040131 -0.0267573 0)
(0.0383087 -0.0312122 0)
(0.0357931 -0.035284 0)
(0.0326846 -0.0389047 0)
(0.0290783 -0.042018 0)
(0.0250636 -0.0445784 0)
(0.0207269 -0.0465516 0)
(0.0161555 -0.0479145 0)
(0.0114427 -0.0486564 0)
(0.0066485 -0.0487784 0)
(0.00180035 -0.0482966 0)
(-0.00286471 -0.047206 0)
(-0.00829325 -0.0454988 0)
(-0.0163447 -0.0431279 0)
(0.00673626 -0.013858 0)
(0.0143525 -0.00613175 0)
(0.0218737 -0.00377556 0)
(0.0282618 -0.00446073 0)
(0.0333363 -0.00682946 0)
(0.0370974 -0.0101063 0)
(0.0396649 -0.0138399 0)
(0.0411531 -0.0177952 0)
(0.0416763 -0.0217961 0)
(0.041338 -0.0257089 0)
(0.0402383 -0.0294265 0)
(0.0384731 -0.0328613 0)
(0.0361337 -0.0359395 0)
(0.0333064 -0.0385997 0)
(0.0300737 -0.0407921 0)
(0.026515 -0.0424774 0)
(0.0227111 -0.043629 0)
(0.0187477 -0.0442337 0)
(0.0146842 -0.044294 0)
(0.010547 -0.0438212 0)
(0.00653463 -0.0428286 0)
(0.00172169 -0.041297 0)
(-0.00540681 -0.0390245 0)
(0.00578026 -0.0230276 0)
(0.0128829 -0.0143804 0)
(0.0199273 -0.0107878 0)
(0.0260623 -0.0101973 0)
(0.0310869 -0.0113185 0)
(0.0349776 -0.0134145 0)
(0.0378124 -0.0160786 0)
(0.0396846 -0.0190586 0)
(0.0406809 -0.0221789 0)
(0.040887 -0.0253051 0)
(0.0403879 -0.0283281 0)
(0.0392661 -0.0311563 0)
(0.0376006 -0.0337121 0)
(0.0354678 -0.0359303 0)
(0.0329406 -0.0377571 0)
(0.0300904 -0.0391508 0)
(0.0269902 -0.0400815 0)
(0.023718 -0.0405333 0)
(0.0203248 -0.0405062 0)
(0.0168342 -0.0400093 0)
(0.0134341 -0.039075 0)
(0.00935854 -0.0376881 0)
(0.0031797 -0.0354574 0)
(0.00505066 -0.0310186 0)
(0.0115405 -0.0218443 0)
(0.0179142 -0.0172931 0)
(0.0235915 -0.0156504 0)
(0.0283663 -0.0157229 0)
(0.0321864 -0.0168215 0)
(0.0351041 -0.0185497 0)
(0.0371835 -0.0206636 0)
(0.0384903 -0.0229931 0)
(0.0390927 -0.0254055 0)
(0.0390594 -0.0277911 0)
(0.0384584 -0.0300565 0)
(0.0373557 -0.0321215 0)
(0.0358159 -0.0339184 0)
(0.033902 -0.0353913 0)
(0.0316761 -0.0364963 0)
(0.0292029 -0.0372019 0)
(0.026551 -0.03749 0)
(0.0237703 -0.0373581 0)
(0.0208748 -0.0368132 0)
(0.0180272 -0.0358782 0)
(0.0146504 -0.0345457 0)
(0.0093279 -0.0324993 0)
(0.00450897 -0.0381804 0)
(0.0103235 -0.0284607 0)
(0.0159037 -0.0231265 0)
(0.0209804 -0.020653 0)
(0.0253474 -0.0198817 0)
(0.028938 -0.0201485 0)
(0.0317783 -0.0210804 0)
(0.0339098 -0.0224476 0)
(0.0353798 -0.024087 0)
(0.0362393 -0.0258693 0)
(0.0365413 -0.0276855 0)
(0.0363388 -0.0294417 0)
(0.0356847 -0.0310569 0)
(0.0346319 -0.0324623 0)
(0.0332329 -0.0336011 0)
(0.031541 -0.0344287 0)
(0.0296117 -0.0349123 0)
(0.0275058 -0.0350331 0)
(0.0252645 -0.0347866 0)
(0.0229075 -0.0341805 0)
(0.0205852 -0.0332324 0)
(0.0177782 -0.0319415 0)
(0.0133116 -0.0300229 0)
(0.00408707 -0.0446451 0)
(0.00909102 -0.0342324 0)
(0.0138247 -0.0282313 0)
(0.0182278 -0.025104 0)
(0.0220915 -0.0236636 0)
(0.0253413 -0.0232571 0)
(0.0279852 -0.0235327 0)
(0.030048 -0.0242749 0)
(0.0315608 -0.0253291 0)
(0.0325592 -0.0265699 0)
(0.033081 -0.0278902 0)
(0.0331655 -0.0291968 0)
(0.0328533 -0.0304094 0)
(0.032186 -0.0314597 0)
(0.0312067 -0.0322913 0)
(0.0299593 -0.0328595 0)
(0.0284915 -0.0331317 0)
(0.026855 -0.0330886 0)
(0.0250881 -0.0327254 0)
(0.0232051 -0.0320492 0)
(0.0213302 -0.0310799 0)
(0.019065 -0.0298164 0)
(0.0153402 -0.0279725 0)
(0.00360336 -0.0503402 0)
(0.00767595 -0.0390742 0)
(0.0115492 -0.0325546 0)
(0.0152677 -0.0289465 0)
(0.0185946 -0.026996 0)
(0.0214469 -0.0260606 0)
(0.0238212 -0.02581 0)
(0.0257312 -0.0260439 0)
(0.0271962 -0.026615 0)
(0.0282387 -0.0274021 0)
(0.0288838 -0.0283006 0)
(0.029159 -0.0292196 0)
(0.0290939 -0.0300804 0)
(0.0287208 -0.0308164 0)
(0.0280736 -0.0313725 0)
(0.0271885 -0.0317051 0)
(0.0261051 -0.0317823 0)
(0.0248678 -0.0315849 0)
(0.0235063 -0.0311089 0)
(0.0220388 -0.03036 0)
(0.0205803 -0.029359 0)
(0.0187636 -0.0281142 0)
(0.0157753 -0.0263121 0)
(0.00278848 -0.0549806 0)
(0.0059136 -0.0429295 0)
(0.00897303 -0.0361238 0)
(0.0120561 -0.032202 0)
(0.0148656 -0.0298712 0)
(0.017308 -0.0285246 0)
(0.0193758 -0.0278595 0)
(0.0210786 -0.0276883 0)
(0.0224286 -0.0278693 0)
(0.0234394 -0.0282849 0)
(0.0241271 -0.028833 0)
(0.02451 -0.0294256 0)
(0.0246096 -0.0299865 0)
(0.0244498 -0.0304516 0)
(0.0240574 -0.0307676 0)
(0.0234611 -0.0308928 0)
(0.0226936 -0.0307962 0)
(0.0217906 -0.03046 0)
(0.0207805 -0.0298795 0)
(0.019676 -0.0290613 0)
(0.0185586 -0.0280305 0)
(0.017184 -0.026787 0)
(0.0148145 -0.0250135 0)
(0.00112024 -0.0580522 0)
(0.0036444 -0.0457358 0)
(0.00603101 -0.0390118 0)
(0.00861337 -0.0349313 0)
(0.0109749 -0.0323055 0)
(0.0130255 -0.0306277 0)
(0.0147703 -0.0296322 0)
(0.0162262 -0.0291396 0)
(0.0174055 -0.0290104 0)
(0.018319 -0.0291279 0)
(0.0189775 -0.0293922 0)
(0.0193943 -0.0297175 0)
(0.0195847 -0.0300306 0)
(0.0195666 -0.0302696 0)
(0.0193604 -0.0303838 0)
(0.0189885 -0.0303329 0)
(0.0184764 -0.0300877 0)
(0.0178534 -0.0296311 0)
(0.0171398 -0.0289595 0)
(0.0163475 -0.0280822 0)
(0.0155605 -0.0270177 0)
(0.0145469 -0.0257816 0)
(0.0127972 -0.0240212 0)
(-0.00209896 -0.0596185 0)
(0.000786359 -0.0476691 0)
(0.00282468 -0.0413749 0)
(0.00510469 -0.037185 0)
(0.00710474 -0.034277 0)
(0.00877801 -0.0323086 0)
(0.0101756 -0.031044 0)
(0.0113386 -0.030302 0)
(0.0122886 -0.0299376 0)
(0.0130386 -0.0298315 0)
(0.0135991 -0.0298836 0)
(0.0139803 -0.0300093 0)
(0.0141939 -0.0301373 0)
(0.0142528 -0.0302078 0)
(0.0141718 -0.0301718 0)
(0.0139672 -0.0299907 0)
(0.013658 -0.0296369 0)
(0.0132653 -0.029094 0)
(0.0128049 -0.0283609 0)
(0.0122908 -0.0274453 0)
(0.0117615 -0.026374 0)
(0.0111139 -0.025161 0)
(0.00989736 -0.0234066 0)
(-0.00793305 -0.0641807 0)
(-0.00251848 -0.0517164 0)
(-8.35371e-05 -0.044767 0)
(0.00197014 -0.0397998 0)
(0.00358964 -0.0363765 0)
(0.00481723 -0.0340626 0)
(0.0057871 -0.032539 0)
(0.00657612 -0.0315837 0)
(0.00721757 -0.0310322 0)
(0.00772782 -0.0307556 0)
(0.00811713 -0.0306499 0)
(0.0083937 -0.0306295 0)
(0.0085653 -0.030623 0)
(0.00864032 -0.0305718 0)
(0.00862785 -0.0304274 0)
(0.0085381 -0.0301525 0)
(0.00838267 -0.0297194 0)
(0.00817474 -0.0291136 0)
(0.00792416 -0.0283335 0)
(0.00763678 -0.0273895 0)
(0.0073516 -0.0263097 0)
(0.00698669 -0.0250939 0)
(0.00634375 -0.0232829 0)
(-0.0163211 -0.0425078 0)
(-0.00253774 -0.0550939 0)
(-0.00100391 -0.04592 0)
(0.000215225 -0.0401005 0)
(0.000993801 -0.0363677 0)
(0.00149493 -0.0339197 0)
(0.00185698 -0.0323201 0)
(0.0021412 -0.0313072 0)
(0.00236983 -0.0307006 0)
(0.00255221 -0.0303662 0)
(0.00269309 -0.0301988 0)
(0.00279557 -0.0301138 0)
(0.00286231 -0.0300416 0)
(0.00289605 -0.029925 0)
(0.00289985 -0.0297176 0)
(0.00287711 -0.0293829 0)
(0.00283182 -0.0288953 0)
(0.00276844 -0.0282407 0)
(0.00269064 -0.0274192 0)
(0.00260255 -0.0264417 0)
(0.00250427 -0.0253346 0)
(0.00239961 -0.0241209 0)
(0.00222307 -0.0225034 0)
(0.154234 -0.029925 0)
(0.218451 -0.0514368 0)
(0.274139 -0.0751262 0)
(0.357266 -0.0813065 0)
(0.205464 -0.152053 0)
(0.217076 -0.184885 0)
(0.223141 -0.191834 0)
(0.237698 -0.139738 0)
(0.25628 -0.137018 0)
(0.255938 -0.148743 0)
(0.251376 -0.15052 0)
(0.248873 -0.144033 0)
(0.261831 -0.137846 0)
(0.260624 -0.145126 0)
(0.258085 -0.148329 0)
(0.256125 -0.145707 0)
(0.257933 -0.14223 0)
(0.260023 -0.145339 0)
(0.262219 -0.146609 0)
(0.264131 -0.145663 0)
(0.254172 -0.15031 0)
(0.260334 -0.153555 0)
(0.266289 -0.154989 0)
(0.271883 -0.153964 0)
(0.253106 -0.16672 0)
(0.260702 -0.169574 0)
(0.268206 -0.170495 0)
(0.275343 -0.16921 0)
(0.258723 -0.186801 0)
(0.264421 -0.191015 0)
(0.268792 -0.191334 0)
(0.273716 -0.187631 0)
(0.26056 -0.177856 0)
(0.267714 -0.175914 0)
(0.273382 -0.17603 0)
(0.278124 -0.177143 0)
(0.258268 -0.191945 0)
(0.262922 -0.193291 0)
(0.262006 -0.192989 0)
(0.268936 -0.190091 0)
(0.172507 -0.252604 0)
(0.174975 -0.239828 0)
(0.174481 -0.237294 0)
(0.171852 -0.239848 0)
(0.111988 -0.211801 0)
(0.111035 -0.203565 0)
(0.107863 -0.20078 0)
(0.101966 -0.204082 0)
(0.0428632 -0.203541 0)
(0.0422134 -0.198449 0)
(0.0396343 -0.19464 0)
(0.0344854 -0.192365 0)
(-0.0199928 -0.199732 0)
(-0.0206228 -0.195965 0)
(-0.0234464 -0.191413 0)
(-0.0285463 -0.18612 0)
(-0.0737108 -0.194164 0)
(-0.0755215 -0.190573 0)
(-0.0796118 -0.18557 0)
(-0.0857465 -0.178371 0)
(-0.118033 -0.185566 0)
(-0.12124 -0.181988 0)
(-0.126585 -0.176662 0)
(-0.133766 -0.168478 0)
(-0.152246 -0.174541 0)
(-0.156396 -0.170885 0)
(-0.16263 -0.165518 0)
(-0.170658 -0.156864 0)
(-0.175796 -0.161893 0)
(-0.180604 -0.158272 0)
(-0.187258 -0.153014 0)
(-0.195522 -0.144287 0)
(-0.189303 -0.148603 0)
(-0.1942 -0.145088 0)
(-0.200893 -0.140092 0)
(-0.209222 -0.131484 0)
(-0.193369 -0.135339 0)
(-0.198249 -0.13203 0)
(-0.20469 -0.127365 0)
(-0.212588 -0.119042 0)
(-0.18963 -0.122618 0)
(-0.194119 -0.119544 0)
(-0.200139 -0.115277 0)
(-0.207684 -0.107341 0)
(-0.179242 -0.110762 0)
(-0.183444 -0.107947 0)
(-0.188973 -0.104094 0)
(-0.195822 -0.0966058 0)
(-0.164084 -0.0999272 0)
(-0.167788 -0.097372 0)
(-0.172801 -0.093916 0)
(-0.17919 -0.0869155 0)
(-0.145332 -0.0900707 0)
(-0.14873 -0.0877623 0)
(-0.153246 -0.0846932 0)
(-0.158937 -0.0782042 0)
(-0.124723 -0.0811118 0)
(-0.127668 -0.0790289 0)
(-0.131714 -0.0763231 0)
(-0.136993 -0.0703874 0)
(-0.103199 -0.0730402 0)
(-0.105889 -0.0711444 0)
(-0.109523 -0.0687895 0)
(-0.114176 -0.0633863 0)
(-0.0820898 -0.0657879 0)
(-0.0844084 -0.0640738 0)
(-0.0876554 -0.0620136 0)
(-0.0919567 -0.0571386 0)
(-0.0619883 -0.059274 0)
(-0.0640986 -0.05771 0)
(-0.0670012 -0.0559293 0)
(-0.0707644 -0.0515358 0)
(-0.0437997 -0.0534015 0)
(-0.0455963 -0.0519813 0)
(-0.048168 -0.0504375 0)
(-0.051637 -0.0465121 0)
(-0.0277632 -0.0481953 0)
(-0.0293755 -0.0468812 0)
(-0.0316623 -0.0455568 0)
(-0.0346645 -0.0420249 0)
(-0.0143208 -0.0436217 0)
(-0.0156667 -0.0424027 0)
(-0.0176752 -0.0412347 0)
(-0.0204247 -0.0380462 0)
(-0.00337992 -0.0395694 0)
(-0.00455495 -0.0384642 0)
(-0.00632982 -0.0374279 0)
(-0.00869612 -0.0345009 0)
(0.00489708 -0.0359904 0)
(0.0039649 -0.0349899 0)
(0.00249278 -0.034088 0)
(0.00030143 -0.0314378 0)
(0.010894 -0.0329735 0)
(0.0100502 -0.0319968 0)
(0.00875322 -0.0312109 0)
(0.00695489 -0.0287887 0)
(0.0146422 -0.0304213 0)
(0.0139553 -0.0294655 0)
(0.0128552 -0.0287116 0)
(0.0112606 -0.0264347 0)
(0.0165354 -0.0282677 0)
(0.0159436 -0.0273066 0)
(0.015016 -0.0265863 0)
(0.0137283 -0.0244267 0)
(0.0167541 -0.0264621 0)
(0.0162941 -0.0254871 0)
(0.0155482 -0.0247844 0)
(0.0144333 -0.0227494 0)
(0.0156579 -0.025011 0)
(0.0152794 -0.024003 0)
(0.0146783 -0.023319 0)
(0.0138412 -0.0213885 0)
(0.0134471 -0.0238826 0)
(0.0131598 -0.0228493 0)
(0.0127078 -0.0221607 0)
(0.0120249 -0.0203452 0)
(0.0104153 -0.023069 0)
(0.0101835 -0.0219742 0)
(0.00980911 -0.0212917 0)
(0.00932638 -0.0196023 0)
(0.00666795 -0.022835 0)
(0.00644882 -0.0215153 0)
(0.0061156 -0.020738 0)
(0.00567327 -0.0191663 0)
(0.00225635 -0.0215975 0)
(0.00213631 -0.0203863 0)
(0.00199776 -0.0194823 0)
(0.00188563 -0.0181627 0)
(0.366129 -0.135533 0)
(0.23348 -0.10273 0)
(0.198927 -0.114694 0)
(0.191186 -0.113198 0)
(0.207896 -0.0808683 0)
(0.237866 -0.00568125 0)
(0.270579 0.0604919 0)
(0.289649 0.0853079 0)
(0.298168 0.0928535 0)
(0.296503 0.0915168 0)
(0.283561 0.0837766 0)
(0.260219 0.0670285 0)
(0.229596 0.0438469 0)
(0.194797 0.0241699 0)
(0.155929 0.024185 0)
(0.11287 0.0557311 0)
(0.0668849 0.0730184 0)
(0.0255474 0.0573523 0)
(0.00636551 -0.0405462 0)
(0.261512 -0.119053 0)
(0.265819 -0.0841836 0)
(0.252129 -0.082992 0)
(0.229145 -0.103198 0)
(0.222422 -0.0876776 0)
(0.232794 -0.02847 0)
(0.260268 0.0335428 0)
(0.288774 0.0659347 0)
(0.306324 0.0837411 0)
(0.312498 0.0936566 0)
(0.305718 0.0959731 0)
(0.286768 0.0889768 0)
(0.257201 0.0731582 0)
(0.216967 0.0607059 0)
(0.16919 0.0672151 0)
(0.125974 0.0932648 0)
(0.090908 0.102648 0)
(0.0596493 0.0849093 0)
(0.0491276 -0.00546136 0)
(0.253931 -0.122788 0)
(0.264688 -0.0909122 0)
(0.274058 -0.0732 0)
(0.268821 -0.0880527 0)
(0.250711 -0.0837699 0)
(0.249667 -0.0361808 0)
(0.268837 0.0129561 0)
(0.290055 0.0470571 0)
(0.305991 0.0721965 0)
(0.311966 0.0923171 0)
(0.308464 0.106439 0)
(0.294826 0.110495 0)
(0.269455 0.105952 0)
(0.233159 0.103274 0)
(0.190213 0.110864 0)
(0.149557 0.125496 0)
(0.114611 0.130621 0)
(0.0806629 0.1136 0)
(0.0612182 0.0483357 0)
(0.256769 -0.130745 0)
(0.268 -0.101594 0)
(0.286344 -0.0842541 0)
(0.295102 -0.0837185 0)
(0.292908 -0.0736217 0)
(0.290268 -0.044851 0)
(0.295163 -0.0037733 0)
(0.306041 0.0348028 0)
(0.313573 0.0654861 0)
(0.317293 0.0916179 0)
(0.315048 0.113475 0)
(0.304454 0.125588 0)
(0.283598 0.131658 0)
(0.251812 0.137025 0)
(0.2133 0.146655 0)
(0.173685 0.158815 0)
(0.134841 0.16333 0)
(0.0939359 0.150887 0)
(0.0634834 0.10634 0)
(0.268972 -0.137003 0)
(0.283704 -0.116527 0)
(0.30155 -0.100813 0)
(0.314681 -0.0890987 0)
(0.319688 -0.0731792 0)
(0.321935 -0.0454826 0)
(0.326613 -0.00886204 0)
(0.331435 0.0279234 0)
(0.333764 0.0622405 0)
(0.332088 0.0924827 0)
(0.326629 0.118356 0)
(0.315412 0.138775 0)
(0.295392 0.153776 0)
(0.266428 0.16674 0)
(0.230814 0.180636 0)
(0.191308 0.194337 0)
(0.148922 0.201788 0)
(0.101634 0.196734 0)
(0.0636187 0.16978 0)
(0.281089 -0.148007 0)
(0.296495 -0.13217 0)
(0.313594 -0.115535 0)
(0.327671 -0.0991701 0)
(0.336321 -0.0781641 0)
(0.34123 -0.0485342 0)
(0.344744 -0.0116314 0)
(0.346612 0.0274174 0)
(0.345474 0.064321 0)
(0.34101 0.0971136 0)
(0.333275 0.126894 0)
(0.320571 0.152881 0)
(0.300647 0.175135 0)
(0.273127 0.194689 0)
(0.239235 0.213579 0)
(0.199863 0.231299 0)
(0.155004 0.244073 0)
(0.103531 0.248016 0)
(0.0612432 0.233964 0)
(0.286748 -0.164199 0)
(0.303546 -0.149673 0)
(0.319957 -0.131742 0)
(0.333526 -0.111294 0)
(0.342928 -0.0861258 0)
(0.348548 -0.0534413 0)
(0.351037 -0.0137914 0)
(0.350239 0.0283824 0)
(0.345934 0.0686 0)
(0.339313 0.104593 0)
(0.330211 0.138047 0)
(0.316599 0.170127 0)
(0.296272 0.19908 0)
(0.269253 0.224235 0)
(0.236332 0.247752 0)
(0.197082 0.270207 0)
(0.151545 0.289443 0)
(0.0979448 0.30233 0)
(0.0544189 0.295992 0)
(0.284803 -0.17782 0)
(0.302965 -0.161299 0)
(0.319276 -0.141951 0)
(0.331421 -0.119111 0)
(0.339238 -0.0916632 0)
(0.343228 -0.0573478 0)
(0.343691 -0.0162279 0)
(0.340403 0.0277101 0)
(0.333954 0.0700652 0)
(0.325751 0.107958 0)
(0.316251 0.144062 0)
(0.301844 0.181673 0)
(0.280011 0.218327 0)
(0.25195 0.251213 0)
(0.218997 0.282326 0)
(0.180306 0.312493 0)
(0.135345 0.337416 0)
(0.0820388 0.357426 0)
(0.0444835 0.350543 0)
(0.28614 -0.182886 0)
(0.299938 -0.169301 0)
(0.312032 -0.147945 0)
(0.319831 -0.122604 0)
(0.322817 -0.0926528 0)
(0.320866 -0.055538 0)
(0.317103 -0.0123158 0)
(0.31066 0.0345956 0)
(0.303213 0.0779596 0)
(0.297641 0.114337 0)
(0.289875 0.151028 0)
(0.274026 0.191873 0)
(0.249318 0.232012 0)
(0.220436 0.266008 0)
(0.185994 0.30185 0)
(0.143954 0.338674 0)
(0.103258 0.374675 0)
(0.0532684 0.40505 0)
(0.0310983 0.390072 0)
(0.275495 -0.185867 0)
(0.284109 -0.1688 0)
(0.291814 -0.147357 0)
(0.294921 -0.120253 0)
(0.291979 -0.0891006 0)
(0.2848 -0.0509427 0)
(0.276209 -0.00763745 0)
(0.27059 0.0418319 0)
(0.272669 0.0852401 0)
(0.270409 0.118045 0)
(0.257837 0.14686 0)
(0.235784 0.189545 0)
(0.202838 0.232751 0)
(0.170487 0.273765 0)
(0.13445 0.316496 0)
(0.0958152 0.361234 0)
(0.048866 0.399228 0)
(0.0120046 0.426033 0)
(0.0188406 0.416907 0)
(0.161058 -0.237816 0)
(0.166755 -0.219223 0)
(0.169908 -0.185451 0)
(0.168685 -0.142451 0)
(0.165132 -0.0935117 0)
(0.157865 -0.0418349 0)
(0.151334 0.00513762 0)
(0.150718 0.0512959 0)
(0.157311 0.0924557 0)
(0.161408 0.147191 0)
(0.140691 0.215653 0)
(0.0995164 0.290229 0)
(0.0828119 0.335212 0)
(0.113541 0.328827 0)
(0.101228 0.345374 0)
(0.0496013 0.369364 0)
(-0.00092827 0.396705 0)
(-0.0289913 0.440792 0)
(0.020983 0.425575 0)
(0.0784585 -0.201205 0)
(0.0795945 -0.188967 0)
(0.0720128 -0.162519 0)
(0.0642428 -0.125459 0)
(0.0566242 -0.0825328 0)
(0.0491797 -0.0370974 0)
(0.0436038 0.00441355 0)
(0.0440616 0.0346993 0)
(0.0489099 0.0771426 0)
(0.0474468 0.143028 0)
(0.0307706 0.221713 0)
(-0.000958578 0.2755 0)
(-0.021617 0.30741 0)
(-0.0111129 0.343598 0)
(-0.0127683 0.448261 0)
(-0.0095962 0.561042 0)
(-0.0184309 0.562209 0)
(-0.041098 0.404124 0)
(0.0547692 0.426874 0)
(0.0119682 -0.187766 0)
(0.00841574 -0.174379 0)
(-0.00469945 -0.149765 0)
(-0.0173184 -0.115558 0)
(-0.0268027 -0.074712 0)
(-0.0332326 -0.0317797 0)
(-0.0360985 0.0048769 0)
(-0.0361533 0.0330866 0)
(-0.0356436 0.0780459 0)
(-0.0375105 0.146651 0)
(-0.0400681 0.234252 0)
(-0.04612 0.292951 0)
(-0.0475342 0.296333 0)
(-0.0417429 0.309426 0)
(-0.0427501 0.382622 0)
(-0.0416066 0.447538 0)
(0.0287516 0.463526 0)
(0.0588462 0.472498 0)
(0.128801 0.380909 0)
(-0.0494672 -0.175114 0)
(-0.054615 -0.158615 0)
(-0.0696683 -0.135135 0)
(-0.0843138 -0.10354 0)
(-0.094668 -0.0662934 0)
(-0.100098 -0.027486 0)
(-0.101526 0.00647481 0)
(-0.103197 0.0339645 0)
(-0.107901 0.0792087 0)
(-0.109769 0.146168 0)
(-0.102635 0.226021 0)
(-0.0797073 0.277508 0)
(-0.0599074 0.289778 0)
(-0.0521413 0.304476 0)
(-0.0358566 0.360174 0)
(-0.0111232 0.419399 0)
(0.0217625 0.417154 0)
(0.0432332 0.356051 0)
(0.0782845 0.475452 0)
(-0.106484 -0.163646 0)
(-0.111502 -0.145137 0)
(-0.126261 -0.122074 0)
(-0.140893 -0.0929663 0)
(-0.151441 -0.0595006 0)
(-0.157238 -0.0246594 0)
(-0.159979 0.0080256 0)
(-0.163709 0.0389744 0)
(-0.169548 0.0825681 0)
(-0.169233 0.143056 0)
(-0.153569 0.207409 0)
(-0.123981 0.254375 0)
(-0.0958017 0.27152 0)
(-0.0798381 0.291271 0)
(-0.0625931 0.338943 0)
(-0.0327584 0.37992 0)
(-0.00238547 0.407247 0)
(-0.035687 0.481098 0)
(-0.0469113 0.472349 0)
(-0.155 -0.151108 0)
(-0.159797 -0.131429 0)
(-0.173611 -0.108862 0)
(-0.18751 -0.0819653 0)
(-0.1981 -0.0518571 0)
(-0.205171 -0.0203714 0)
(-0.20988 0.0108995 0)
(-0.214444 0.0437101 0)
(-0.218074 0.0845638 0)
(-0.214514 0.134798 0)
(-0.198277 0.186329 0)
(-0.171545 0.226352 0)
(-0.144767 0.251024 0)
(-0.125438 0.275439 0)
(-0.103306 0.312798 0)
(-0.0748644 0.353772 0)
(-0.0504231 0.390645 0)
(-0.0412205 0.443848 0)
(-0.0123755 0.426203 0)
(-0.192072 -0.138116 0)
(-0.196861 -0.118191 0)
(-0.209681 -0.0963844 0)
(-0.222622 -0.0713267 0)
(-0.232885 -0.043776 0)
(-0.240501 -0.0147442 0)
(-0.246034 0.0151302 0)
(-0.250147 0.0470006 0)
(-0.251731 0.0840413 0)
(-0.246861 0.126022 0)
(-0.232617 0.168144 0)
(-0.210465 0.2034 0)
(-0.186884 0.230907 0)
(-0.165603 0.258096 0)
(-0.1424 0.292889 0)
(-0.112935 0.329066 0)
(-0.0802374 0.368842 0)
(-0.0426021 0.417989 0)
(-0.00284179 0.422797 0)
(-0.216923 -0.124988 0)
(-0.2215 -0.105573 0)
(-0.233356 -0.0848049 0)
(-0.245233 -0.0613739 0)
(-0.254785 -0.0358775 0)
(-0.26214 -0.00890909 0)
(-0.267357 0.0191819 0)
(-0.270536 0.0490962 0)
(-0.270636 0.0821164 0)
(-0.26529 0.117727 0)
(-0.252959 0.152987 0)
(-0.234838 0.184466 0)
(-0.214221 0.211451 0)
(-0.192931 0.238274 0)
(-0.168807 0.268438 0)
(-0.139537 0.301561 0)
(-0.104866 0.336403 0)
(-0.061779 0.374042 0)
(-0.0176349 0.379582 0)
(-0.229908 -0.112149 0)
(-0.234116 -0.0937061 0)
(-0.244911 -0.0741973 0)
(-0.255611 -0.0523286 0)
(-0.26414 -0.0286551 0)
(-0.270664 -0.00360129 0)
(-0.274971 0.0225095 0)
(-0.276972 0.0500302 0)
(-0.275858 0.0794195 0)
(-0.270246 0.110058 0)
(-0.259325 0.140166 0)
(-0.243757 0.167828 0)
(-0.225286 0.192878 0)
(-0.20469 0.217229 0)
(-0.180555 0.243036 0)
(-0.151029 0.270523 0)
(-0.115324 0.300271 0)
(-0.0713714 0.331949 0)
(-0.0276617 0.347467 0)
(-0.232528 -0.0999839 0)
(-0.235999 -0.0827583 0)
(-0.24566 -0.0646532 0)
(-0.255096 -0.0443505 0)
(-0.262415 -0.022421 0)
(-0.267799 0.000759599 0)
(-0.270924 0.0248133 0)
(-0.271694 0.0499109 0)
(-0.269497 0.0760755 0)
(-0.263523 0.102743 0)
(-0.253323 0.128777 0)
(-0.239227 0.153073 0)
(-0.222036 0.175447 0)
(-0.201979 0.196925 0)
(-0.17815 0.218643 0)
(-0.149259 0.241005 0)
(-0.114232 0.264465 0)
(-0.0720511 0.289262 0)
(-0.0313458 0.304942 0)
(-0.226355 -0.0887668 0)
(-0.22904 -0.0728734 0)
(-0.237483 -0.0562422 0)
(-0.245631 -0.0375219 0)
(-0.251689 -0.0173094 0)
(-0.255837 0.00401145 0)
(-0.257757 0.0260117 0)
(-0.257362 0.0487528 0)
(-0.254199 0.0720523 0)
(-0.24778 0.0954093 0)
(-0.237833 0.118053 0)
(-0.224491 0.139279 0)
(-0.208096 0.158897 0)
(-0.188663 0.177341 0)
(-0.165602 0.195179 0)
(-0.138015 0.212778 0)
(-0.105218 0.230643 0)
(-0.0667449 0.249155 0)
(-0.0300479 0.261715 0)
(-0.21342 -0.0786504 0)
(-0.21517 -0.0641163 0)
(-0.22243 -0.0489695 0)
(-0.229345 -0.0318281 0)
(-0.234211 -0.0133097 0)
(-0.237193 0.00617758 0)
(-0.238029 0.0261855 0)
(-0.236634 0.0466859 0)
(-0.232681 0.0674096 0)
(-0.225864 0.0879142 0)
(-0.21601 0.107631 0)
(-0.203161 0.126051 0)
(-0.187455 0.142961 0)
(-0.168851 0.15849 0)
(-0.146994 0.17291 0)
(-0.121382 0.186513 0)
(-0.0916264 0.199856 0)
(-0.0578439 0.213734 0)
(-0.0257694 0.223679 0)
(-0.19539 -0.0696646 0)
(-0.19635 -0.0564667 0)
(-0.202488 -0.0427702 0)
(-0.208287 -0.0271744 0)
(-0.212105 -0.0103074 0)
(-0.214098 0.00740435 0)
(-0.214049 0.0255067 0)
(-0.211886 0.0439053 0)
(-0.207379 0.062304 0)
(-0.20033 0.0803076 0)
(-0.190634 0.0974635 0)
(-0.178303 0.11337 0)
(-0.163408 0.127801 0)
(-0.145933 0.14074 0)
(-0.125714 0.152307 0)
(-0.102507 0.162773 0)
(-0.0763133 0.172788 0)
(-0.047579 0.183518 0)
(-0.0204903 0.192289 0)
(-0.174102 -0.0617554 0)
(-0.174268 -0.0498385 0)
(-0.179438 -0.037526 0)
(-0.184281 -0.0234151 0)
(-0.187235 -0.00813285 0)
(-0.188456 0.00788808 0)
(-0.187756 0.0241919 0)
(-0.185088 0.0406454 0)
(-0.180288 0.0569506 0)
(-0.173237 0.0727528 0)
(-0.163879 0.0876746 0)
(-0.152235 0.101381 0)
(-0.138369 0.11365 0)
(-0.12232 0.124408 0)
(-0.10407 0.133725 0)
(-0.0836162 0.141887 0)
(-0.0611404 0.149652 0)
(-0.037427 0.158563 0)
(-0.0153051 0.167553 0)
(-0.150871 -0.054817 0)
(-0.150485 -0.0441123 0)
(-0.154818 -0.0330932 0)
(-0.158874 -0.0203841 0)
(-0.161158 -0.00659741 0)
(-0.161826 0.00783818 0)
(-0.160712 0.0224705 0)
(-0.157792 0.0371474 0)
(-0.152958 0.0515822 0)
(-0.146144 0.065457 0)
(-0.137337 0.0784493 0)
(-0.126581 0.0902746 0)
(-0.113962 0.100733 0)
(-0.0995783 0.109744 0)
(-0.0835277 0.117382 0)
(-0.0659371 0.123982 0)
(-0.0472166 0.130431 0)
(-0.0282015 0.138625 0)
(-0.0108243 0.148908 0)
(-0.127104 -0.0487469 0)
(-0.126236 -0.0391596 0)
(-0.1299 -0.0293264 0)
(-0.133335 -0.017917 0)
(-0.135132 -0.00551875 0)
(-0.135445 0.00745347 0)
(-0.13413 0.0205562 0)
(-0.131185 0.0336329 0)
(-0.126542 0.0464155 0)
(-0.120178 0.0586205 0)
(-0.112114 0.0699718 0)
(-0.102423 0.0802292 0)
(-0.0912195 0.0892254 0)
(-0.078649 0.0969034 0)
(-0.0648876 0.103372 0)
(-0.0501911 0.109039 0)
(-0.0349891 0.114927 0)
(-0.0202403 0.123238 0)
(-0.00704516 0.13552 0)
(-0.103718 -0.0434254 0)
(-0.102595 -0.0348536 0)
(-0.105714 -0.0260904 0)
(-0.108671 -0.0158657 0)
(-0.110139 -0.00473585 0)
(-0.110266 0.00690625 0)
(-0.108927 0.0186311 0)
(-0.106139 0.0302873 0)
(-0.101866 0.0416295 0)
(-0.0961183 0.0524082 0)
(-0.0889445 0.0623882 0)
(-0.0804408 0.0713723 0)
(-0.0707479 0.0792319 0)
(-0.0600481 0.085948 0)
(-0.0485712 0.0916806 0)
(-0.0366059 0.0969168 0)
(-0.0246931 0.102807 0)
(-0.0136394 0.111836 0)
(-0.00411252 0.126487 0)
(-0.0816793 -0.0387454 0)
(-0.0803442 -0.0310793 0)
(-0.0830519 -0.0232673 0)
(-0.0856535 -0.0141059 0)
(-0.0869188 -0.00411662 0)
(-0.0869912 0.0063344 0)
(-0.0857632 0.0168374 0)
(-0.0832666 0.0272514 0)
(-0.0794917 0.0373564 0)
(-0.0744711 0.0469355 0)
(-0.0682757 0.0557924 0)
(-0.0610198 0.0637706 0)
(-0.0528621 0.0707828 0)
(-0.0440055 0.0768546 0)
(-0.034703 0.082201 0)
(-0.0252978 0.0873865 0)
(-0.016241 0.0936837 0)
(-0.00836433 0.103791 0)
(-0.00181404 0.12093 0)
(-0.0615024 -0.0346063 0)
(-0.0601278 -0.0277429 0)
(-0.0625023 -0.0207636 0)
(-0.0648369 -0.0125416 0)
(-0.065993 -0.00356151 0)
(-0.0661036 0.0058391 0)
(-0.065079 0.0152754 0)
(-0.0629613 0.02462 0)
(-0.0597596 0.0336788 0)
(-0.0555235 0.0422667 0)
(-0.0503388 0.0502234 0)
(-0.0443309 0.0574314 0)
(-0.0376674 0.0638438 0)
(-0.0305603 0.0695306 0)
(-0.0232719 0.0747603 0)
(-0.0161159 0.0801668 0)
(-0.00959351 0.0871213 0)
(-0.00430373 0.098512 0)
(-0.000239009 0.118031 0)
(-0.0437264 -0.030946 0)
(-0.042333 -0.024776 0)
(-0.0444469 -0.0185117 0)
(-0.046579 -0.0111052 0)
(-0.0476874 -0.00300262 0)
(-0.0478942 0.0054859 0)
(-0.0471256 0.0140059 0)
(-0.04543 0.0224443 0)
(-0.0428302 0.0306331 0)
(-0.039387 0.0384173 0)
(-0.0351946 0.0456704 0)
(-0.0303834 0.0523099 0)
(-0.0251221 0.0583269 0)
(-0.0196186 0.0638321 0)
(-0.0141234 0.0691407 0)
(-0.00896129 0.0749443 0)
(-0.00448351 0.0826957 0)
(-0.00132452 0.0954095 0)
(0.000881105 0.117128 0)
(-0.0285209 -0.0277022 0)
(-0.0272098 -0.0221331 0)
(-0.0290925 -0.0164668 0)
(-0.03106 -0.00975331 0)
(-0.0321547 -0.00240054 0)
(-0.032485 0.00530891 0)
(-0.0319908 0.0130544 0)
(-0.0307232 0.0207377 0)
(-0.0287143 0.0282158 0)
(-0.0260314 0.0353624 0)
(-0.0227721 0.0420808 0)
(-0.0190662 0.0483204 0)
(-0.0150757 0.0541051 0)
(-0.0109983 0.0595808 0)
(-0.00706787 0.0651009 0)
(-0.00354494 0.0714042 0)
(-0.000805686 0.0800016 0)
(0.000750612 0.0939738 0)
(0.00151017 0.117611 0)
(-0.0160821 -0.0248317 0)
(-0.0148076 -0.0197809 0)
(-0.016477 -0.0146026 0)
(-0.0183055 -0.00846324 0)
(-0.0193995 -0.00173928 0)
(-0.0198555 0.00531555 0)
(-0.0196264 0.0124174 0)
(-0.0187625 0.0194822 0)
(-0.0173022 0.0263911 0)
(-0.0153153 0.0330438 0)
(-0.0128992 0.0393705 0)
(-0.0101785 0.0453475 0)
(-0.00730438 0.051026 0)
(-0.00445551 0.0565812 0)
(-0.00183613 0.0623965 0)
(0.000303372 0.0692433 0)
(0.00175017 0.0786549 0)
(0.00208129 0.0937169 0)
(0.00193704 0.11898 0)
(-0.00628919 -0.022338 0)
(-0.00508346 -0.0176463 0)
(-0.00651506 -0.0128888 0)
(-0.00821426 -0.00722754 0)
(-0.00930605 -0.00102114 0)
(-0.00987068 0.00549279 0)
(-0.00987587 0.0120686 0)
(-0.00936898 0.0186361 0)
(-0.00839178 0.025099 0)
(-0.00701423 0.0313805 0)
(-0.00533065 0.0374344 0)
(-0.00345776 0.0432598 0)
(-0.00153136 0.0489299 0)
(0.000291817 0.0546417 0)
(0.00183662 0.0607849 0)
(0.00292765 0.0681385 0)
(0.00330882 0.0782762 0)
(0.00282284 0.0943287 0)
(0.00197899 0.120852 0)
(0.00116155 -0.0202109 0)
(0.00222293 -0.0157419 0)
(0.000944232 -0.0113235 0)
(-0.000604863 -0.00605005 0)
(-0.00166885 -0.000259185 0)
(-0.00231094 0.005816 0)
(-0.00250389 0.0119694 0)
(-0.00229107 0.0181448 0)
(-0.00171588 0.0242678 0)
(-0.000846595 0.0302827 0)
(0.000228267 0.0361636 0)
(0.00140376 0.0419209 0)
(0.00255815 0.0476382 0)
(0.00355744 0.0535303 0)
(0.00425936 0.0600081 0)
(0.00449405 0.0678597 0)
(0.00417654 0.0786454 0)
(0.00308685 0.0954807 0)
(0.00188041 0.1229 0)
(0.00637062 -0.0183582 0)
(0.00730593 -0.0141334 0)
(0.0061755 -0.00995558 0)
(0.00479764 -0.00497119 0)
(0.00378937 0.000503186 0)
(0.0031076 0.00623395 0)
(0.00278234 0.0120561 0)
(0.00277557 0.0179286 0)
(0.00304169 0.0237979 0)
(0.00351383 0.0296256 0)
(0.00410998 0.0354 0)
(0.0047347 0.0411507 0)
(0.00528101 0.0469768 0)
(0.00563524 0.0530923 0)
(0.0056815 0.059907 0)
(0.00532625 0.0682019 0)
(0.00442884 0.0795178 0)
(0.00302183 0.0969373 0)
(0.00154135 0.124886 0)
(0.00954132 -0.0167981 0)
(0.010423 -0.0127922 0)
(0.00946923 -0.00877119 0)
(0.00827809 -0.00398652 0)
(0.0073577 0.00124648 0)
(0.00668571 0.00670365 0)
(0.00629463 0.0122636 0)
(0.00615023 0.0179057 0)
(0.00620349 0.0235962 0)
(0.00638835 0.0293117 0)
(0.00662865 0.0350508 0)
(0.00683993 0.0408513 0)
(0.00693109 0.0468173 0)
(0.00680986 0.0531636 0)
(0.00638836 0.0602954 0)
(0.0055694 0.0689779 0)
(0.00437622 0.0807194 0)
(0.0027438 0.098522 0)
(0.00121157 0.126645 0)
(0.0110383 -0.0155522 0)
(0.0118568 -0.0117047 0)
(0.0111166 -0.00778362 0)
(0.0101367 -0.00312893 0)
(0.00934 0.00193745 0)
(0.00873009 0.00718502 0)
(0.00834164 0.0125414 0)
(0.00814524 0.018013 0)
(0.008083 0.0235854 0)
(0.00808846 0.0292454 0)
(0.00809157 0.034998 0)
(0.00801953 0.0408853 0)
(0.0077974 0.0470134 0)
(0.00734985 0.0535943 0)
(0.00660601 0.061024 0)
(0.00553296 0.0700451 0)
(0.00407191 0.0821135 0)
(0.00239137 0.100134 0)
(0.00078872 0.128108 0)
(0.0111001 -0.0146178 0)
(0.0118952 -0.010884 0)
(0.0113944 -0.00701679 0)
(0.0106617 -0.0024268 0)
(0.0100359 0.00252379 0)
(0.00954409 0.00761659 0)
(0.00923347 0.0128074 0)
(0.0090727 0.0181544 0)
(0.00898923 0.0236607 0)
(0.00891469 0.0293155 0)
(0.0087871 0.0351239 0)
(0.00854678 0.0411282 0)
(0.00813422 0.047434 0)
(0.00749184 0.0542498 0)
(0.0065689 0.0619606 0)
(0.00530899 0.0712816 0)
(0.00379554 0.0836119 0)
(0.00206091 0.101719 0)
(0.000513107 0.129268 0)
(0.0100015 -0.0139824 0)
(0.0107698 -0.0103491 0)
(0.010543 -0.00649833 0)
(0.0100959 -0.00192556 0)
(0.00971255 0.0029504 0)
(0.00942269 0.00795988 0)
(0.0092624 0.0129985 0)
(0.00922654 0.0182558 0)
(0.00920883 0.0237437 0)
(0.00913997 0.02944 0)
(0.00897017 0.0353408 0)
(0.00865616 0.0414849 0)
(0.00815604 0.0479766 0)
(0.00742679 0.0550221 0)
(0.00642474 0.0629976 0)
(0.00514291 0.0725955 0)
(0.00354752 0.0851481 0)
(0.00185408 0.103258 0)
(0.000272816 0.130182 0)
(0.00787648 -0.013701 0)
(0.00866135 -0.0101905 0)
(0.00872805 -0.00635015 0)
(0.00861307 -0.00176831 0)
(0.00864457 0.00298548 0)
(0.00869009 0.00810362 0)
(0.00872073 0.0129875 0)
(0.00889174 0.0181935 0)
(0.00901077 0.0237225 0)
(0.00901024 0.0295129 0)
(0.00886093 0.0355429 0)
(0.00854139 0.0418464 0)
(0.00802841 0.0485284 0)
(0.007295 0.0557959 0)
(0.00631319 0.0640242 0)
(0.00503319 0.0738887 0)
(0.00351104 0.0866538 0)
(0.00181094 0.104779 0)
(0.000263462 0.130984 0)
(0.00486199 -0.0134875 0)
(0.0056312 -0.00999399 0)
(0.00597963 -0.00613427 0)
(0.00617972 -0.00152363 0)
(0.00713379 0.00286897 0)
(0.00790358 0.00736711 0)
(0.00797487 0.0118823 0)
(0.00839069 0.0170988 0)
(0.00867821 0.022739 0)
(0.00876777 0.0286659 0)
(0.00866328 0.0348419 0)
(0.00836904 0.0413033 0)
(0.00788175 0.0481622 0)
(0.00718961 0.0556356 0)
(0.00626774 0.064109 0)
(0.00509435 0.0742631 0)
(0.00362606 0.0873698 0)
(0.00196296 0.105709 0)
(0.000422389 0.131577 0)
(0.00172712 -0.0139238 0)
(0.00211134 -0.0106884 0)
(0.00239935 -0.00697874 0)
(0.00276909 -0.00277333 0)
(0.00419496 -0.000233601 0)
(0.00670302 0.00863178 0)
(0.00732904 0.0128589 0)
(0.00805513 0.0183367 0)
(0.00847876 0.0243298 0)
(0.00863631 0.0305815 0)
(0.00857161 0.0370468 0)
(0.00831165 0.0437701 0)
(0.00786854 0.0508714 0)
(0.00724443 0.0585727 0)
(0.00643243 0.0672619 0)
(0.005409 0.0776233 0)
(0.00416462 0.0908745 0)
(0.00270098 0.109141 0)
(0.00125086 0.133987 0)
)
;

boundaryField
{
    leftWall
    {
        type            noSlip;
    }
    rightWall
    {
        type            noSlip;
    }
    lowerWall
    {
        type            noSlip;
    }
    atmosphere
    {
        type            pressureInletOutletVelocity;
        value           nonuniform List<vector> 
46
(
(0 -0.0425078 0)
(0 -0.0550939 0)
(0 -0.04592 0)
(0 -0.0401005 0)
(0 -0.0363677 0)
(0 -0.0339197 0)
(0 -0.0323201 0)
(0 -0.0313072 0)
(0 -0.0307006 0)
(0 -0.0303662 0)
(0 -0.0301988 0)
(0 -0.0301138 0)
(0 -0.0300416 0)
(0 -0.029925 0)
(0 -0.0297176 0)
(0 -0.0293829 0)
(0 -0.0288953 0)
(0 -0.0282407 0)
(0 -0.0274192 0)
(0 -0.0264417 0)
(0 -0.0253346 0)
(0 -0.0241209 0)
(0 -0.0225034 0)
(0 -0.0215975 0)
(0 -0.0203863 0)
(0 -0.0194823 0)
(0 -0.0181627 0)
(0 -0.0139238 0)
(0 -0.0106884 0)
(0 -0.00697874 0)
(0 -0.00277333 0)
(0 -0.000233601 0)
(0.00670302 0.00863178 0)
(0.00732904 0.0128589 0)
(0.00805513 0.0183367 0)
(0.00847876 0.0243298 0)
(0.00863631 0.0305815 0)
(0.00857161 0.0370468 0)
(0.00831165 0.0437701 0)
(0.00786854 0.0508714 0)
(0.00724443 0.0585727 0)
(0.00643243 0.0672619 0)
(0.005409 0.0776233 0)
(0.00416462 0.0908745 0)
(0.00270098 0.109141 0)
(0.00125086 0.133987 0)
)
;
    }
    defaultFaces
    {
        type            empty;
    }
}


// ************************************************************************* //
