/*--------------------------------*- C++ -*----------------------------------*\
  =========                 |
  \\      /  F ield         | OpenFOAM: The Open Source CFD Toolbox
   \\    /   O peration     | Website:  https://openfoam.org
    \\  /    A nd           | Version:  13
     \\/     M anipulation  |
\*---------------------------------------------------------------------------*/
FoamFile
{
    format      ascii;
    class       surfaceScalarField;
    location    "2";
    object      phi;
}
// * * * * * * * * * * * * * * * * * * * * * * * * * * * * * * * * * * * * * //

dimensions      [0 3 -1 0 0 0 0];

internalField   nonuniform List<scalar> 
4432
(
1.69605e-07
-1.69604e-07
-1.19759e-06
1.3672e-06
-3.03026e-06
1.83266e-06
-4.70665e-06
1.67639e-06
-6.06614e-06
1.35949e-06
-7.05404e-06
9.87897e-07
-7.66609e-06
6.12047e-07
-7.9322e-06
2.66114e-07
-7.89805e-06
-3.41477e-08
-7.62474e-06
-2.73309e-07
-7.16263e-06
-4.6211e-07
-6.56137e-06
-6.01265e-07
-5.86678e-06
-6.9459e-07
-5.11405e-06
-7.52731e-07
-4.32557e-06
-7.88481e-07
-3.5155e-06
-8.10063e-07
-2.69289e-06
-8.2261e-07
-1.86001e-06
-8.32881e-07
-1.01293e-06
-8.47076e-07
-1.77169e-07
-8.35764e-07
5.56383e-07
-7.33552e-07
8.32334e-07
-2.75951e-07
8.32336e-07
-4.69116e-07
2.99518e-07
-1.86258e-06
2.76066e-06
-3.37882e-06
3.3489e-06
-4.7459e-06
3.04348e-06
-5.8361e-06
2.44969e-06
-6.60961e-06
1.76141e-06
-7.06443e-06
1.06686e-06
-7.22793e-06
4.2962e-07
-7.14739e-06
-1.14686e-07
-6.87039e-06
-5.50313e-07
-6.43791e-06
-8.94587e-07
-5.88799e-06
-1.15119e-06
-5.25799e-06
-1.3246e-06
-4.58097e-06
-1.42974e-06
-3.88437e-06
-1.48509e-06
-3.19044e-06
-1.50399e-06
-2.51567e-06
-1.49739e-06
-1.87114e-06
-1.47741e-06
-1.26158e-06
-1.45664e-06
-6.94972e-07
-1.40237e-06
-2.05826e-07
-1.2227e-06
1.23858e-07
-6.05636e-07
9.56186e-07
-9.52356e-07
1.25187e-06
-2.20048e-06
4.00879e-06
-3.44255e-06
4.59098e-06
-4.55949e-06
4.16041e-06
-5.45534e-06
3.34554e-06
-6.09426e-06
2.40033e-06
-6.46822e-06
1.44083e-06
-6.59762e-06
5.59013e-07
-6.51968e-06
-1.9262e-07
-6.27387e-06
-7.96126e-07
-5.89018e-06
-1.27828e-06
-5.39897e-06
-1.6424e-06
-4.83271e-06
-1.89086e-06
-4.22314e-06
-2.03932e-06
-3.59958e-06
-2.10865e-06
-2.98818e-06
-2.11538e-06
-2.41057e-06
-2.07501e-06
-1.88488e-06
-2.00309e-06
-1.41823e-06
-1.92329e-06
-1.01479e-06
-1.80581e-06
-6.73586e-07
-1.5639e-06
-3.45779e-07
-9.33445e-07
6.10408e-07
-1.18395e-06
2.43583e-06
-2.29952e-06
5.12436e-06
-3.32928e-06
5.62075e-06
-4.25424e-06
5.08536e-06
-5.00859e-06
4.0999e-06
-5.56147e-06
2.95322e-06
-5.89578e-06
1.77513e-06
-6.02367e-06
6.86908e-07
-5.97235e-06
-2.43941e-07
-5.7723e-06
-9.96177e-07
-5.4439e-06
-1.60668e-06
-5.01178e-06
-2.07453e-06
-4.5053e-06
-2.39733e-06
-3.95516e-06
-2.58945e-06
-3.39155e-06
-2.67226e-06
-2.84306e-06
-2.66387e-06
-2.33488e-06
-2.58319e-06
-1.88863e-06
-2.44934e-06
-1.51571e-06
-2.29621e-06
-1.21922e-06
-2.1023e-06
-9.80056e-07
-1.80307e-06
-6.76705e-07
-1.2368e-06
-6.63006e-08
-1.21364e-06
3.64947e-06
-2.20913e-06
6.11985e-06
-3.07648e-06
6.4881e-06
-3.8559e-06
5.86479e-06
-4.51263e-06
4.75662e-06
-5.01841e-06
3.459e-06
-5.34499e-06
2.10172e-06
-5.49608e-06
8.37994e-07
-5.48696e-06
-2.53063e-07
-5.34058e-06
-1.14256e-06
-5.06944e-06
-1.87781e-06
-4.6947e-06
-2.44927e-06
-4.24379e-06
-2.84824e-06
-3.74635e-06
-3.08689e-06
-3.23229e-06
-3.18631e-06
-2.73026e-06
-3.1659e-06
-2.26865e-06
-3.0448e-06
-1.87404e-06
-2.84394e-06
-1.55733e-06
-2.61291e-06
-1.32272e-06
-2.33691e-06
-1.14922e-06
-1.97657e-06
-8.86e-07
-1.50002e-06
-9.52298e-07
-1.10382e-06
4.75329e-06
-1.9752e-06
6.99122e-06
-2.72164e-06
7.23454e-06
-3.40223e-06
6.54538e-06
-3.99549e-06
5.34989e-06
-4.48212e-06
3.94563e-06
-4.82149e-06
2.44108e-06
-5.01147e-06
1.02798e-06
-5.05794e-06
-2.0659e-07
-4.9708e-06
-1.22969e-06
-4.7543e-06
-2.09431e-06
-4.43127e-06
-2.77229e-06
-4.02869e-06
-3.25081e-06
-3.57526e-06
-3.54032e-06
-3.10036e-06
-3.6612e-06
-2.63492e-06
-3.63133e-06
-2.20852e-06
-3.4712e-06
-1.82776e-06
-3.22469e-06
-1.51974e-06
-2.92094e-06
-1.29738e-06
-2.55926e-06
-1.13414e-06
-2.13981e-06
-9.40226e-07
-1.69393e-06
-1.89253e-06
-9.28928e-07
5.68222e-06
-1.6692e-06
7.73149e-06
-2.31048e-06
7.87582e-06
-2.9062e-06
7.14109e-06
-3.48097e-06
5.92465e-06
-3.95616e-06
4.42081e-06
-4.30988e-06
2.7948e-06
-4.53602e-06
1.25412e-06
-4.61215e-06
-1.30454e-07
-4.53063e-06
-1.31121e-06
-4.32444e-06
-2.30049e-06
-4.02259e-06
-3.07413e-06
-3.6497e-06
-3.62368e-06
-3.23153e-06
-3.95849e-06
-2.79405e-06
-4.09867e-06
-2.35733e-06
-4.06805e-06
-1.96078e-06
-3.86774e-06
-1.58117e-06
-3.60429e-06
-1.26227e-06
-3.23983e-06
-1.00831e-06
-2.81321e-06
-7.73582e-07
-2.37454e-06
-4.77736e-07
-1.98978e-06
-2.37026e-06
-8.35953e-07
6.51817e-06
-1.40024e-06
8.29577e-06
-1.93172e-06
8.40729e-06
-2.39951e-06
7.60887e-06
-2.8896e-06
6.41474e-06
-3.28985e-06
4.82105e-06
-3.62778e-06
3.13273e-06
-3.87865e-06
1.505e-06
-3.94206e-06
-6.70427e-08
-3.76547e-06
-1.4878e-06
-3.45199e-06
-2.61397e-06
-3.05849e-06
-3.46762e-06
-2.62437e-06
-4.0578e-06
-2.18463e-06
-4.39822e-06
-1.76618e-06
-4.51711e-06
-1.37917e-06
-4.45506e-06
-1.01774e-06
-4.22916e-06
-7.15287e-07
-3.90674e-06
-4.73771e-07
-3.48134e-06
-3.00921e-07
-2.98606e-06
-1.87024e-07
-2.48843e-06
-1.36037e-07
-2.04077e-06
-2.5063e-06
-6.31411e-07
6.31407e-07
-1.54981e-06
9.18392e-07
-1.92844e-06
3.78638e-07
-6.39268e-07
-1.28918e-06
1.13615e-06
-1.77541e-06
3.03686e-06
-1.90071e-06
5.3711e-06
-2.33425e-06
5.91047e-06
-5.39367e-07
6.76584e-06
-8.55364e-07
7.99626e-06
-1.23042e-06
9.29604e-06
-1.29978e-06
9.94242e-06
-6.46383e-07
9.7497e-06
1.92729e-07
9.71591e-06
3.37835e-08
9.88172e-06
-1.65804e-07
9.44799e-06
4.33727e-07
7.80477e-06
1.64323e-06
4.70351e-06
3.10126e-06
4.70351e-06
-9.97307e-07
1.6287e-06
-1.15646e-06
1.07754e-06
-7.72054e-07
-5.77499e-09
5.29664e-07
-2.5909e-06
1.90947e-06
-3.15522e-06
3.28287e-06
-3.27411e-06
4.94862e-06
-3.99999e-06
6.40916e-06
-1.9999e-06
7.36482e-06
-1.81103e-06
8.0589e-06
-1.9245e-06
8.47677e-06
-1.71764e-06
9.10551e-06
-1.27512e-06
9.42616e-06
-1.27911e-07
9.60247e-06
-1.42525e-07
9.2906e-06
1.4607e-07
8.90105e-06
8.23278e-07
7.69378e-06
2.8505e-06
4.8691e-06
5.92594e-06
9.57262e-06
-2.20973e-06
3.83842e-06
-1.45535e-06
3.23148e-07
-3.76295e-07
-1.08483e-06
1.21591e-06
-4.18311e-06
2.31645e-06
-4.25575e-06
3.60264e-06
-4.5603e-06
5.31803e-06
-5.71538e-06
6.99567e-06
-3.67754e-06
7.77938e-06
-2.59474e-06
8.06963e-06
-2.21474e-06
7.955e-06
-1.60301e-06
8.37231e-06
-1.69243e-06
8.7408e-06
-4.96403e-07
8.78857e-06
-1.90297e-07
8.52139e-06
4.13251e-07
8.27891e-06
1.06576e-06
7.10184e-06
4.02756e-06
4.16911e-06
8.85867e-06
1.37417e-05
-2.62488e-06
6.46328e-06
-2.82496e-06
5.23214e-07
-1.31002e-06
-2.59977e-06
5.76012e-07
-6.06915e-06
1.76842e-06
-5.44816e-06
3.0431e-06
-5.83499e-06
5.10505e-06
-7.77733e-06
7.68178e-06
-6.25427e-06
8.18149e-06
-3.09444e-06
8.11331e-06
-2.14655e-06
7.70059e-06
-1.19028e-06
7.45278e-06
-1.4446e-06
7.84068e-06
-8.84299e-07
7.83719e-06
-1.86799e-07
7.46884e-06
7.81603e-07
7.43172e-06
1.10289e-06
6.39681e-06
5.06248e-06
3.59198e-06
1.16635e-05
1.73337e-05
-2.01444e-06
8.47772e-06
-3.31963e-06
1.82839e-06
-2.31655e-06
-3.60285e-06
-1.31062e-06
-7.07508e-06
-3.43066e-07
-6.41571e-06
9.5317e-07
-7.13123e-06
3.19931e-06
-1.00235e-05
6.4182e-06
-9.47316e-06
7.40898e-06
-4.08522e-06
7.68599e-06
-2.42356e-06
7.89602e-06
-1.4003e-06
7.02345e-06
-5.72033e-07
7.10146e-06
-9.62307e-07
7.19309e-06
-2.78423e-07
6.95945e-06
1.01524e-06
6.86802e-06
1.19432e-06
5.88078e-06
6.04972e-06
3.74735e-06
1.37969e-05
2.10811e-05
-2.50096e-07
8.7278e-06
-2.76104e-06
4.33933e-06
-3.01601e-06
-3.34788e-06
-2.95353e-06
-7.13757e-06
-2.5035e-06
-6.86574e-06
-1.10186e-06
-8.53287e-06
1.11828e-06
-1.22436e-05
3.58046e-06
-1.19353e-05
4.93945e-06
-5.44422e-06
5.59421e-06
-3.07833e-06
6.34336e-06
-2.14945e-06
6.97144e-06
-1.20011e-06
6.65793e-06
-6.48782e-07
6.65166e-06
-2.72149e-07
6.67721e-06
9.89698e-07
6.23916e-06
1.63238e-06
4.97266e-06
7.31622e-06
3.67812e-06
1.50915e-05
2.47592e-05
2.42452e-06
6.30326e-06
-1.78615e-06
8.54999e-06
-3.54517e-06
-1.58887e-06
-4.15826e-06
-6.52447e-06
-4.19111e-06
-6.8329e-06
-2.88895e-06
-9.83502e-06
-7.92628e-07
-1.43399e-05
6.44299e-07
-1.33723e-05
2.12309e-06
-6.92301e-06
3.32731e-06
-4.28255e-06
4.26052e-06
-3.08265e-06
5.13364e-06
-2.07324e-06
5.81683e-06
-1.33196e-06
5.99752e-06
-4.5283e-07
6.10272e-06
8.84507e-07
5.57589e-06
2.15922e-06
4.83051e-06
8.06161e-06
3.95202e-06
1.597e-05
2.87112e-05
4.3718e-07
5.86608e-06
-2.44946e-06
1.14366e-05
-4.1376e-06
9.92723e-08
-5.38591e-06
-5.27617e-06
-5.43351e-06
-6.78529e-06
-4.54692e-06
-1.07216e-05
-2.97996e-06
-1.59069e-05
-2.16196e-06
-1.41903e-05
-5.06076e-07
-8.57889e-06
1.06383e-06
-5.85245e-06
2.35834e-06
-4.37716e-06
3.43855e-06
-3.15345e-06
4.28954e-06
-2.18294e-06
4.87677e-06
-1.04006e-06
5.24189e-06
5.194e-07
4.90772e-06
2.49339e-06
4.29477e-06
8.67458e-06
3.22654e-06
1.70382e-05
3.19378e-05
-1.03932e-06
7.55749e-06
-2.22049e-06
9.47693e-06
-3.34676e-06
9.53355e-06
-4.18521e-06
8.44731e-06
-4.43493e-06
6.66446e-06
-4.25005e-06
4.63617e-06
-3.77464e-06
2.65734e-06
-3.171e-06
9.01365e-07
-2.50668e-06
-7.31359e-07
-1.89635e-06
-2.09812e-06
-1.33724e-06
-3.17307e-06
-8.66148e-07
-3.93872e-06
-5.00802e-07
-4.42314e-06
-2.57062e-07
-4.64196e-06
-1.28372e-07
-4.6458e-06
-5.15259e-08
-4.5319e-06
1.55926e-08
-4.29628e-06
-2.58302e-09
-3.88857e-06
-1.49981e-07
-3.33395e-06
-5.21586e-07
-2.61447e-06
-1.27457e-06
-1.73546e-06
-2.73274e-06
-5.82598e-07
1.161e-06
-6.40003e-06
-2.4666e-06
1.00241e-05
-2.00623e-06
9.01655e-06
-7.56431e-07
8.28375e-06
6.92031e-07
6.99885e-06
2.0542e-06
5.3023e-06
3.27782e-06
3.41256e-06
4.32882e-06
1.60634e-06
5.11817e-06
1.12026e-07
5.604e-06
-1.21718e-06
5.82026e-06
-2.31438e-06
5.73355e-06
-3.08635e-06
5.35189e-06
-3.55705e-06
4.69944e-06
-3.7707e-06
3.78586e-06
-3.72837e-06
2.63607e-06
-3.49601e-06
1.36752e-06
-3.26335e-06
3.90975e-08
-2.96786e-06
-1.41485e-06
-2.43462e-06
-3.10462e-06
-1.64419e-06
-5.08752e-06
-6.31565e-07
-7.4031e-06
5.80117e-07
-1.03931e-05
2.40741e-06
3.96121e-06
-1.31933e-05
1.02759e-06
8.99648e-06
2.69071e-06
7.35343e-06
4.86048e-06
6.11399e-06
6.98403e-06
4.87532e-06
8.8031e-06
3.48324e-06
1.03096e-05
1.90606e-06
1.14546e-05
4.61308e-07
1.20336e-05
-4.66885e-07
1.20968e-05
-1.28041e-06
1.17042e-05
-1.92177e-06
1.08048e-05
-2.18699e-06
9.41352e-06
-2.16573e-06
7.59498e-06
-1.95215e-06
5.36213e-06
-1.49552e-06
2.70066e-06
-8.34537e-07
-1.30936e-07
-4.31742e-07
-3.1198e-06
2.10044e-08
-6.42109e-06
8.66677e-07
-1.00759e-05
2.01058e-06
-1.42026e-05
3.49515e-06
-1.87161e-05
5.09369e-06
-2.34601e-05
7.15139e-06
8.91939e-06
-2.84182e-05
3.38775e-06
5.60872e-06
6.58922e-06
4.15196e-06
9.60559e-06
3.09761e-06
1.21559e-05
2.325e-06
1.41225e-05
1.5167e-06
1.56329e-05
3.95582e-07
1.67334e-05
-6.39103e-07
1.683e-05
-5.63528e-07
1.63134e-05
-7.63843e-07
1.52194e-05
-8.27748e-07
1.33779e-05
-3.45419e-07
1.08166e-05
3.95576e-07
7.6336e-06
1.23082e-06
3.85517e-06
2.28292e-06
-5.36722e-07
3.55736e-06
-5.33172e-06
4.36326e-06
-1.02472e-05
4.9365e-06
-1.55087e-05
6.12819e-06
-2.11989e-05
7.70077e-06
-2.70427e-05
9.33899e-06
-3.24727e-05
1.05237e-05
-3.66531e-05
1.13318e-05
1.21414e-05
-3.98751e-05
5.6618e-06
-5.30797e-08
9.20152e-06
6.12243e-07
1.25523e-05
-2.53208e-07
1.53731e-05
-4.95781e-07
1.75537e-05
-6.63836e-07
1.90738e-05
-1.12455e-06
1.98924e-05
-1.45773e-06
1.94273e-05
-9.83515e-08
1.81142e-05
5.49282e-07
1.61307e-05
1.15568e-06
1.31737e-05
2.61165e-06
9.16614e-06
4.40309e-06
4.28472e-06
6.11225e-06
-1.37203e-06
7.93967e-06
-7.64331e-06
9.82864e-06
-1.42934e-05
1.10134e-05
-2.08121e-05
1.14552e-05
-2.71083e-05
1.24244e-05
-3.31208e-05
1.37133e-05
-3.81735e-05
1.43917e-05
-4.2085e-05
1.44352e-05
-4.51404e-05
1.43872e-05
1.41596e-05
-4.71586e-05
5.47838e-06
-5.53145e-06
1.02608e-05
-4.17015e-06
1.4173e-05
-4.16544e-06
1.73179e-05
-3.64068e-06
1.97058e-05
-3.05167e-06
2.11182e-05
-2.53699e-06
2.12126e-05
-1.55217e-06
2.05037e-05
6.10611e-07
1.85613e-05
2.49165e-06
1.55028e-05
4.21417e-06
1.13888e-05
6.72569e-06
6.13298e-06
9.6589e-06
-1.57771e-07
1.2403e-05
-7.19786e-06
1.49798e-05
-1.45976e-05
1.72284e-05
-2.20038e-05
1.84196e-05
-2.92535e-05
1.87049e-05
-3.57201e-05
1.88911e-05
-4.0976e-05
1.89692e-05
-4.51048e-05
1.85206e-05
-4.82682e-05
1.75986e-05
-5.04587e-05
1.65777e-05
1.54377e-05
-5.17367e-05
5.65345e-06
-1.11849e-05
1.16148e-05
-1.01314e-05
1.6102e-05
-8.65264e-06
1.93597e-05
-6.89835e-06
2.15832e-05
-5.27518e-06
2.26475e-05
-3.60124e-06
2.25053e-05
-1.40994e-06
2.15579e-05
1.55797e-06
1.92681e-05
4.78148e-06
1.53656e-05
8.11666e-06
1.01495e-05
1.19418e-05
3.77214e-06
1.60362e-05
-3.73089e-06
1.9906e-05
-1.19453e-05
2.31941e-05
-2.03373e-05
2.56203e-05
-2.86479e-05
2.67301e-05
-3.62874e-05
2.63444e-05
-4.23973e-05
2.50009e-05
-4.69636e-05
2.35355e-05
-5.02878e-05
2.18448e-05
-5.2547e-05
1.98577e-05
-5.38654e-05
1.78961e-05
1.61032e-05
-5.45309e-05
8.55072e-06
-1.97355e-05
1.33898e-05
-1.49704e-05
1.73151e-05
-1.25778e-05
2.03202e-05
-9.90343e-06
2.22757e-05
-7.23064e-06
2.29689e-05
-4.29445e-06
2.24649e-05
-9.05968e-07
2.0971e-05
3.05187e-06
1.81338e-05
7.61866e-06
1.34773e-05
1.27731e-05
7.24546e-06
1.81736e-05
1.9947e-07
2.30821e-05
-7.88747e-06
2.79929e-05
-1.67996e-05
3.21063e-05
-2.59344e-05
3.47551e-05
-3.50684e-05
3.5864e-05
-4.28742e-05
3.41501e-05
-4.83037e-05
3.04302e-05
-5.19292e-05
2.7161e-05
-5.43184e-05
2.42339e-05
-5.56734e-05
2.12126e-05
-5.6027e-05
1.82497e-05
1.59887e-05
-5.59125e-05
1.06632e-05
-3.03988e-05
1.21811e-05
-1.64882e-05
1.5484e-05
-1.58807e-05
1.84239e-05
-1.28433e-05
2.01919e-05
-8.99854e-06
2.05529e-05
-4.65547e-06
1.95375e-05
1.09422e-07
1.74672e-05
5.1222e-06
1.40586e-05
1.10272e-05
9.18792e-06
1.76437e-05
3.24835e-06
2.41131e-05
-3.60455e-06
2.9935e-05
-1.10993e-05
3.54875e-05
-1.91965e-05
4.02034e-05
-2.85926e-05
4.41509e-05
-3.93403e-05
4.66113e-05
-4.77935e-05
4.26028e-05
-5.24464e-05
3.50828e-05
-5.48132e-05
2.95276e-05
-5.66045e-05
2.60252e-05
-5.73192e-05
2.19271e-05
-5.69449e-05
1.78752e-05
1.5143e-05
-5.60993e-05
2.84311e-07
-3.06833e-05
3.84361e-06
-2.00477e-05
4.62391e-06
-1.66612e-05
5.18661e-06
-1.34061e-05
5.84435e-06
-9.65632e-06
6.04182e-06
-4.85297e-06
5.14156e-06
1.00968e-06
3.66619e-06
6.59759e-06
1.80209e-06
1.28914e-05
-3.7924e-07
1.98251e-05
-3.37598e-06
2.711e-05
-8.02545e-06
3.45845e-05
-1.46546e-05
4.21167e-05
-2.29987e-05
4.85476e-05
-3.13207e-05
5.24727e-05
-3.69312e-05
5.22217e-05
-3.99244e-05
4.55955e-05
-4.46429e-05
3.98008e-05
-5.17917e-05
3.66757e-05
-5.6281e-05
3.05138e-05
-5.6828e-05
2.24737e-05
-5.57698e-05
1.68169e-05
1.37873e-05
-5.44141e-05
-2.95651e-06
-2.7727e-05
-2.47632e-06
-2.05282e-05
-3.04066e-06
-1.6097e-05
-3.83271e-06
-1.26142e-05
-5.0093e-06
-8.47982e-06
-6.08185e-06
-3.78047e-06
-6.74056e-06
1.66837e-06
-7.52721e-06
7.38427e-06
-8.05824e-06
1.34225e-05
-8.44685e-06
2.02138e-05
-9.21622e-06
2.78795e-05
-1.08743e-05
3.62428e-05
-1.37785e-05
4.50211e-05
-1.76488e-05
5.2418e-05
-2.14855e-05
5.63097e-05
-2.35702e-05
5.43067e-05
-2.70619e-05
4.90875e-05
-3.34754e-05
4.62142e-05
-4.09704e-05
4.41704e-05
-4.64245e-05
3.59675e-05
-4.937e-05
2.54188e-05
-5.18218e-05
1.92683e-05
1.49057e-05
-5.29404e-05
-3.50816e-06
-2.4219e-05
-5.59618e-06
-1.84403e-05
-7.55078e-06
-1.41425e-05
-9.6335e-06
-1.05315e-05
-1.13686e-05
-6.74475e-06
-1.27133e-05
-2.43578e-06
-1.35284e-05
2.4834e-06
-1.39526e-05
7.80843e-06
-1.38361e-05
1.33061e-05
-1.33282e-05
1.97059e-05
-1.26922e-05
2.72435e-05
-1.20938e-05
3.56445e-05
-1.13815e-05
4.43088e-05
-1.04135e-05
5.14501e-05
-9.83552e-06
5.57319e-05
-1.09378e-05
5.54093e-05
-1.3738e-05
5.18881e-05
-1.73817e-05
4.98585e-05
-1.92395e-05
4.60287e-05
-2.07073e-05
3.74357e-05
-2.37607e-05
2.84725e-05
-2.72446e-05
2.27524e-05
1.67244e-05
-2.90631e-05
-4.40281e-06
-1.98162e-05
-7.71827e-06
-1.51249e-05
-1.04236e-05
-1.14373e-05
-1.27657e-05
-8.18941e-06
-1.46962e-05
-4.81432e-06
-1.61042e-05
-1.02783e-06
-1.68957e-05
3.27492e-06
-1.71091e-05
8.02182e-06
-1.68763e-05
1.30732e-05
-1.60954e-05
1.8925e-05
-1.47611e-05
2.59092e-05
-1.28981e-05
3.37814e-05
-1.0176e-05
4.15866e-05
-6.85297e-06
4.81271e-05
-3.52688e-06
5.24058e-05
-1.53784e-06
5.34204e-05
-1.47506e-06
5.18255e-05
-1.37046e-06
4.97541e-05
-1.42769e-06
4.60862e-05
-2.5223e-06
3.85308e-05
-4.70564e-06
3.06563e-05
-6.89228e-06
2.49394e-05
1.87078e-05
-8.8754e-06
-4.96693e-06
-1.48494e-05
-8.74482e-06
-1.1347e-05
-1.17419e-05
-8.44028e-06
-1.41917e-05
-5.73966e-06
-1.61273e-05
-2.87873e-06
-1.75024e-05
3.4717e-07
-1.8261e-05
4.03353e-06
-1.84084e-05
8.16917e-06
-1.8101e-05
1.27657e-05
-1.7233e-05
1.8057e-05
-1.55996e-05
2.42757e-05
-1.2997e-05
3.11788e-05
-9.37591e-06
3.79654e-05
-5.07077e-06
4.38219e-05
-6.19934e-07
4.79549e-05
3.08805e-06
4.97124e-05
5.67299e-06
4.92405e-05
7.92246e-06
4.75047e-05
9.83454e-06
4.41742e-05
9.89173e-06
3.84737e-05
8.54695e-06
3.20013e-05
7.20569e-06
2.62808e-05
2.05435e-05
5.37022e-06
-5.06849e-06
-9.78095e-06
-8.94637e-06
-7.46923e-06
-1.20165e-05
-5.3702e-06
-1.44731e-05
-3.28309e-06
-1.63771e-05
-9.74716e-07
-1.77176e-05
1.68754e-06
-1.84631e-05
4.77907e-06
-1.86256e-05
8.33159e-06
-1.82481e-05
1.23881e-05
-1.72573e-05
1.70662e-05
-1.54274e-05
2.24457e-05
-1.25559e-05
2.83072e-05
-8.69271e-06
3.41021e-05
-4.07786e-06
3.92069e-05
8.48249e-07
4.30287e-05
5.46873e-06
4.50918e-05
9.3844e-06
4.53248e-05
1.2787e-05
4.41021e-05
1.55639e-05
4.13973e-05
1.70129e-05
3.70248e-05
1.72156e-05
3.17986e-05
1.68275e-05
2.66691e-05
2.16532e-05
1.5718e-05
-4.8512e-06
-4.92977e-06
-8.61531e-06
-3.70514e-06
-1.16151e-05
-2.37046e-06
-1.40071e-05
-8.91076e-07
-1.58499e-05
8.68017e-07
-1.71499e-05
2.98755e-06
-1.78933e-05
5.52237e-06
-1.8071e-05
8.50921e-06
-1.76668e-05
1.19839e-05
-1.66032e-05
1.60025e-05
-1.47119e-05
2.05543e-05
-1.18546e-05
2.54497e-05
-8.06094e-06
3.03084e-05
-3.51769e-06
3.46636e-05
1.44237e-06
3.80685e-05
6.37039e-06
4.01637e-05
1.09062e-05
4.07889e-05
1.49576e-05
4.00505e-05
1.83577e-05
3.79972e-05
2.0717e-05
3.46654e-05
2.19871e-05
3.05285e-05
2.24673e-05
2.61888e-05
2.19492e-05
2.21715e-05
-4.44689e-06
-4.82925e-07
-7.95966e-06
-1.92398e-07
-1.07906e-05
4.6041e-07
-1.30595e-05
1.37787e-06
-1.48132e-05
2.62163e-06
-1.60598e-05
4.23409e-06
-1.67873e-05
6.24985e-06
-1.69734e-05
8.6953e-06
-1.65803e-05
1.15907e-05
-1.55248e-05
1.49469e-05
-1.36901e-05
1.87196e-05
-1.09905e-05
2.275e-05
-7.4394e-06
2.67572e-05
-3.17716e-06
3.04012e-05
1.5476e-06
3.33437e-05
6.404e-06
3.53072e-05
1.10808e-05
3.6112e-05
1.53811e-05
3.57501e-05
1.9111e-05
3.42672e-05
2.20156e-05
3.17608e-05
2.40114e-05
2.85327e-05
2.52122e-05
2.49881e-05
2.14717e-05
2.56897e-05
-3.91678e-06
3.43387e-06
-7.10182e-06
2.99264e-06
-9.71035e-06
3.06892e-06
-1.18199e-05
3.48739e-06
-1.34604e-05
4.26214e-06
-1.46362e-05
5.40979e-06
-1.53326e-05
6.94625e-06
-1.55208e-05
8.88343e-06
-1.51553e-05
1.12251e-05
-1.41658e-05
1.39574e-05
-1.2468e-05
1.70216e-05
-1.00032e-05
2.02851e-05
-6.78521e-06
2.35392e-05
-2.91566e-06
2.65316e-05
1.42167e-06
2.90062e-05
5.9803e-06
3.07485e-05
1.05001e-05
3.15921e-05
1.4766e-05
3.14841e-05
1.85829e-05
3.04503e-05
2.17609e-05
2.85828e-05
2.42068e-05
2.60867e-05
2.59524e-05
2.32425e-05
2.03443e-05
2.70799e-05
-3.37101e-06
6.80485e-06
-6.18221e-06
5.80383e-06
-8.52356e-06
5.41026e-06
-1.04372e-05
5.40099e-06
-1.1937e-05
5.76196e-06
-1.30202e-05
6.49295e-06
-1.36692e-05
7.5952e-06
-1.38531e-05
9.06726e-06
-1.35272e-05
1.08992e-05
-1.26333e-05
1.30634e-05
-1.11102e-05
1.54985e-05
-8.91922e-06
1.80941e-05
-6.0713e-06
2.06912e-05
-2.64021e-06
2.31004e-05
1.23758e-06
2.51284e-05
5.37783e-06
2.66081e-05
9.57027e-06
2.73996e-05
1.36172e-05
2.74371e-05
1.73408e-05
2.67266e-05
2.0587e-05
2.53365e-05
2.32656e-05
2.34081e-05
2.53735e-05
2.11346e-05
1.87481e-05
2.69698e-05
-2.85959e-06
9.6645e-06
-5.27893e-06
8.22319e-06
-7.32078e-06
7.45211e-06
-9.00784e-06
7.08804e-06
-1.03414e-05
7.09547e-06
-1.13115e-05
7.46307e-06
-1.18979e-05
8.18155e-06
-1.20697e-05
9.23904e-06
-1.17864e-05
1.06158e-05
-1.10004e-05
1.22774e-05
-9.66629e-06
1.41643e-05
-7.7572e-06
1.61849e-05
-5.28193e-06
1.82158e-05
-2.29486e-06
2.01133e-05
1.10348e-06
2.17299e-05
4.77496e-06
2.29366e-05
8.5542e-06
2.36204e-05
1.22738e-05
2.37175e-05
1.57805e-05
2.32199e-05
1.89458e-05
2.21712e-05
2.16878e-05
2.06661e-05
2.39848e-05
1.88377e-05
1.6858e-05
2.5875e-05
-2.37725e-06
1.20418e-05
-4.40749e-06
1.02535e-05
-6.13839e-06
9.18301e-06
-7.58181e-06
8.53147e-06
-8.73184e-06
8.24549e-06
-9.57399e-06
8.3052e-06
-1.0086e-05
8.69357e-06
-1.02383e-05
9.39122e-06
-9.99466e-06
1.03722e-05
-9.31622e-06
1.15989e-05
-8.16822e-06
1.30162e-05
-6.53099e-06
1.45476e-05
-4.41114e-06
1.60959e-05
-1.84845e-06
1.75505e-05
1.08289e-06
1.87985e-05
4.27953e-06
1.97399e-05
7.61409e-06
2.02857e-05
1.09514e-05
2.03801e-05
1.41649e-05
2.00064e-05
1.7147e-05
1.91891e-05
1.98238e-05
1.79893e-05
2.21661e-05
1.64955e-05
1.48406e-05
2.41836e-05
-1.92104e-06
1.39629e-05
-3.5704e-06
1.19028e-05
-4.98848e-06
1.06011e-05
-6.1818e-06
9.72479e-06
-7.1401e-06
9.20378e-06
-7.8459e-06
9.01098e-06
-8.27601e-06
9.12365e-06
-8.40209e-06
9.51727e-06
-8.19217e-06
1.01622e-05
-7.61372e-06
1.10204e-05
-6.63914e-06
1.20416e-05
-5.25308e-06
1.31615e-05
-3.45984e-06
1.43026e-05
-1.28819e-06
1.53788e-05
1.20738e-06
1.63029e-05
3.94971e-06
1.69975e-05
6.84224e-06
1.73932e-05
9.77933e-06
1.7443e-05
1.26583e-05
1.71275e-05
1.53908e-05
1.64566e-05
1.79117e-05
1.54684e-05
2.01856e-05
1.42217e-05
1.28181e-05
2.22081e-05
-1.48255e-06
1.54454e-05
-2.76194e-06
1.31823e-05
-3.87293e-06
1.17121e-05
-4.8176e-06
1.06695e-05
-5.58309e-06
9.96926e-06
-6.14997e-06
9.57785e-06
-6.49444e-06
9.4681e-06
-6.58941e-06
9.61221e-06
-6.40605e-06
9.97883e-06
-5.91645e-06
1.05307e-05
-5.09769e-06
1.12228e-05
-3.93684e-06
1.20006e-05
-2.43597e-06
1.28017e-05
-6.15473e-07
1.35583e-05
1.48511e-06
1.42023e-05
3.80869e-06
1.46739e-05
6.28228e-06
1.49196e-05
8.82492e-06
1.49004e-05
1.1356e-05
1.45964e-05
1.38028e-05
1.40098e-05
1.6108e-05
1.31631e-05
1.8236e-05
1.20938e-05
1.08892e-05
2.0165e-05
-1.05637e-06
1.65019e-05
-1.97749e-06
1.41035e-05
-2.79071e-06
1.25254e-05
-3.49395e-06
1.13727e-05
-4.07136e-06
1.05467e-05
-4.50158e-06
1.00081e-05
-4.76017e-06
9.72667e-06
-4.82087e-06
9.67289e-06
-4.65709e-06
9.81502e-06
-4.24404e-06
1.01177e-05
-3.56172e-06
1.05404e-05
-2.59843e-06
1.10373e-05
-1.35406e-06
1.15573e-05
1.5746e-07
1.20467e-05
1.90749e-06
1.24522e-05
3.8544e-06
1.2727e-05
5.94374e-06
1.28302e-05
8.11403e-06
1.273e-05
1.03019e-05
1.24085e-05
1.24488e-05
1.18629e-05
1.45062e-05
1.11057e-05
1.64379e-05
1.01622e-05
9.10592e-06
1.82213e-05
-6.36997e-07
1.7139e-05
-1.21404e-06
1.46805e-05
-1.74389e-06
1.30553e-05
-2.21761e-06
1.18465e-05
-2.61591e-06
1.0945e-05
-2.91532e-06
1.03075e-05
-3.09048e-06
9.90183e-06
-3.11547e-06
9.69787e-06
-2.96508e-06
9.6646e-06
-2.61646e-06
9.76901e-06
-2.0513e-06
9.9752e-06
-1.25834e-06
1.02443e-05
-2.35602e-07
1.05345e-05
1.00838e-06
1.08027e-05
2.45313e-06
1.10074e-05
4.06788e-06
1.11122e-05
5.81292e-06
1.10851e-05
7.64183e-06
1.09011e-05
9.50591e-06
1.05444e-05
1.13577e-05
1.00111e-05
1.31556e-05
9.30784e-06
1.48673e-05
8.4505e-06
7.51012e-06
1.64633e-05
-2.27515e-07
1.73666e-05
-4.77375e-07
1.49305e-05
-7.40987e-07
1.33189e-05
-1.0006e-06
1.21061e-05
-1.23201e-06
1.11764e-05
-1.40907e-06
1.04845e-05
-1.50522e-06
9.99798e-06
-1.49445e-06
9.68709e-06
-1.35223e-06
9.52237e-06
-1.05677e-06
9.47353e-06
-5.90616e-07
9.50902e-06
5.74144e-08
9.5962e-06
8.91408e-07
9.70048e-06
1.90671e-06
9.78735e-06
3.08899e-06
9.82511e-06
4.41613e-06
9.78503e-06
5.85913e-06
9.64212e-06
7.38331e-06
9.37693e-06
8.95053e-06
8.97717e-06
1.05232e-05
8.43838e-06
1.20669e-05
7.76414e-06
1.35511e-05
6.96636e-06
6.1106e-06
1.49507e-05
1.70192e-07
1.71965e-05
2.2205e-07
1.48787e-05
2.00099e-07
1.33409e-05
1.36248e-07
1.217e-05
5.79997e-08
1.12547e-05
-6.34172e-09
1.05489e-05
-2.89865e-08
1.00206e-05
1.6682e-08
9.64142e-06
1.5506e-07
9.38399e-06
4.07425e-07
9.22116e-06
7.91203e-07
9.12523e-06
1.3186e-06
9.06878e-06
1.99457e-06
9.02449e-06
2.8167e-06
8.96519e-06
3.77615e-06
8.86565e-06
4.85775e-06
8.70342e-06
6.04025e-06
8.45961e-06
7.29747e-06
8.11971e-06
8.60046e-06
7.67418e-06
9.91919e-06
7.11964e-06
1.12242e-05
6.45913e-06
1.24901e-05
5.70046e-06
4.91215e-06
1.36887e-05
5.27585e-07
1.66691e-05
8.55332e-07
1.45511e-05
1.05652e-06
1.31398e-05
1.16996e-06
1.20566e-05
1.22982e-06
1.11949e-05
1.26727e-06
1.05115e-05
1.31187e-06
9.97605e-06
1.39111e-06
9.5622e-06
1.52981e-06
9.2453e-06
1.74931e-06
9.00166e-06
2.06649e-06
8.80805e-06
2.49343e-06
8.64183e-06
3.03692e-06
8.48099e-06
3.69772e-06
8.30438e-06
4.47082e-06
8.09254e-06
5.34574e-06
7.82849e-06
6.30707e-06
7.49828e-06
7.33527e-06
7.09151e-06
8.40767e-06
6.60176e-06
9.50033e-06
6.02696e-06
1.059e-05
5.36943e-06
1.16537e-05
4.63681e-06
3.89516e-06
1.26708e-05
8.35149e-07
1.5834e-05
1.40568e-06
1.39806e-05
1.80259e-06
1.2743e-05
2.07341e-06
1.17859e-05
2.25614e-06
1.10122e-05
2.38468e-06
1.0383e-05
2.49018e-06
9.87057e-06
2.60107e-06
9.45133e-06
2.74258e-06
9.1038e-06
2.93627e-06
8.80798e-06
3.19942e-06
8.5449e-06
3.5448e-06
8.29645e-06
3.98032e-06
8.04547e-06
4.50881e-06
7.77588e-06
5.12814e-06
7.4732e-06
5.83153e-06
7.12511e-06
6.60794e-06
6.72188e-06
7.44268e-06
6.25677e-06
8.31868e-06
5.72576e-06
9.21682e-06
5.1288e-06
1.01172e-05
4.46902e-06
1.10018e-05
3.75223e-06
3.04817e-06
1.1849e-05
1.07896e-06
1.47552e-05
1.85272e-06
1.3207e-05
2.41671e-06
1.21791e-05
2.82249e-06
1.13802e-05
3.11116e-06
1.07236e-05
3.31883e-06
1.01753e-05
3.4781e-06
9.71134e-06
3.61819e-06
9.31126e-06
3.76482e-06
8.95719e-06
3.93983e-06
8.63299e-06
4.16089e-06
8.32384e-06
4.44136e-06
8.016e-06
4.79009e-06
7.69674e-06
5.21152e-06
7.35446e-06
5.7057e-06
6.97902e-06
6.26866e-06
6.56215e-06
6.89274e-06
6.0978e-06
7.56722e-06
5.5823e-06
8.27848e-06
5.01449e-06
9.01141e-06
4.39585e-06
9.75048e-06
3.72993e-06
1.04791e-05
3.0237e-06
2.34587e-06
1.11815e-05
1.25915e-06
1.34961e-05
2.19218e-06
1.2274e-05
2.88971e-06
1.14816e-05
3.40521e-06
1.08647e-05
3.78104e-06
1.03478e-05
4.05451e-06
9.90193e-06
4.25913e-06
9.50676e-06
4.42476e-06
9.14565e-06
4.57746e-06
8.80452e-06
4.73927e-06
8.4712e-06
4.92811e-06
8.13502e-06
5.15773e-06
7.78639e-06
5.43774e-06
7.41674e-06
5.77369e-06
7.01851e-06
6.16733e-06
6.58539e-06
6.61681e-06
6.11269e-06
7.11703e-06
5.59759e-06
7.66006e-06
5.03929e-06
8.23581e-06
4.43874e-06
8.83241e-06
3.79923e-06
9.43612e-06
3.12623e-06
1.00341e-05
2.42572e-06
1.77116e-06
1.0609e-05
1.37942e-06
1.21169e-05
2.42842e-06
1.12252e-05
3.2258e-06
1.06844e-05
3.82402e-06
1.02666e-05
4.26599e-06
9.90588e-06
4.58969e-06
9.57828e-06
4.82918e-06
9.26731e-06
5.01468e-06
8.96019e-06
5.17236e-06
8.64686e-06
5.32427e-06
8.31932e-06
5.4883e-06
7.97101e-06
5.67832e-06
7.59638e-06
5.90434e-06
7.19074e-06
6.17268e-06
6.75018e-06
6.48625e-06
6.27184e-06
6.84478e-06
5.75417e-06
7.24518e-06
5.1972e-06
7.68188e-06
4.6026e-06
8.14697e-06
3.97366e-06
8.63082e-06
3.31536e-06
9.12348e-06
2.63355e-06
9.61316e-06
1.93612e-06
1.29649e-06
1.0088e-05
1.45393e-06
1.06631e-05
2.57853e-06
1.01007e-05
3.44163e-06
9.82134e-06
4.0945e-06
9.61377e-06
4.57979e-06
9.42064e-06
4.93587e-06
9.22224e-06
5.19733e-06
9.00589e-06
5.39459e-06
8.76295e-06
5.55374e-06
8.48773e-06
5.6965e-06
8.17659e-06
5.84038e-06
7.82714e-06
5.99901e-06
7.43778e-06
6.18237e-06
7.00739e-06
6.39714e-06
6.53542e-06
6.64698e-06
6.02202e-06
6.93275e-06
5.46841e-06
7.25286e-06
4.87711e-06
7.60341e-06
4.25207e-06
7.97886e-06
3.59822e-06
8.37192e-06
2.92228e-06
8.77357e-06
2.23192e-06
9.17518e-06
1.53448e-06
9.08429e-07
9.56342e-06
1.49598e-06
9.16733e-06
2.66413e-06
8.93264e-06
3.56349e-06
8.92205e-06
4.24345e-06
8.93387e-06
4.74761e-06
8.91652e-06
5.11589e-06
8.85399e-06
5.3839e-06
8.7379e-06
5.58239e-06
8.56449e-06
5.73709e-06
8.33306e-06
5.86896e-06
8.04474e-06
5.9947e-06
7.70143e-06
6.12717e-06
7.30532e-06
6.27592e-06
6.85866e-06
6.44753e-06
6.36382e-06
6.64598e-06
5.82359e-06
6.87287e-06
5.24154e-06
7.12772e-06
4.62228e-06
7.40825e-06
3.97157e-06
7.7102e-06
3.29628e-06
8.02795e-06
2.60453e-06
8.35538e-06
1.90448e-06
8.6842e-06
1.20576e-06
5.886e-07
9.00414e-06
1.52629e-06
7.641e-06
2.71559e-06
7.74339e-06
3.62458e-06
8.01311e-06
4.3041e-06
8.25439e-06
4.80128e-06
8.41937e-06
5.15964e-06
8.49566e-06
5.41688e-06
8.48068e-06
5.60423e-06
8.37716e-06
5.74673e-06
8.19059e-06
5.86407e-06
7.92741e-06
5.97148e-06
7.59403e-06
6.08056e-06
7.19626e-06
6.19988e-06
6.73936e-06
6.33549e-06
6.22822e-06
6.49129e-06
5.66782e-06
6.66924e-06
5.06361e-06
6.86963e-06
4.42192e-06
7.09116e-06
3.75007e-06
7.33135e-06
3.0561e-06
7.58664e-06
2.34924e-06
7.85133e-06
1.63981e-06
8.1197e-06
9.37354e-07
3.28826e-07
8.37965e-06
1.56322e-06
6.07801e-06
2.76521e-06
6.54151e-06
3.66212e-06
7.11626e-06
4.31283e-06
7.60372e-06
4.77508e-06
7.95714e-06
5.09977e-06
8.17099e-06
5.32794e-06
8.25254e-06
5.49114e-06
8.21398e-06
5.61307e-06
8.06867e-06
5.71134e-06
7.82916e-06
5.799e-06
7.50638e-06
5.88574e-06
7.10954e-06
5.97867e-06
6.64645e-06
6.08287e-06
6.12405e-06
6.20175e-06
5.54897e-06
6.33726e-06
4.92812e-06
6.49015e-06
4.26907e-06
6.66003e-06
3.58021e-06
6.84548e-06
2.87069e-06
7.04399e-06
2.15072e-06
7.25329e-06
1.4305e-06
7.46855e-06
7.22223e-07
1.16142e-07
7.68134e-06
1.63472e-06
4.44326e-06
2.85244e-06
5.32383e-06
3.71312e-06
6.25561e-06
4.30255e-06
7.01432e-06
4.69975e-06
7.55995e-06
4.96691e-06
7.90384e-06
5.14875e-06
8.07071e-06
5.27618e-06
8.08656e-06
5.37027e-06
7.97459e-06
5.44547e-06
7.75398e-06
5.51186e-06
7.44001e-06
5.57664e-06
7.04478e-06
5.64499e-06
6.57811e-06
5.72067e-06
6.04839e-06
5.80625e-06
5.46342e-06
5.90334e-06
4.83106e-06
6.01269e-06
4.15976e-06
6.13431e-06
3.45862e-06
6.2679e-06
2.73711e-06
6.41301e-06
2.00562e-06
6.56824e-06
1.27532e-06
6.73248e-06
5.57938e-07
-4.95109e-08
6.89831e-06
1.7684e-06
2.6751e-06
3.01358e-06
4.07873e-06
3.80661e-06
5.46262e-06
4.29552e-06
6.52542e-06
4.59658e-06
7.25891e-06
4.78544e-06
7.71499e-06
4.90819e-06
7.94795e-06
4.99245e-06
8.00231e-06
5.05471e-06
7.91234e-06
5.10503e-06
7.70366e-06
5.14983e-06
7.39522e-06
5.19342e-06
7.00121e-06
5.23882e-06
6.53273e-06
5.28821e-06
5.99902e-06
5.34306e-06
5.40858e-06
5.40426e-06
4.76989e-06
5.47215e-06
4.0919e-06
5.54678e-06
3.38402e-06
5.62798e-06
2.65594e-06
5.71597e-06
1.91763e-06
5.81298e-06
1.1783e-06
5.92107e-06
4.4997e-07
-1.68057e-07
6.03968e-06
1.97985e-06
6.95204e-07
3.27221e-06
2.7864e-06
3.94603e-06
4.78883e-06
4.2894e-06
6.18208e-06
4.46998e-06
7.07834e-06
4.57042e-06
7.61456e-06
4.63131e-06
7.88707e-06
4.67278e-06
7.96085e-06
4.7047e-06
7.88043e-06
4.73195e-06
7.67642e-06
4.75708e-06
7.3701e-06
4.78157e-06
6.97674e-06
4.80638e-06
6.50793e-06
4.83209e-06
5.97333e-06
4.85895e-06
5.38175e-06
4.88675e-06
4.74211e-06
4.91489e-06
4.06378e-06
4.94235e-06
3.35657e-06
4.96842e-06
2.62989e-06
4.9938e-06
1.89225e-06
5.02122e-06
1.15092e-06
5.05915e-06
4.11939e-07
-2.24675e-07
5.11589e-06
2.11317e-06
-1.41792e-06
3.58522e-06
1.31436e-06
4.07748e-06
4.29658e-06
4.24483e-06
6.01472e-06
4.30585e-06
7.01732e-06
4.32996e-06
7.59045e-06
4.34228e-06
7.87475e-06
4.35199e-06
7.95114e-06
4.36177e-06
7.87065e-06
4.37189e-06
7.66631e-06
4.38189e-06
7.36011e-06
4.39117e-06
6.96746e-06
4.39912e-06
6.5e-06
4.40502e-06
5.96744e-06
4.40788e-06
5.3789e-06
4.40623e-06
4.74377e-06
4.39784e-06
4.07219e-06
4.37978e-06
3.37465e-06
4.34873e-06
2.66095e-06
4.30208e-06
1.93889e-06
4.24265e-06
1.21031e-06
4.18402e-06
4.70696e-07
-1.97266e-07
4.15668e-06
2.1552e-06
-3.57319e-06
3.86552e-06
-3.96026e-07
4.07652e-06
4.08552e-06
4.09301e-06
5.99818e-06
4.08794e-06
7.02233e-06
4.08038e-06
7.59798e-06
4.07558e-06
7.87951e-06
4.07419e-06
7.9525e-06
4.07515e-06
7.86967e-06
4.07704e-06
7.6644e-06
4.07844e-06
7.35869e-06
4.07802e-06
6.96786e-06
4.07447e-06
6.50354e-06
4.06631e-06
5.9756e-06
4.05157e-06
5.39363e-06
4.02745e-06
4.7679e-06
3.9898e-06
4.10984e-06
3.93268e-06
3.43178e-06
3.84819e-06
2.74544e-06
3.72729e-06
2.0598e-06
3.56283e-06
1.37485e-06
3.3586e-06
6.74913e-07
-5.08219e-09
3.1665e-06
1.10569e-06
2.90302e-06
3.55099e-06
3.78192e-06
3.86179e-06
3.89017e-06
3.90101e-06
3.90533e-06
3.90698e-06
3.90695e-06
3.90487e-06
3.89982e-06
3.89049e-06
3.87512e-06
3.85128e-06
3.81532e-06
3.76169e-06
3.68183e-06
3.56275e-06
3.38525e-06
3.12282e-06
2.72876e-06
2.12698e-06
-7.61114e-06
1.2111e-06
-8.66401e-06
1.05286e-06
-9.36794e-06
7.03934e-07
1.2989e-06
-1.06669e-05
-1.51763e-05
3.19409e-06
-1.83649e-05
4.24144e-06
-2.23022e-05
4.64123e-06
4.3101e-06
-2.53134e-05
-3.02675e-05
5.04331e-06
-3.15805e-05
5.55454e-06
-3.23579e-05
5.41857e-06
4.80346e-06
-3.28512e-05
-4.0774e-05
5.9422e-06
-4.11175e-05
5.8981e-06
-4.11358e-05
5.43683e-06
4.67893e-06
-4.10112e-05
-4.75733e-05
6.35696e-06
-4.76296e-05
5.95437e-06
-4.75277e-05
5.33492e-06
4.54682e-06
-4.73956e-05
-5.19885e-05
6.6087e-06
-5.20583e-05
6.02419e-06
-5.20029e-05
5.27955e-06
4.43008e-06
-5.18862e-05
-5.47156e-05
6.79342e-06
-5.47873e-05
6.09585e-06
-5.47483e-05
5.24059e-06
4.28806e-06
-5.46063e-05
-5.59071e-05
6.78806e-06
-5.58679e-05
6.05668e-06
-5.56776e-05
5.05029e-06
4.0127e-06
-5.54023e-05
-5.56652e-05
6.35397e-06
-5.53405e-05
5.732e-06
-5.48222e-05
4.53196e-06
3.52391e-06
-5.43335e-05
-5.37902e-05
5.72997e-06
-5.33015e-05
5.24328e-06
-5.25765e-05
3.80685e-06
2.57663e-06
-5.16293e-05
-5.24797e-05
5.26932e-06
-5.10875e-05
3.85099e-06
-5.00865e-05
2.80576e-06
1.94448e-06
-4.94544e-05
-2.94759e-05
5.68208e-06
-2.95157e-05
3.89083e-06
-2.96423e-05
2.9323e-06
2.32848e-06
-3.00264e-05
-9.8376e-06
6.64437e-06
-1.10187e-05
5.07188e-06
-1.21652e-05
4.07883e-06
3.36159e-06
-1.31984e-05
4.38676e-06
7.62789e-06
3.09738e-06
6.36132e-06
1.80841e-06
5.36773e-06
4.54161e-06
6.28286e-07
1.48958e-05
8.45009e-06
1.3856e-05
7.40113e-06
1.27804e-05
6.44324e-06
5.58858e-06
1.17334e-05
2.17446e-05
8.87703e-06
2.11648e-05
7.98096e-06
2.05229e-05
7.08506e-06
6.26106e-06
1.98503e-05
2.56903e-05
8.87643e-06
2.55734e-05
8.09785e-06
2.53761e-05
7.28234e-06
6.52906e-06
2.51081e-05
2.7435e-05
8.52136e-06
2.76926e-05
7.84018e-06
2.78664e-05
7.10851e-06
6.44517e-06
2.79503e-05
2.75819e-05
7.90931e-06
2.81089e-05
7.3132e-06
2.85507e-05
6.66665e-06
6.09647e-06
2.88993e-05
2.66471e-05
7.13723e-06
2.73433e-05
6.61698e-06
2.79631e-05
6.04682e-06
5.5661e-06
2.84934e-05
2.50367e-05
6.28418e-06
2.5822e-05
5.83168e-06
2.65352e-05
5.33355e-06
4.93279e-06
2.71685e-05
2.30775e-05
5.41481e-06
2.38877e-05
5.02149e-06
2.46381e-05
4.58314e-06
4.25265e-06
2.53181e-05
2.1006e-05
4.57381e-06
2.17965e-05
4.23102e-06
2.25319e-05
3.84762e-06
3.57524e-06
2.32093e-05
1.90014e-05
3.79375e-06
1.9739e-05
3.4934e-06
2.04341e-05
3.15242e-06
2.92811e-06
2.10811e-05
1.71661e-05
3.09097e-06
1.78337e-05
2.82572e-06
1.84631e-05
2.52305e-06
2.33602e-06
1.9055e-05
1.55672e-05
2.47457e-06
1.61548e-05
2.23806e-06
1.67149e-05
1.96289e-06
1.80553e-06
1.72452e-05
1.42193e-05
1.94402e-06
1.47269e-05
1.73035e-06
1.5209e-05
1.48074e-06
1.34511e-06
1.56693e-05
1.31187e-05
1.49622e-06
1.35479e-05
1.30105e-06
1.39601e-05
1.06845e-06
9.49743e-07
1.43554e-05
1.22229e-05
1.12228e-06
1.2582e-05
9.41913e-07
1.29244e-05
7.25995e-07
6.19376e-07
1.32546e-05
1.14899e-05
8.13906e-07
1.17858e-05
6.45952e-07
1.20711e-05
4.40635e-07
3.43836e-07
1.23465e-05
1.08618e-05
5.61084e-07
1.11043e-05
4.03353e-07
1.13347e-05
2.10136e-07
1.20287e-07
1.15581e-05
1.02929e-05
3.5616e-07
1.04884e-05
2.07851e-07
1.06762e-05
2.22526e-08
-6.16147e-08
1.0858e-05
9.72917e-06
1.90439e-07
9.88597e-06
5.09673e-08
1.00331e-05
-1.24921e-07
-2.04501e-07
1.01758e-05
9.13691e-06
5.77035e-08
9.26071e-06
-7.2794e-08
9.37779e-06
-2.42131e-07
-3.17791e-07
9.49099e-06
8.48568e-06
-4.83104e-08
8.58316e-06
-1.70379e-07
8.67143e-06
-3.30426e-07
-4.03369e-07
8.75689e-06
7.76448e-06
-1.31402e-07
7.83928e-06
-2.4508e-07
7.90748e-06
-3.98744e-07
-4.68371e-07
7.97243e-06
6.96252e-06
-1.95554e-07
7.01904e-06
-3.01707e-07
7.06654e-06
-4.46219e-07
-5.12328e-07
7.11041e-06
6.08595e-06
-2.41793e-07
6.12549e-06
-3.41122e-07
6.1569e-06
-4.77742e-07
-5.38158e-07
6.1827e-06
5.14302e-06
-2.68912e-07
5.16462e-06
-3.62866e-07
5.17358e-06
-4.86653e-07
-5.38141e-07
5.17349e-06
4.15471e-06
-2.66907e-07
4.1484e-06
-3.56386e-07
4.12172e-06
-4.60074e-07
-4.96043e-07
4.07962e-06
3.12459e-06
-2.24953e-07
3.06277e-06
-2.94709e-07
2.94094e-06
-3.38184e-07
-3.68629e-07
2.81354e-06
1.87421e-06
1.63802e-06
1.42193e-06
1.25136e-06
-1.27739e-05
7.97312e-06
-1.11802e-05
9.84292e-06
-1.23339e-05
1.25296e-06
-1.48602e-05
-2.74982e-06
-1.51498e-05
-6.4957e-06
-1.49494e-05
-1.0922e-05
-1.38784e-05
-1.69779e-05
-1.24496e-05
-1.56191e-05
-8.65029e-06
-1.23782e-05
-4.70481e-06
-9.79793e-06
-1.28083e-06
-7.80114e-06
1.73575e-06
-6.17002e-06
4.12902e-06
-4.57621e-06
5.83273e-06
-2.74376e-06
7.02354e-06
-6.71407e-07
6.95746e-06
2.55947e-06
6.06831e-06
9.56374e-06
3.22768e-06
1.98789e-05
3.51654e-05
-2.55332e-05
8.19295e-06
-2.13903e-05
5.70002e-06
-2.05929e-05
4.55589e-07
-2.01948e-05
-3.1479e-06
-2.04584e-05
-6.23217e-06
-2.14307e-05
-9.94963e-06
-2.17489e-05
-1.66597e-05
-1.98841e-05
-1.74839e-05
-1.67258e-05
-1.55365e-05
-1.28852e-05
-1.36385e-05
-9.26854e-06
-1.14178e-05
-5.99671e-06
-9.44183e-06
-3.22573e-06
-7.34719e-06
-1.18543e-06
-4.78405e-06
1.59061e-07
-2.01589e-06
8.15971e-07
1.90257e-06
5.43811e-07
9.83591e-06
-7.47313e-07
2.117e-05
3.44182e-05
-3.28257e-05
8.16736e-06
-3.1169e-05
4.04338e-06
-3.05164e-05
-1.97029e-07
-2.98375e-05
-3.82676e-06
-2.87964e-05
-7.27328e-06
-2.77326e-05
-1.10134e-05
-2.8053e-05
-1.63393e-05
-2.70335e-05
-1.85034e-05
-2.4535e-05
-1.8035e-05
-2.13323e-05
-1.68412e-05
-1.78853e-05
-1.48648e-05
-1.44936e-05
-1.28335e-05
-1.13794e-05
-1.04614e-05
-8.68747e-06
-7.47596e-06
-6.78666e-06
-3.91668e-06
-5.67661e-06
7.92525e-07
-5.01807e-06
9.17737e-06
-4.55378e-06
2.07057e-05
2.98644e-05
-4.07675e-05
7.92361e-06
-4.01255e-05
3.40142e-06
-3.94253e-05
-8.97201e-07
-3.84839e-05
-4.76821e-06
-3.72331e-05
-8.52405e-06
-3.58272e-05
-1.24194e-05
-3.56578e-05
-1.65087e-05
-3.50367e-05
-1.91244e-05
-3.32003e-05
-1.98715e-05
-3.07397e-05
-1.93017e-05
-2.76498e-05
-1.79546e-05
-2.43259e-05
-1.61574e-05
-2.09436e-05
-1.38437e-05
-1.75754e-05
-1.08442e-05
-1.4494e-05
-6.99815e-06
-1.21142e-05
-1.58722e-06
-9.63025e-06
6.6934e-06
-5.5116e-06
1.65871e-05
2.43528e-05
-4.70517e-05
7.57971e-06
-4.66343e-05
2.98408e-06
-4.61389e-05
-1.39269e-06
-4.54429e-05
-5.46418e-06
-4.45562e-05
-9.4107e-06
-4.36438e-05
-1.33318e-05
-4.30185e-05
-1.7134e-05
-4.22462e-05
-1.98968e-05
-4.08682e-05
-2.12494e-05
-3.87674e-05
-2.14025e-05
-3.60688e-05
-2.06533e-05
-3.29709e-05
-1.92553e-05
-2.95998e-05
-1.72148e-05
-2.60229e-05
-1.4421e-05
-2.23263e-05
-1.06947e-05
-1.8344e-05
-5.56956e-06
-1.33613e-05
1.71076e-06
-6.92867e-06
1.01544e-05
1.74241e-05
-5.15245e-05
7.21809e-06
-5.11786e-05
2.63812e-06
-5.08569e-05
-1.71434e-06
-5.04241e-05
-5.89701e-06
-4.98374e-05
-9.99738e-06
-4.91834e-05
-1.39859e-05
-4.86313e-05
-1.76861e-05
-4.79202e-05
-2.06079e-05
-4.67061e-05
-2.24635e-05
-4.48972e-05
-2.32115e-05
-4.2514e-05
-2.30365e-05
-3.96446e-05
-2.21246e-05
-3.63485e-05
-2.0511e-05
-3.26293e-05
-1.81403e-05
-2.84183e-05
-1.49057e-05
-2.33594e-05
-1.06284e-05
-1.67581e-05
-4.89056e-06
-8.58725e-06
1.98352e-06
8.83685e-06
-5.4126e-05
6.73778e-06
-5.37887e-05
2.3009e-06
-5.36091e-05
-1.89397e-06
-5.34419e-05
-6.06424e-06
-5.31662e-05
-1.02731e-05
-5.28061e-05
-1.4346e-05
-5.24148e-05
-1.80774e-05
-5.17957e-05
-2.1227e-05
-5.07191e-05
-2.35401e-05
-4.91072e-05
-2.48234e-05
-4.69472e-05
-2.51965e-05
-4.42432e-05
-2.48286e-05
-4.09908e-05
-2.37633e-05
-3.71822e-05
-2.1949e-05
-3.26868e-05
-1.94011e-05
-2.71511e-05
-1.61641e-05
-1.99887e-05
-1.2053e-05
-1.07334e-05
-7.27185e-06
-1.89653e-06
-5.47988e-05
6.13434e-06
-5.44597e-05
1.9618e-06
-5.44365e-05
-1.91719e-06
-5.45626e-05
-5.93815e-06
-5.45494e-05
-1.02863e-05
-5.44124e-05
-1.44829e-05
-5.42336e-05
-1.82561e-05
-5.383e-05
-2.16306e-05
-5.28925e-05
-2.44775e-05
-5.14363e-05
-2.62796e-05
-4.94479e-05
-2.71848e-05
-4.6862e-05
-2.74145e-05
-4.35918e-05
-2.70334e-05
-3.96397e-05
-2.59011e-05
-3.50212e-05
-2.40197e-05
-2.93231e-05
-2.18622e-05
-2.23635e-05
-1.90126e-05
-1.30477e-05
-1.65876e-05
-1.49442e-05
-5.36273e-05
5.42814e-06
-5.34665e-05
1.80105e-06
-5.37215e-05
-1.66217e-06
-5.39645e-05
-5.69512e-06
-5.39385e-05
-1.03122e-05
-5.39482e-05
-1.44732e-05
-5.40817e-05
-1.81226e-05
-5.40157e-05
-2.16965e-05
-5.33298e-05
-2.51634e-05
-5.21214e-05
-2.7488e-05
-5.03611e-05
-2.89451e-05
-4.79671e-05
-2.98084e-05
-4.49016e-05
-3.00988e-05
-4.11488e-05
-2.96537e-05
-3.62934e-05
-2.8875e-05
-3.01958e-05
-2.79596e-05
-2.31219e-05
-2.60865e-05
-1.42924e-05
-2.54169e-05
-2.92366e-05
-5.01714e-05
3.97021e-06
-5.00847e-05
1.71441e-06
-5.10115e-05
-7.35314e-07
-5.08279e-05
-5.87858e-06
-5.02728e-05
-1.08672e-05
-5.05083e-05
-1.42371e-05
-5.14282e-05
-1.72016e-05
-5.1952e-05
-2.11712e-05
-5.1997e-05
-2.51168e-05
-5.13866e-05
-2.80969e-05
-5.02602e-05
-3.007e-05
-4.86733e-05
-3.13942e-05
-4.58409e-05
-3.29303e-05
-4.32148e-05
-3.22793e-05
-3.83785e-05
-3.37107e-05
-3.18532e-05
-3.44845e-05
-2.33106e-05
-3.46286e-05
-1.40931e-05
-3.46341e-05
-4.33296e-05
-4.86696e-05
3.18531e-06
-4.75294e-05
5.74205e-07
-4.58119e-05
-2.4529e-06
-4.47772e-05
-6.91334e-06
-4.42127e-05
-1.14314e-05
-4.3629e-05
-1.48204e-05
-4.40107e-05
-1.6819e-05
-4.59983e-05
-1.91827e-05
-4.76427e-05
-2.34714e-05
-4.85534e-05
-2.71852e-05
-4.90528e-05
-2.95697e-05
-4.96958e-05
-3.07504e-05
-4.84878e-05
-3.41377e-05
-4.19792e-05
-3.87874e-05
-3.65011e-05
-3.91888e-05
-3.04787e-05
-4.05068e-05
-2.41436e-05
-4.09638e-05
-1.64729e-05
-4.23048e-05
-5.98026e-05
-3.08514e-05
4.01002e-06
-3.10833e-05
8.05935e-07
-3.09058e-05
-2.63066e-06
-3.08966e-05
-6.92288e-06
-3.1321e-05
-1.10073e-05
-3.28021e-05
-1.33398e-05
-3.47912e-05
-1.48309e-05
-3.64512e-05
-1.75241e-05
-3.5883e-05
-2.4041e-05
-3.48653e-05
-2.82043e-05
-3.51084e-05
-2.93279e-05
-3.60278e-05
-2.98321e-05
-3.47814e-05
-3.5385e-05
-3.00246e-05
-4.35448e-05
-2.13983e-05
-4.78157e-05
-1.52099e-05
-4.66957e-05
-9.49324e-06
-4.6681e-05
-1.79151e-06
-5.0007e-05
-6.15943e-05
-1.49954e-05
5.80676e-06
-1.68183e-05
2.62861e-06
-1.81481e-05
-1.30112e-06
-1.9597e-05
-5.47414e-06
-2.15765e-05
-9.02827e-06
-2.34517e-05
-1.14653e-05
-2.4703e-05
-1.35804e-05
-2.41588e-05
-1.80693e-05
-2.24869e-05
-2.57139e-05
-2.02959e-05
-3.03963e-05
-1.88768e-05
-3.07481e-05
-1.81101e-05
-3.05997e-05
-1.66414e-05
-3.68545e-05
-1.47102e-05
-4.54765e-05
-1.16776e-05
-5.08486e-05
-8.19892e-06
-5.01746e-05
-4.05654e-06
-5.08235e-05
1.54735e-07
-5.42185e-05
-6.14396e-05
-1.72422e-06
8.15905e-06
-3.64366e-06
4.54791e-06
-5.53158e-06
5.86706e-07
-7.57455e-06
-3.43128e-06
-9.54789e-06
-7.05507e-06
-1.08824e-05
-1.0131e-05
-1.1029e-05
-1.3434e-05
-1.05822e-05
-1.85163e-05
-1.00364e-05
-2.626e-05
-9.03616e-06
-3.13969e-05
-7.46449e-06
-3.23201e-05
-5.76968e-06
-3.22948e-05
-5.18747e-06
-3.7437e-05
-5.17741e-06
-4.54868e-05
-5.80678e-06
-5.02193e-05
-4.28474e-06
-5.16967e-05
-2.08886e-06
-5.30195e-05
-3.64013e-08
-5.6271e-05
-6.1476e-05
9.57749e-06
1.03148e-05
7.79465e-06
6.33065e-06
6.13222e-06
2.24909e-06
4.49613e-06
-1.7952e-06
3.05875e-06
-5.61771e-06
2.19122e-06
-9.26348e-06
2.01616e-06
-1.3259e-05
2.01959e-06
-1.85198e-05
1.11343e-06
-2.5354e-05
4.84455e-07
-3.0768e-05
8.40697e-07
-3.26764e-05
2.38446e-06
-3.38387e-05
3.05236e-06
-3.81049e-05
1.82059e-06
-4.4255e-05
4.635e-07
-4.88622e-05
9.81409e-08
-5.13313e-05
4.60786e-07
-5.33821e-05
7.35214e-07
-5.65454e-05
-6.07408e-05
1.82913e-05
1.18736e-05
1.69194e-05
7.70251e-06
1.56452e-05
3.52328e-06
1.44341e-05
-5.84087e-07
1.34146e-05
-4.59808e-06
1.27634e-05
-8.6123e-06
1.24841e-05
-1.29796e-05
1.21268e-05
-1.81625e-05
1.08517e-05
-2.40789e-05
9.17577e-06
-2.9092e-05
8.54587e-06
-3.20465e-05
9.03803e-06
-3.43308e-05
9.00305e-06
-3.80699e-05
7.6564e-06
-4.29084e-05
5.83694e-06
-4.70427e-05
4.3934e-06
-4.98877e-05
3.34052e-06
-5.23292e-05
2.07722e-06
-5.5282e-05
-5.86635e-05
2.42849e-05
1.26966e-05
2.34411e-05
8.54623e-06
2.26082e-05
4.35619e-06
2.1794e-05
2.30219e-07
2.10721e-05
-3.87617e-06
2.0516e-05
-8.05609e-06
2.00512e-05
-1.25148e-05
1.933e-05
-1.74412e-05
1.79483e-05
-2.26971e-05
1.62019e-05
-2.73455e-05
1.49521e-05
-3.07966e-05
1.43528e-05
-3.37314e-05
1.3549e-05
-3.72661e-05
1.19286e-05
-4.1288e-05
9.81502e-06
-4.49291e-05
7.74077e-06
-4.78134e-05
5.68069e-06
-5.0269e-05
3.25551e-06
-5.28567e-05
-5.54079e-05
2.78229e-05
1.28238e-05
2.75168e-05
8.85231e-06
2.71131e-05
4.75983e-06
2.66424e-05
7.00953e-07
2.61461e-05
-3.37986e-06
2.56397e-05
-7.54967e-06
2.50414e-05
-1.19164e-05
2.4145e-05
-1.65448e-05
2.27217e-05
-2.12737e-05
2.09873e-05
-2.56111e-05
1.94233e-05
-2.92326e-05
1.81521e-05
-3.24602e-05
1.67227e-05
-3.58367e-05
1.47882e-05
-3.93534e-05
1.24403e-05
-4.25812e-05
9.89956e-06
-4.52726e-05
7.1669e-06
-4.75363e-05
3.98182e-06
-4.96716e-05
-5.14261e-05
2.93517e-05
1.23713e-05
2.95177e-05
8.68623e-06
2.9492e-05
4.7855e-06
2.93116e-05
8.81359e-07
2.90016e-05
-3.06989e-06
2.8556e-05
-7.10405e-06
2.79095e-05
-1.12699e-05
2.69366e-05
-1.55719e-05
2.55463e-05
-1.98833e-05
2.38591e-05
-2.39239e-05
2.21385e-05
-2.7512e-05
2.04618e-05
-3.07834e-05
1.8618e-05
-3.39929e-05
1.64066e-05
-3.7142e-05
1.38354e-05
-4.001e-05
1.09925e-05
-4.24297e-05
7.86001e-06
-4.44038e-05
4.25973e-06
-4.60713e-05
-4.71663e-05
2.93626e-05
1.15019e-05
2.98994e-05
8.14938e-06
3.01771e-05
4.50777e-06
3.02308e-05
8.27613e-07
3.0078e-05
-2.91707e-06
2.97081e-05
-6.73415e-06
2.90763e-05
-1.06382e-05
2.81131e-05
-1.46087e-05
2.67789e-05
-1.8549e-05
2.51477e-05
-2.22928e-05
2.33635e-05
-2.57278e-05
2.14772e-05
-2.88972e-05
1.93907e-05
-3.19064e-05
1.69948e-05
-3.47461e-05
1.42741e-05
-3.72893e-05
1.12599e-05
-3.94154e-05
7.93303e-06
-4.1077e-05
4.19209e-06
-4.23303e-05
-4.29742e-05
2.8316e-05
1.03542e-05
2.91119e-05
7.3534e-06
2.96118e-05
4.00778e-06
2.98434e-05
5.9602e-07
2.98188e-05
-2.89251e-06
2.95293e-05
-6.44468e-06
2.89468e-05
-1.00558e-05
2.80342e-05
-1.3696e-05
2.67766e-05
-1.72915e-05
2.52188e-05
-2.0735e-05
2.34394e-05
-2.39485e-05
2.1472e-05
-2.69298e-05
1.92743e-05
-2.97087e-05
1.67908e-05
-3.22627e-05
1.40078e-05
-3.45064e-05
1.09379e-05
-3.63455e-05
7.58111e-06
-3.77203e-05
3.90269e-06
-3.8652e-05
-3.90715e-05
2.66056e-05
9.0665e-06
2.75583e-05
6.4006e-06
2.82022e-05
3.36376e-06
2.85576e-05
2.40615e-07
2.8631e-05
-2.96603e-06
2.84165e-05
-6.2302e-06
2.78978e-05
-9.53707e-06
2.70556e-05
-1.28539e-05
2.58856e-05
-1.61216e-05
2.44152e-05
-1.92646e-05
2.26884e-05
-2.22217e-05
2.07276e-05
-2.49691e-05
1.8518e-05
-2.74992e-05
1.6035e-05
-2.97797e-05
1.32744e-05
-3.17458e-05
1.02536e-05
-3.33248e-05
6.99013e-06
-3.44569e-05
3.5065e-06
-3.51684e-05
-3.55651e-05
2.45482e-05
7.72741e-06
2.55713e-05
5.37737e-06
2.62921e-05
2.64288e-06
2.67227e-05
-1.90049e-07
2.68641e-05
-3.10747e-06
2.67125e-05
-6.07868e-06
2.62589e-05
-9.08354e-06
2.54936e-05
-1.20887e-05
2.44165e-05
-1.50446e-05
2.30443e-05
-1.78924e-05
2.14028e-05
-2.05803e-05
1.95082e-05
-2.30745e-05
1.73587e-05
-2.53498e-05
1.49489e-05
-2.73699e-05
1.2286e-05
-2.90831e-05
9.39288e-06
-3.04318e-05
6.31074e-06
-3.13748e-05
3.10318e-06
-3.1961e-05
-3.2462e-05
2.23852e-05
6.42312e-06
2.34121e-05
4.35036e-06
2.41552e-05
1.89969e-06
2.46193e-05
-6.54268e-07
2.48008e-05
-3.28899e-06
2.46972e-05
-5.97523e-06
2.43034e-05
-8.68976e-06
2.36142e-05
-1.13996e-05
2.26308e-05
-1.40613e-05
2.13638e-05
-1.66255e-05
1.98292e-05
-1.90458e-05
1.80397e-05
-2.12851e-05
1.60009e-05
-2.3311e-05
1.37184e-05
-2.50875e-05
1.12078e-05
-2.65727e-05
8.50349e-06
-2.77275e-05
5.65551e-06
-2.85269e-05
2.74703e-06
-2.90526e-05
-2.97151e-05
2.02856e-05
5.19228e-06
2.12679e-05
3.36794e-06
2.19929e-05
1.17455e-06
2.24579e-05
-1.11933e-06
2.26565e-05
-3.48763e-06
2.25863e-05
-5.90513e-06
2.22437e-05
-8.34727e-06
2.16259e-05
-1.07819e-05
2.07341e-05
-1.31695e-05
1.95752e-05
-1.54667e-05
1.81602e-05
-1.76309e-05
1.64998e-05
-1.96248e-05
1.46035e-05
-2.14148e-05
1.24838e-05
-2.29679e-05
1.01632e-05
-2.42522e-05
7.67712e-06
-2.52415e-05
5.08479e-06
-2.59347e-05
2.4721e-06
-2.64401e-05
-2.7243e-05
1.83589e-05
4.07837e-06
1.9265e-05
2.46171e-06
1.99436e-05
4.95815e-07
2.03853e-05
-1.56112e-06
2.05827e-05
-3.68506e-06
2.05326e-05
-5.8552e-06
2.02322e-05
-8.04689e-06
1.96792e-05
-1.0229e-05
1.88746e-05
-1.2365e-05
1.78231e-05
-1.44153e-05
1.65329e-05
-1.63407e-05
1.50136e-05
-1.81056e-05
1.32766e-05
-1.9678e-05
1.1338e-05
-2.10293e-05
9.2219e-06
-2.21363e-05
6.96783e-06
-2.29876e-05
4.62741e-06
-2.35944e-05
2.27075e-06
-2.40835e-05
-2.49725e-05
1.6662e-05
3.0855e-06
1.74746e-05
1.64892e-06
1.80889e-05
-1.18623e-07
1.84907e-05
-1.96304e-06
1.86732e-05
-3.86759e-06
1.86324e-05
-5.81452e-06
1.83652e-05
-7.77981e-06
1.78697e-05
-9.73365e-06
1.71463e-05
-1.16417e-05
1.61982e-05
-1.34673e-05
1.50319e-05
-1.51745e-05
1.36562e-05
-1.673e-05
1.20829e-05
-1.81048e-05
1.03289e-05
-1.92754e-05
8.41898e-06
-2.02265e-05
6.38538e-06
-2.09541e-05
4.27461e-06
-2.14838e-05
2.13625e-06
-2.19454e-05
-2.28362e-05
1.52112e-05
2.22941e-06
1.5923e-05
9.37021e-07
1.64623e-05
-6.58118e-07
1.68144e-05
-2.31523e-06
1.69728e-05
-4.02608e-06
1.69329e-05
-5.77469e-06
1.66911e-05
-7.53819e-06
1.62455e-05
-9.28811e-06
1.55958e-05
-1.09921e-05
1.47444e-05
-1.2616e-05
1.36963e-05
-1.41265e-05
1.24593e-05
-1.54931e-05
1.10447e-05
-1.66903e-05
9.46796e-06
-1.76988e-05
7.75011e-06
-1.85088e-05
5.92067e-06
-1.91248e-05
4.00939e-06
-1.95727e-05
2.03948e-06
-1.99756e-05
-2.0797e-05
1.39891e-05
1.49463e-06
1.45995e-05
3.26512e-07
1.50604e-05
-1.11917e-06
1.53588e-05
-2.61369e-06
1.54879e-05
-4.15524e-06
1.54427e-05
-5.72962e-06
1.52195e-05
-7.31515e-06
1.48161e-05
-8.8848e-06
1.42318e-05
-1.04079e-05
1.34682e-05
-1.18525e-05
1.2529e-05
-1.31875e-05
1.14209e-05
-1.43851e-05
1.01533e-05
-1.54227e-05
8.73925e-06
-1.62849e-05
7.19623e-06
-1.69659e-05
5.54223e-06
-1.74709e-05
3.79816e-06
-1.78287e-05
1.96824e-06
-1.8146e-05
-1.88287e-05
1.29592e-05
8.81705e-07
1.34722e-05
-1.86715e-07
1.38561e-05
-1.50313e-06
1.41001e-05
-2.85778e-06
1.41973e-05
-4.25256e-06
1.41426e-05
-5.67501e-06
1.39321e-05
-7.10483e-06
1.35635e-05
-8.51631e-06
1.30358e-05
-9.88029e-06
1.23497e-05
-1.11665e-05
1.1508e-05
-1.2346e-05
1.05157e-05
-1.3393e-05
9.38019e-06
-1.42873e-05
8.11106e-06
-1.50159e-05
6.71962e-06
-1.55746e-05
5.21975e-06
-1.59712e-05
3.61671e-06
-1.62258e-05
1.89703e-06
-1.64263e-05
-1.6932e-05
1.20709e-05
3.68753e-07
1.24944e-05
-6.10378e-07
1.28066e-05
-1.81546e-06
1.29984e-05
-3.04965e-06
1.30632e-05
-4.31744e-06
1.2996e-05
-5.60797e-06
1.27933e-05
-6.90222e-06
1.24525e-05
-8.17561e-06
1.19724e-05
-9.40026e-06
1.13531e-05
-1.05474e-05
1.05965e-05
-1.15894e-05
9.70584e-06
-1.25025e-05
8.68622e-06
-1.32678e-05
7.54399e-06
-1.38738e-05
6.28639e-06
-1.43171e-05
4.9166e-06
-1.46015e-05
3.43505e-06
-1.47443e-05
1.82115e-06
-1.48127e-05
-1.51107e-05
1.12739e-05
-4.73811e-08
1.1617e-05
-9.53646e-07
1.1864e-05
-2.06252e-06
1.20069e-05
-3.19269e-06
1.20399e-05
-4.35057e-06
1.19586e-05
-5.52669e-06
1.17594e-05
-6.70314e-06
1.144e-05
-7.85632e-06
1.0999e-05
-8.95935e-06
1.04361e-05
-9.98453e-06
9.75221e-06
-1.09056e-05
8.94935e-06
-1.16997e-05
8.03063e-06
-1.23492e-05
6.99939e-06
-1.28426e-05
5.85778e-06
-1.31756e-05
4.6074e-06
-1.33512e-05
3.23812e-06
-1.33752e-05
1.72248e-06
-1.3297e-05
-1.33885e-05
1.05176e-05
-3.89345e-07
1.07913e-05
-1.22741e-06
1.09804e-05
-2.25171e-06
1.10787e-05
-3.29113e-06
1.10815e-05
-4.35338e-06
1.09849e-05
-5.43016e-06
1.0786e-05
-6.50434e-06
1.04826e-05
-7.553e-06
1.00732e-05
-8.55002e-06
9.55719e-06
-9.46857e-06
8.93483e-06
-1.02833e-05
8.20728e-06
-1.09722e-05
7.37615e-06
-1.15181e-05
6.44295e-06
-1.19095e-05
5.40819e-06
-1.21409e-05
4.26608e-06
-1.22091e-05
3.00688e-06
-1.2116e-05
1.60418e-06
-1.18946e-05
-1.17842e-05
9.76209e-06
-6.60637e-07
9.97585e-06
-1.44128e-06
1.01138e-05
-2.38968e-06
1.01715e-05
-3.34894e-06
1.01457e-05
-4.32766e-06
1.00337e-05
-5.31814e-06
9.8329e-06
-6.30362e-06
9.54138e-06
-7.26154e-06
9.15758e-06
-8.16627e-06
8.68065e-06
-8.99169e-06
8.11055e-06
-9.71324e-06
7.44797e-06
-1.03097e-05
6.69404e-06
-1.07642e-05
5.84945e-06
-1.1065e-05
4.91267e-06
-1.12041e-05
3.88065e-06
-1.11772e-05
2.73773e-06
-1.09732e-05
1.45516e-06
-1.06118e-05
-1.03293e-05
8.97562e-06
-8.79499e-07
9.13714e-06
-1.60289e-06
9.22911e-06
-2.4817e-06
9.24974e-06
-3.36961e-06
9.19745e-06
-4.2754e-06
9.07049e-06
-5.19121e-06
8.86697e-06
-6.10012e-06
8.58496e-06
-6.97956e-06
8.22286e-06
-7.80419e-06
7.77964e-06
-8.5485e-06
7.25515e-06
-9.18878e-06
6.65012e-06
-9.70468e-06
5.96587e-06
-1.008e-05
5.20376e-06
-1.03029e-05
4.36412e-06
-1.03645e-05
3.44066e-06
-1.02537e-05
2.4231e-06
-9.95555e-06
1.28679e-06
-9.47585e-06
-9.04231e-06
8.1371e-06
-1.04431e-06
8.25021e-06
-1.71607e-06
8.29921e-06
-2.53075e-06
8.28532e-06
-3.35574e-06
8.20875e-06
-4.19885e-06
8.06862e-06
-5.05109e-06
7.86327e-06
-5.89479e-06
7.59073e-06
-6.70703e-06
7.24917e-06
-7.46264e-06
6.83739e-06
-8.13672e-06
6.35524e-06
-8.70664e-06
5.80386e-06
-9.15331e-06
5.18567e-06
-9.46181e-06
4.50355e-06
-9.62075e-06
3.75899e-06
-9.61995e-06
2.9526e-06
-9.44729e-06
2.07189e-06
-9.0749e-06
1.09224e-06
-8.49593e-06
-7.95033e-06
7.23004e-06
-1.16403e-06
7.29539e-06
-1.78147e-06
7.30269e-06
-2.53807e-06
7.2567e-06
-3.30976e-06
7.15899e-06
-4.10115e-06
7.00909e-06
-4.90119e-06
6.80519e-06
-5.69089e-06
6.54496e-06
-6.4468e-06
6.22615e-06
-7.14384e-06
5.8473e-06
-7.75787e-06
5.40827e-06
-8.26761e-06
4.91081e-06
-8.65584e-06
4.35872e-06
-8.90971e-06
3.75759e-06
-9.01961e-06
3.11367e-06
-8.97602e-06
2.42638e-06
-8.75996e-06
1.69022e-06
-8.33865e-06
8.86568e-07
-7.69262e-06
-7.06355e-06
6.24445e-06
-1.22587e-06
6.25763e-06
-1.7947e-06
6.22307e-06
-2.50352e-06
6.14796e-06
-3.23466e-06
6.03413e-06
-3.98732e-06
5.88041e-06
-4.74747e-06
5.68424e-06
-5.49472e-06
5.44258e-06
-6.20513e-06
5.15262e-06
-6.85386e-06
4.81244e-06
-7.41768e-06
4.4218e-06
-7.87696e-06
3.9829e-06
-8.21693e-06
3.50112e-06
-8.42792e-06
2.985e-06
-8.50349e-06
2.44418e-06
-8.43517e-06
1.88762e-06
-8.20341e-06
1.30519e-06
-7.75632e-06
6.72467e-07
-7.05959e-06
-6.39135e-06
5.16757e-06
-1.22e-06
5.12143e-06
-1.74859e-06
5.04597e-06
-2.42809e-06
4.94791e-06
-3.1366e-06
4.82651e-06
-3.86594e-06
4.67849e-06
-4.59946e-06
4.4999e-06
-5.31613e-06
4.2868e-06
-5.99204e-06
4.03577e-06
-6.60284e-06
3.74441e-06
-7.12633e-06
3.41209e-06
-7.54463e-06
3.04087e-06
-7.84572e-06
2.6367e-06
-8.02375e-06
2.21074e-06
-8.07753e-06
1.77977e-06
-8.00421e-06
1.35572e-06
-7.77934e-06
9.36305e-07
-7.33679e-06
4.93328e-07
-6.61696e-06
-5.89777e-06
3.97431e-06
-1.11469e-06
3.86583e-06
-1.64008e-06
3.75809e-06
-2.3203e-06
3.6502e-06
-3.02866e-06
3.53531e-06
-3.75099e-06
3.40677e-06
-4.47085e-06
3.25912e-06
-5.16841e-06
3.08784e-06
-5.8207e-06
2.88922e-06
-6.40416e-06
2.66056e-06
-6.8976e-06
2.40064e-06
-7.28464e-06
2.11053e-06
-7.55554e-06
1.79515e-06
-7.70829e-06
1.46539e-06
-7.74771e-06
1.14025e-06
-7.67898e-06
8.49732e-07
-7.48873e-06
6.00934e-07
-7.08801e-06
3.86897e-07
-6.40245e-06
-5.51067e-06
2.60373e-06
-9.04817e-07
2.454e-06
-1.49027e-06
2.34152e-06
-2.20772e-06
2.24855e-06
-2.93559e-06
2.16106e-06
-3.6634e-06
2.07002e-06
-4.37971e-06
1.96964e-06
-5.06793e-06
1.85586e-06
-5.70681e-06
1.72554e-06
-6.27373e-06
1.57633e-06
-6.74828e-06
1.40675e-06
-7.11496e-06
1.21672e-06
-7.36539e-06
1.00851e-06
-7.49998e-06
7.89136e-07
-7.52821e-06
5.76683e-07
-7.46641e-06
4.11466e-07
-7.32339e-06
3.67986e-07
-7.04426e-06
4.22439e-07
-6.4567e-06
-5.08818e-06
1.00426e-06
8.83471e-07
8.15302e-07
7.71444e-07
7.36068e-07
7.02004e-07
6.65774e-07
6.25364e-07
5.79425e-07
5.26999e-07
4.675e-07
4.00831e-07
3.27868e-07
2.51943e-07
1.82354e-07
1.49689e-07
2.93668e-07
1.19497e-06
)
;

boundaryField
{
    leftWall
    {
        type            calculated;
        value           uniform 0;
    }
    rightWall
    {
        type            calculated;
        value           uniform 0;
    }
    lowerWall
    {
        type            calculated;
        value           uniform 0;
    }
    atmosphere
    {
        type            calculated;
        value           nonuniform List<scalar> 
46
(
-4.67894e-06
-2.1934e-06
3.43752e-06
5.76721e-06
6.94244e-06
7.56957e-06
7.86864e-06
7.94817e-06
7.86799e-06
7.66442e-06
7.36075e-06
6.97291e-06
6.51287e-06
5.99096e-06
5.41747e-06
4.80386e-06
4.16348e-06
3.51166e-06
2.86454e-06
2.23732e-06
1.6373e-06
1.06901e-06
5.96769e-07
2.78374e-08
-5.83968e-08
-1.22053e-07
-1.98029e-07
-6.57699e-07
-1.36944e-06
-2.13951e-06
-2.89169e-06
-3.62799e-06
-4.34561e-06
-5.03167e-06
-5.66636e-06
-6.22775e-06
-6.69582e-06
-7.05542e-06
-7.29869e-06
-7.42698e-06
-7.45225e-06
-7.39678e-06
-7.29068e-06
-7.1882e-06
-7.35797e-06
-3.89321e-06
)
;
    }
    defaultFaces
    {
        type            empty;
    }
}


// ************************************************************************* //
