/*--------------------------------*- C++ -*----------------------------------*\
  =========                 |
  \\      /  F ield         | OpenFOAM: The Open Source CFD Toolbox
   \\    /   O peration     | Website:  https://openfoam.org
    \\  /    A nd           | Version:  13
     \\/     M anipulation  |
\*---------------------------------------------------------------------------*/
FoamFile
{
    format      ascii;
    class       surfaceScalarField;
    location    "1.4";
    object      phi;
}
// * * * * * * * * * * * * * * * * * * * * * * * * * * * * * * * * * * * * * //

dimensions      [0 3 -1 0 0 0 0];

internalField   nonuniform List<scalar> 
4432
(
-8.49757e-07
8.49761e-07
-4.41269e-07
-4.08484e-07
6.29225e-07
-1.07049e-06
1.89858e-06
-1.26936e-06
3.29405e-06
-1.39547e-06
4.81523e-06
-1.52118e-06
6.46241e-06
-1.64719e-06
8.21727e-06
-1.75486e-06
1.00358e-05
-1.81849e-06
1.18387e-05
-1.80296e-06
1.35144e-05
-1.67568e-06
1.49382e-05
-1.42377e-06
1.5987e-05
-1.04887e-06
1.65588e-05
-5.71768e-07
1.65628e-05
-4.02867e-09
1.59426e-05
6.20249e-07
1.46449e-05
1.29764e-06
1.26454e-05
1.9995e-06
9.94776e-06
2.69766e-06
6.61394e-06
3.33382e-06
2.9324e-06
3.68155e-06
1.55416e-07
2.77699e-06
1.55425e-07
1.12859e-07
7.3691e-07
1.00848e-06
-1.3041e-06
1.98907e-06
-2.05108e-06
3.03162e-06
-2.3119e-06
4.17527e-06
-2.53911e-06
5.4607e-06
-2.8066e-06
6.89571e-06
-3.08221e-06
8.46347e-06
-3.32261e-06
1.01272e-05
-3.48219e-06
1.18231e-05
-3.49887e-06
1.34581e-05
-3.31067e-06
1.49173e-05
-2.88306e-06
1.60701e-05
-2.20165e-06
1.67954e-05
-1.29705e-06
1.69925e-05
-2.01171e-07
1.65658e-05
1.04694e-06
1.54617e-05
2.40179e-06
1.36574e-05
3.80381e-06
1.11787e-05
5.17632e-06
8.12003e-06
6.39247e-06
4.72695e-06
7.07462e-06
1.49694e-06
6.00699e-06
1.65234e-06
1.00144e-06
-2.64523e-07
2.06605e-06
-2.36871e-06
2.96328e-06
-2.94831e-06
3.85403e-06
-3.20265e-06
4.83439e-06
-3.51947e-06
5.95731e-06
-3.92953e-06
7.23447e-06
-4.35936e-06
8.64751e-06
-4.73566e-06
1.01652e-05
-4.99984e-06
1.1736e-05
-5.06967e-06
1.32835e-05
-4.85821e-06
1.47085e-05
-4.30801e-06
1.58841e-05
-3.37726e-06
1.6687e-05
-2.09996e-06
1.70036e-05
-5.17811e-07
1.67356e-05
1.31492e-06
1.58166e-05
3.32083e-06
1.42251e-05
5.39534e-06
1.19975e-05
7.40389e-06
9.23317e-06
9.15679e-06
6.10412e-06
1.02037e-05
2.78706e-06
9.32405e-06
4.43941e-06
1.81129e-06
-2.07581e-06
2.93388e-06
-3.49129e-06
3.76961e-06
-3.78404e-06
4.56303e-06
-3.99607e-06
5.43634e-06
-4.39278e-06
6.44753e-06
-4.94072e-06
7.60302e-06
-5.51485e-06
8.88604e-06
-6.01868e-06
1.02686e-05
-6.38243e-06
1.1709e-05
-6.51004e-06
1.31479e-05
-6.29712e-06
1.45098e-05
-5.66989e-06
1.56717e-05
-4.53919e-06
1.65124e-05
-2.94067e-06
1.69176e-05
-9.22958e-07
1.67842e-05
1.44833e-06
1.60392e-05
4.06582e-06
1.4658e-05
6.77655e-06
1.26785e-05
9.3833e-06
1.01895e-05
1.16458e-05
7.2792e-06
1.31139e-05
3.87133e-06
1.27319e-05
8.31071e-06
2.40981e-06
-4.48563e-06
3.57295e-06
-4.65443e-06
4.41447e-06
-4.62557e-06
5.18587e-06
-4.76748e-06
6.00943e-06
-5.21634e-06
6.95103e-06
-5.88232e-06
8.0204e-06
-6.58423e-06
9.19719e-06
-7.19547e-06
1.04562e-05
-7.64147e-06
1.17676e-05
-7.82145e-06
1.30878e-05
-7.61729e-06
1.43581e-05
-6.94022e-06
1.54715e-05
-5.6526e-06
1.63123e-05
-3.78144e-06
1.67713e-05
-1.38194e-06
1.6747e-05
1.47267e-06
1.61624e-05
4.65035e-06
1.49858e-05
7.95313e-06
1.32489e-05
1.11203e-05
1.10202e-05
1.38745e-05
8.30518e-06
1.5829e-05
4.82081e-06
1.62163e-05
1.31315e-05
2.76809e-06
-7.25371e-06
3.99077e-06
-5.87712e-06
4.96409e-06
-5.59889e-06
5.81993e-06
-5.62332e-06
6.68239e-06
-6.07881e-06
7.60353e-06
-6.80347e-06
8.57776e-06
-7.55846e-06
9.64463e-06
-8.26235e-06
1.07746e-05
-8.77144e-06
1.19322e-05
-8.97902e-06
1.31048e-05
-8.78999e-06
1.426e-05
-8.09539e-06
1.52933e-05
-6.68589e-06
1.60918e-05
-4.57992e-06
1.65629e-05
-1.8531e-06
1.66153e-05
1.42025e-06
1.61709e-05
5.09482e-06
1.5189e-05
8.93497e-06
1.36906e-05
1.26187e-05
1.17208e-05
1.58443e-05
9.21171e-06
1.83381e-05
5.70515e-06
1.97228e-05
1.88367e-05
2.77239e-06
-1.00261e-05
4.47192e-06
-7.57664e-06
5.8252e-06
-6.95218e-06
6.89707e-06
-6.69519e-06
7.76205e-06
-6.94379e-06
8.52063e-06
-7.56206e-06
9.28412e-06
-8.32195e-06
1.02316e-05
-9.2098e-06
1.12439e-05
-9.78374e-06
1.22883e-05
-1.00235e-05
1.33057e-05
-9.80746e-06
1.42689e-05
-9.0586e-06
1.51471e-05
-7.56402e-06
1.5834e-05
-5.26687e-06
1.62459e-05
-2.26505e-06
1.63226e-05
1.34359e-06
1.5989e-05
5.42842e-06
1.5192e-05
9.73201e-06
1.39358e-05
1.38749e-05
1.22449e-05
1.75352e-05
9.99089e-06
2.05921e-05
6.56197e-06
2.31517e-05
2.53986e-05
3.07078e-06
-1.30969e-05
5.76985e-06
-1.02757e-05
7.79831e-06
-8.98064e-06
9.31839e-06
-8.21527e-06
1.0423e-05
-8.04836e-06
1.12083e-05
-8.34737e-06
1.17595e-05
-8.87315e-06
1.21409e-05
-9.5912e-06
1.25722e-05
-1.02151e-05
1.30827e-05
-1.0534e-05
1.36529e-05
-1.03777e-05
1.43259e-05
-9.73159e-06
1.50359e-05
-8.27403e-06
1.5569e-05
-5.8e-06
1.58882e-05
-2.58424e-06
1.59625e-05
1.26933e-06
1.57327e-05
5.6582e-06
1.5152e-05
1.03127e-05
1.42113e-05
1.48156e-05
1.2922e-05
1.88245e-05
1.11424e-05
2.23717e-05
8.10911e-06
2.61851e-05
3.35078e-05
-9.6637e-06
9.6637e-06
-1.17317e-05
2.06795e-06
-9.65118e-06
-2.08048e-06
-9.93472e-06
2.83536e-07
-1.11958e-05
1.26112e-06
-1.13963e-05
2.00499e-07
-1.1135e-05
-2.61378e-07
-1.0641e-05
-4.93998e-07
-9.99567e-06
-6.45295e-07
-9.50512e-06
-4.90549e-07
-9.94812e-06
4.42996e-07
-1.06039e-05
6.55785e-07
-9.72842e-06
-8.75483e-07
-8.52486e-06
-1.20356e-06
-7.76542e-06
-7.59449e-07
-6.99527e-06
-7.70143e-07
-4.41927e-06
-2.576e-06
-1.77684e-06
-2.64243e-06
-1.77684e-06
-7.30701e-06
1.69707e-05
-7.91484e-06
2.67578e-06
-8.08405e-06
-1.91126e-06
-9.70536e-06
1.90485e-06
-1.05477e-05
2.10347e-06
-1.06894e-05
3.42189e-07
-1.05774e-05
-3.73384e-07
-1.03168e-05
-7.54635e-07
-1.00133e-05
-9.48724e-07
-1.00255e-05
-4.78401e-07
-9.83093e-06
2.48449e-07
-9.40693e-06
2.31779e-07
-8.62068e-06
-1.66173e-06
-7.36284e-06
-2.4614e-06
-6.08289e-06
-2.0394e-06
-4.34983e-06
-2.5032e-06
-2.17858e-06
-4.74725e-06
-7.02859e-07
-4.11815e-06
-2.4797e-06
-4.89938e-06
2.18701e-05
-2.38244e-06
1.58846e-07
-3.05797e-06
-1.23573e-06
-6.2045e-06
5.05137e-06
-7.65724e-06
3.55621e-06
-8.06148e-06
7.46429e-07
-8.2278e-06
-2.07062e-07
-8.35674e-06
-6.25706e-07
-8.55515e-06
-7.50309e-07
-9.07333e-06
3.97684e-08
-8.67699e-06
-1.47886e-07
-8.15741e-06
-2.87801e-07
-7.01011e-06
-2.80904e-06
-5.60311e-06
-3.8684e-06
-4.03873e-06
-3.60378e-06
-1.9214e-06
-4.62053e-06
-8.33808e-08
-6.58527e-06
6.19558e-07
-4.82109e-06
-1.86015e-06
-5.02375e-06
2.68938e-05
2.85415e-06
-7.71906e-06
4.10434e-06
-2.48592e-06
6.02882e-08
9.09543e-06
-2.22266e-06
5.83916e-06
-2.88114e-06
1.40491e-06
-2.88528e-06
-2.02925e-07
-3.25663e-06
-2.54355e-07
-4.31712e-06
3.10181e-07
-5.44435e-06
1.16699e-06
-5.89978e-06
3.07546e-07
-5.75267e-06
-4.34907e-07
-4.66653e-06
-3.89518e-06
-3.25785e-06
-5.27708e-06
-1.85334e-06
-5.00829e-06
-5.70266e-09
-6.46817e-06
1.83149e-06
-8.42246e-06
2.61546e-06
-5.60506e-06
7.55322e-07
-5.50866e-06
3.24025e-05
4.24365e-06
-1.74714e-05
9.12442e-06
-7.36668e-06
8.04626e-06
1.01736e-05
5.96602e-06
7.91939e-06
4.66002e-06
2.7109e-06
4.18759e-06
2.69502e-07
3.9466e-06
-1.33657e-08
3.27793e-06
9.7884e-07
1.79597e-06
2.64895e-06
-5.63759e-07
2.66728e-06
-1.61999e-06
6.21325e-07
-1.68773e-06
-3.82744e-06
-1.11747e-06
-5.84734e-06
-3.23134e-07
-5.80264e-06
7.07576e-07
-7.49888e-06
1.66924e-06
-9.38413e-06
2.26243e-06
-6.19825e-06
3.01774e-06
-2.2814e-06
3.46839e-05
5.06901e-06
-2.48218e-05
1.015e-05
-1.24477e-05
1.17267e-05
8.5969e-06
1.10254e-05
8.62074e-06
9.85835e-06
3.8779e-06
8.96649e-06
1.16136e-06
8.38156e-06
5.71567e-07
7.90868e-06
1.45172e-06
7.41464e-06
3.14298e-06
6.30424e-06
3.77768e-06
4.62275e-06
2.30282e-06
2.85003e-06
-2.05472e-06
1.88631e-06
-4.88362e-06
1.71181e-06
-5.62813e-06
1.43801e-06
-7.22508e-06
2.89729e-07
-8.23585e-06
-2.11777e-06
-3.79075e-06
8.99996e-07
4.05168e-06
3.06322e-05
6.88577e-06
-2.76559e-05
1.05263e-05
-1.60882e-05
1.36872e-05
5.43596e-06
1.44125e-05
7.89544e-06
1.38029e-05
4.48745e-06
1.28888e-05
2.07548e-06
1.21155e-05
1.34485e-06
1.15882e-05
1.97904e-06
1.12736e-05
3.45756e-06
1.08533e-05
4.19799e-06
1.01012e-05
3.05492e-06
8.67018e-06
-6.23675e-07
7.0371e-06
-3.25054e-06
5.31286e-06
-3.90389e-06
3.16376e-06
-5.07597e-06
1.62276e-07
-5.23437e-06
-3.1416e-06
-4.86864e-07
-2.2416e-06
9.64181e-06
2.09904e-05
8.94423e-06
-2.69583e-05
1.16386e-05
-1.87826e-05
1.53805e-05
1.69407e-06
1.69787e-05
6.29729e-06
1.69301e-05
4.53602e-06
1.61626e-05
2.84302e-06
1.53383e-05
2.16916e-06
1.47598e-05
2.55749e-06
1.44893e-05
3.72803e-06
1.42688e-05
4.41855e-06
1.38211e-05
3.50266e-06
1.2599e-05
5.98423e-07
1.07919e-05
-1.44352e-06
8.49813e-06
-1.61008e-06
5.54762e-06
-2.12545e-06
1.71572e-06
-1.40246e-06
-1.5327e-06
2.76156e-06
-3.7743e-06
7.78016e-06
-2.0877e-05
1.48509e-05
-1.73465e-05
2.03962e-05
-1.45258e-05
2.45658e-05
-1.23849e-05
2.75264e-05
-1.10089e-05
2.95097e-05
-1.03306e-05
3.08662e-05
-1.02297e-05
3.18195e-05
-1.05445e-05
3.26044e-05
-1.09999e-05
3.32958e-05
-1.12254e-05
3.38673e-05
-1.09492e-05
3.41606e-05
-1.00249e-05
3.42481e-05
-8.36148e-06
3.43179e-05
-5.86983e-06
3.43314e-05
-2.59777e-06
3.42494e-05
1.35129e-06
3.41561e-05
5.75154e-06
3.40489e-05
1.04199e-05
3.3847e-05
1.50175e-05
3.36147e-05
1.90568e-05
3.39346e-05
2.20518e-05
3.65456e-05
2.35741e-05
2.1834e-05
4.82194e-05
7.92457e-06
-2.88016e-05
1.47892e-05
-2.42111e-05
2.02792e-05
-2.00158e-05
2.4548e-05
-1.66537e-05
2.77647e-05
-1.42256e-05
3.01037e-05
-1.26696e-05
3.17631e-05
-1.18891e-05
3.30243e-05
-1.18057e-05
3.40496e-05
-1.20252e-05
3.48987e-05
-1.20745e-05
3.56205e-05
-1.16709e-05
3.63737e-05
-1.07781e-05
3.72353e-05
-9.22314e-06
3.82456e-05
-6.88005e-06
3.93483e-05
-3.70049e-06
4.05985e-05
1.01128e-07
4.21676e-05
4.18238e-06
4.41239e-05
8.46366e-06
4.63126e-05
1.28288e-05
4.86254e-05
1.6744e-05
5.11341e-05
1.95431e-05
5.32445e-05
2.14636e-05
2.19772e-05
5.31013e-05
6.18595e-06
-3.49876e-05
1.16472e-05
-2.96723e-05
1.61724e-05
-2.4541e-05
1.99078e-05
-2.03892e-05
2.29825e-05
-1.73003e-05
2.54373e-05
-1.51245e-05
2.73682e-05
-1.38199e-05
2.90345e-05
-1.34721e-05
3.0573e-05
-1.35636e-05
3.19654e-05
-1.34669e-05
3.32575e-05
-1.2963e-05
3.4612e-05
-1.21326e-05
3.62049e-05
-1.08161e-05
3.79966e-05
-8.67168e-06
3.98775e-05
-5.58139e-06
4.1891e-05
-1.91242e-06
4.4305e-05
1.76842e-06
4.71714e-05
5.59728e-06
5.01586e-05
9.84155e-06
5.29402e-05
1.39623e-05
5.558e-05
1.69033e-05
5.76843e-05
1.93593e-05
2.19719e-05
5.76895e-05
2.52137e-06
-3.75089e-05
5.7377e-06
-3.28886e-05
8.86598e-06
-2.76693e-05
1.19247e-05
-2.34479e-05
1.48717e-05
-2.02472e-05
1.75369e-05
-1.77898e-05
1.97904e-05
-1.60733e-05
2.19534e-05
-1.56351e-05
2.41221e-05
-1.57323e-05
2.6162e-05
-1.55069e-05
2.80069e-05
-1.48078e-05
2.99164e-05
-1.40421e-05
3.2059e-05
-1.29587e-05
3.43879e-05
-1.10006e-05
3.67467e-05
-7.94013e-06
3.90761e-05
-4.24185e-06
4.17773e-05
-9.32739e-07
4.48795e-05
2.49506e-06
4.80582e-05
6.66287e-06
5.10903e-05
1.09302e-05
5.40379e-05
1.39558e-05
5.68817e-05
1.65155e-05
1.91098e-05
5.97438e-05
-3.65617e-06
-3.38528e-05
-3.68962e-06
-3.28552e-05
-1.7291e-06
-2.96298e-05
1.09937e-06
-2.62764e-05
4.29495e-06
-2.34428e-05
7.46335e-06
-2.09582e-05
1.03013e-05
-1.89112e-05
1.31704e-05
-1.85043e-05
1.59513e-05
-1.85132e-05
1.85505e-05
-1.81061e-05
2.0933e-05
-1.71903e-05
2.33098e-05
-1.6419e-05
2.57336e-05
-1.53825e-05
2.81698e-05
-1.34368e-05
3.06283e-05
-1.03986e-05
3.32299e-05
-6.84336e-06
3.61752e-05
-3.87804e-06
3.93088e-05
-6.38587e-07
4.27104e-05
3.26125e-06
4.65222e-05
7.11838e-06
5.04181e-05
1.00599e-05
5.44215e-05
1.25121e-05
1.41052e-05
5.94261e-05
-1.4581e-05
-1.92717e-05
-1.83378e-05
-2.90985e-05
-1.63877e-05
-3.15799e-05
-1.34598e-05
-2.92042e-05
-9.93976e-06
-2.69629e-05
-6.11687e-06
-2.47811e-05
-2.18305e-06
-2.28451e-05
1.56843e-06
-2.22558e-05
5.00328e-06
-2.19481e-05
8.12274e-06
-2.12255e-05
1.12407e-05
-2.03083e-05
1.4236e-05
-1.94143e-05
1.7015e-05
-1.81615e-05
1.96968e-05
-1.61186e-05
2.25905e-05
-1.32924e-05
2.59846e-05
-1.02374e-05
2.94492e-05
-7.34263e-06
3.30217e-05
-4.21115e-06
3.70572e-05
-7.74244e-07
4.16764e-05
2.49921e-06
4.65626e-05
5.1737e-06
5.18521e-05
7.22262e-06
8.2634e-06
5.76939e-05
-3.31268e-05
1.38551e-05
-3.35459e-05
-2.86793e-05
-2.95464e-05
-3.55795e-05
-2.63843e-05
-3.23663e-05
-2.29731e-05
-3.03741e-05
-1.90745e-05
-2.86797e-05
-1.46097e-05
-2.73099e-05
-1.04353e-05
-2.64301e-05
-6.53282e-06
-2.58506e-05
-2.80151e-06
-2.49568e-05
9.69248e-07
-2.40791e-05
4.57977e-06
-2.30248e-05
8.02247e-06
-2.16042e-05
1.15024e-05
-1.95985e-05
1.52454e-05
-1.70354e-05
1.92641e-05
-1.42561e-05
2.33716e-05
-1.14501e-05
2.76835e-05
-8.52297e-06
3.24111e-05
-5.50191e-06
3.75749e-05
-2.66459e-06
4.30651e-05
-3.16456e-07
4.89533e-05
1.3344e-06
1.96337e-06
5.52534e-05
-3.58309e-05
4.96861e-05
-3.34687e-05
-3.10417e-05
-3.36727e-05
-3.53755e-05
-3.24773e-05
-3.35618e-05
-2.96582e-05
-3.31932e-05
-2.59896e-05
-3.23483e-05
-2.18097e-05
-3.14898e-05
-1.76386e-05
-3.06013e-05
-1.37514e-05
-2.97378e-05
-9.8717e-06
-2.88365e-05
-6.03337e-06
-2.79174e-05
-2.18638e-06
-2.68718e-05
1.68562e-06
-2.54762e-05
5.63234e-06
-2.35452e-05
9.77036e-06
-2.11734e-05
1.41321e-05
-1.86178e-05
1.86809e-05
-1.59989e-05
2.34729e-05
-1.3315e-05
2.86207e-05
-1.06498e-05
3.41643e-05
-8.20809e-06
4.00576e-05
-6.2098e-06
4.62535e-05
-4.86147e-06
-4.46228e-06
5.26791e-05
-2.84697e-06
5.25331e-05
-1.76748e-05
-1.62138e-05
-3.6517e-05
-1.65338e-05
-3.61401e-05
-3.39389e-05
-3.22521e-05
-3.70813e-05
-2.83326e-05
-3.62679e-05
-2.45368e-05
-3.52855e-05
-2.09367e-05
-3.42015e-05
-1.73475e-05
-3.33271e-05
-1.37207e-05
-3.24635e-05
-1.00572e-05
-3.15809e-05
-6.30795e-06
-3.0621e-05
-2.34764e-06
-2.94366e-05
1.80725e-06
-2.77001e-05
6.11515e-06
-2.54813e-05
1.06244e-05
-2.31271e-05
1.53881e-05
-2.07626e-05
2.04381e-05
-1.83649e-05
2.58276e-05
-1.60394e-05
3.15888e-05
-1.39693e-05
3.76866e-05
-1.23076e-05
4.405e-05
-1.12248e-05
-1.09836e-05
5.05713e-05
1.90009e-05
3.35323e-05
-3.96951e-06
6.75673e-06
-1.83321e-05
-2.17109e-06
-2.90488e-05
-2.32224e-05
-3.17036e-05
-3.44267e-05
-2.89054e-05
-3.90662e-05
-2.61109e-05
-3.80805e-05
-2.26228e-05
-3.76898e-05
-1.91063e-05
-3.68437e-05
-1.54956e-05
-3.60743e-05
-1.17134e-05
-3.53632e-05
-7.89924e-06
-3.44352e-05
-4.01899e-06
-3.33168e-05
-1.22928e-07
-3.15962e-05
4.04745e-06
-2.96518e-05
8.52658e-06
-2.76063e-05
1.32988e-05
-2.55349e-05
1.84137e-05
-2.34798e-05
2.38886e-05
-2.15144e-05
2.9722e-05
-1.98026e-05
3.58732e-05
-1.84588e-05
4.22385e-05
-1.75902e-05
-1.74359e-05
4.86908e-05
1.7e-05
1.65325e-05
1.48957e-05
8.86108e-06
9.69608e-06
3.02918e-06
2.7761e-06
-1.63022e-05
-3.35947e-06
-2.8291e-05
-1.01209e-05
-3.23048e-05
-1.617e-05
-3.20313e-05
-2.03625e-05
-3.34976e-05
-1.99608e-05
-3.72457e-05
-1.63514e-05
-3.96838e-05
-1.22787e-05
-3.9436e-05
-8.87913e-06
-3.78349e-05
-5.4055e-06
-3.6791e-05
-1.86538e-06
-3.51367e-05
2.31465e-06
-3.38322e-05
6.61327e-06
-3.19051e-05
1.14591e-05
-3.03808e-05
1.67304e-05
-2.87513e-05
2.23729e-05
-2.71569e-05
2.83539e-05
-2.57837e-05
3.4618e-05
-2.4723e-05
4.11467e-05
-2.4119e-05
-2.41264e-05
4.78372e-05
5.17404e-06
1.13584e-05
1.13422e-05
2.69304e-06
1.5194e-05
-8.22475e-07
1.17951e-05
-1.2903e-05
6.66279e-06
-2.31585e-05
9.91841e-07
-2.66336e-05
-3.24074e-06
-2.77983e-05
-4.61802e-06
-3.21201e-05
-3.80217e-06
-3.80614e-05
-1.45128e-06
-4.20346e-05
1.04739e-06
-4.19346e-05
2.21941e-06
-3.90069e-05
8.21356e-07
-3.5393e-05
-4.57063e-07
-3.38587e-05
-1.01612e-07
-3.41879e-05
3.73228e-06
-3.57392e-05
8.77662e-06
-3.54254e-05
1.43606e-05
-3.43354e-05
2.04137e-05
-3.32101e-05
2.68777e-05
-3.22478e-05
3.36566e-05
-3.1502e-05
4.02835e-05
-3.0746e-05
-2.88762e-05
4.50332e-05
5.60076e-06
5.75756e-06
7.9861e-06
3.07688e-07
1.0885e-05
-3.72137e-06
9.58074e-06
-1.15987e-05
5.54721e-06
-1.91249e-05
2.42409e-06
-2.35104e-05
1.10972e-06
-2.64837e-05
-1.35088e-08
-3.09964e-05
-9.28298e-07
-3.71463e-05
-2.27228e-06
-4.06904e-05
-3.27643e-06
-4.09303e-05
-4.328e-06
-3.79551e-05
-6.55867e-06
-3.31617e-05
-7.89938e-06
-3.25177e-05
-8.0647e-06
-3.40223e-05
-6.65209e-06
-3.71517e-05
-4.40884e-06
-3.76686e-05
-1.75247e-06
-3.69918e-05
1.1255e-06
-3.60881e-05
4.0734e-06
-3.51957e-05
6.80854e-06
-3.42372e-05
8.77176e-06
-3.27092e-05
-2.93883e-05
9.28375e-06
4.53876e-06
1.21862e-06
5.69555e-06
-8.49177e-07
6.50036e-06
-4.52622e-06
5.29644e-06
-1.03947e-05
2.53603e-06
-1.63645e-05
2.94394e-08
-2.10037e-05
-1.4712e-06
-2.4983e-05
-2.88099e-06
-2.95866e-05
-5.7508e-06
-3.42764e-05
-8.98899e-06
-3.74521e-05
-1.18473e-05
-3.80719e-05
-1.34278e-05
-3.63745e-05
-1.29746e-05
-3.36148e-05
-1.31927e-05
-3.22991e-05
-1.25185e-05
-3.46961e-05
-1.28973e-05
-3.67727e-05
-1.3258e-05
-3.73076e-05
-1.33034e-05
-3.69463e-05
-1.31758e-05
-3.62155e-05
-1.31093e-05
-3.52621e-05
-1.34032e-05
-3.39433e-05
-1.42216e-05
-3.18908e-05
-2.85166e-05
-1.50935e-05
1.71333e-06
-4.94709e-07
2.14555e-06
-1.28144e-06
2.0641e-06
-4.44481e-06
8.91673e-07
-9.22232e-06
-1.16078e-06
-1.4312e-05
-3.29831e-06
-1.88662e-05
-5.27093e-06
-2.30104e-05
-7.68168e-06
-2.71758e-05
-1.09018e-05
-3.10563e-05
-1.42976e-05
-3.40564e-05
-1.7135e-05
-3.52344e-05
-1.87866e-05
-3.47229e-05
-1.90849e-05
-3.33164e-05
-1.84728e-05
-3.29112e-05
-1.90738e-05
-3.4095e-05
-2.05883e-05
-3.52581e-05
-2.22713e-05
-3.56245e-05
-2.38691e-05
-3.53484e-05
-2.5438e-05
-3.46466e-05
-2.71408e-05
-3.35593e-05
-2.91352e-05
-3.19488e-05
-3.14727e-05
-2.95534e-05
-2.62075e-05
-3.3782e-05
-6.89799e-07
1.9491e-07
-1.16308e-06
-8.0823e-07
-1.82006e-06
-3.78786e-06
-3.07212e-06
-7.97028e-06
-4.88489e-06
-1.24992e-05
-6.93646e-06
-1.68146e-05
-9.11566e-06
-2.08312e-05
-1.16797e-05
-2.46117e-05
-1.47089e-05
-2.80272e-05
-1.79675e-05
-3.07978e-05
-2.0729e-05
-3.2473e-05
-2.25864e-05
-3.28655e-05
-2.35315e-05
-3.23714e-05
-2.44096e-05
-3.2033e-05
-2.58993e-05
-3.26053e-05
-2.79893e-05
-3.31682e-05
-3.0315e-05
-3.32989e-05
-3.27084e-05
-3.2955e-05
-3.51742e-05
-3.21809e-05
-3.77694e-05
-3.09642e-05
-4.05395e-05
-2.91788e-05
-4.34335e-05
-2.66595e-05
-2.34619e-05
-4.61792e-05
-2.31905e-06
2.51397e-06
-3.60359e-06
4.76287e-07
-4.73024e-06
-2.66123e-06
-6.131e-06
-6.56952e-06
-7.88427e-06
-1.0746e-05
-9.88934e-06
-1.48096e-05
-1.21091e-05
-1.86114e-05
-1.46102e-05
-2.21106e-05
-1.74296e-05
-2.52079e-05
-2.0457e-05
-2.77705e-05
-2.33304e-05
-2.95996e-05
-2.56729e-05
-3.0523e-05
-2.74521e-05
-3.05921e-05
-2.90993e-05
-3.03859e-05
-3.1148e-05
-3.05567e-05
-3.35687e-05
-3.07475e-05
-3.62102e-05
-3.06574e-05
-3.89632e-05
-3.02021e-05
-4.18034e-05
-2.93407e-05
-4.47274e-05
-2.80403e-05
-4.77053e-05
-2.6201e-05
-5.06412e-05
-2.37237e-05
-2.07407e-05
-5.33627e-05
-3.10971e-06
5.62352e-06
-4.96629e-06
2.33281e-06
-6.46368e-06
-1.16386e-06
-8.02474e-06
-5.00847e-06
-9.79838e-06
-8.97233e-06
-1.17903e-05
-1.28176e-05
-1.3994e-05
-1.64078e-05
-1.64326e-05
-1.9672e-05
-1.91031e-05
-2.25374e-05
-2.19462e-05
-2.49273e-05
-2.4827e-05
-2.67188e-05
-2.75472e-05
-2.78028e-05
-2.99313e-05
-2.82081e-05
-3.20707e-05
-2.82465e-05
-3.43944e-05
-2.82331e-05
-3.69583e-05
-2.81836e-05
-3.96837e-05
-2.7932e-05
-4.25112e-05
-2.73746e-05
-4.53966e-05
-2.64554e-05
-4.83052e-05
-2.51317e-05
-5.1178e-05
-2.33282e-05
-5.39148e-05
-2.09871e-05
-1.82576e-05
-5.63981e-05
-3.17563e-06
8.79922e-06
-5.29848e-06
4.45566e-06
-7.03482e-06
5.72464e-07
-8.7222e-06
-3.3211e-06
-1.05335e-05
-7.16099e-06
-1.25227e-05
-1.08285e-05
-1.47055e-05
-1.4225e-05
-1.70912e-05
-1.72862e-05
-1.96714e-05
-1.99572e-05
-2.24169e-05
-2.21819e-05
-2.52431e-05
-2.38926e-05
-2.80262e-05
-2.50198e-05
-3.06365e-05
-2.55978e-05
-3.31014e-05
-2.57815e-05
-3.55573e-05
-2.57772e-05
-3.81238e-05
-2.56171e-05
-4.07915e-05
-2.52644e-05
-4.35175e-05
-2.46486e-05
-4.62565e-05
-2.37165e-05
-4.89651e-05
-2.24231e-05
-5.15759e-05
-2.07175e-05
-5.39974e-05
-1.85657e-05
-1.60939e-05
-5.61612e-05
-2.75489e-06
1.15539e-05
-4.81671e-06
6.51741e-06
-6.59762e-06
2.35334e-06
-8.32983e-06
-1.5889e-06
-1.01471e-05
-5.34373e-06
-1.21152e-05
-8.86043e-06
-1.42575e-05
-1.20826e-05
-1.65798e-05
-1.4964e-05
-1.90717e-05
-1.74653e-05
-2.17049e-05
-1.95487e-05
-2.44267e-05
-2.11709e-05
-2.71426e-05
-2.23038e-05
-2.97731e-05
-2.29673e-05
-3.22945e-05
-2.32601e-05
-3.47764e-05
-2.32954e-05
-3.72675e-05
-2.3126e-05
-3.97876e-05
-2.27444e-05
-4.23165e-05
-2.21198e-05
-4.48181e-05
-2.12149e-05
-4.72438e-05
-1.99973e-05
-4.95325e-05
-1.84289e-05
-5.16099e-05
-1.64884e-05
-1.42878e-05
-5.34162e-05
-2.00237e-06
1.35563e-05
-3.73709e-06
8.25211e-06
-5.37262e-06
3.98885e-06
-7.03491e-06
7.33631e-08
-8.79296e-06
-3.58569e-06
-1.06951e-05
-6.95831e-06
-1.27587e-05
-1.00191e-05
-1.49841e-05
-1.27385e-05
-1.7358e-05
-1.50914e-05
-1.98529e-05
-1.70539e-05
-2.24211e-05
-1.86026e-05
-2.49999e-05
-1.9725e-05
-2.75259e-05
-2.04414e-05
-2.9975e-05
-2.08111e-05
-3.23631e-05
-2.09073e-05
-3.47178e-05
-2.07713e-05
-3.70473e-05
-2.0415e-05
-3.93407e-05
-1.98264e-05
-4.15692e-05
-1.89864e-05
-4.36934e-05
-1.78732e-05
-4.56591e-05
-1.64632e-05
-4.74041e-05
-1.47435e-05
-1.27959e-05
-4.88961e-05
-1.05123e-06
1.46074e-05
-2.27447e-06
9.47529e-06
-3.60763e-06
5.32196e-06
-5.07799e-06
1.54369e-06
-6.69577e-06
-1.96792e-06
-8.46975e-06
-5.18435e-06
-1.04036e-05
-8.08527e-06
-1.24886e-05
-1.06535e-05
-1.47062e-05
-1.28738e-05
-1.70277e-05
-1.47324e-05
-1.94122e-05
-1.62181e-05
-2.18089e-05
-1.73284e-05
-2.41701e-05
-1.80802e-05
-2.64685e-05
-1.85127e-05
-2.87027e-05
-1.86731e-05
-3.08783e-05
-1.85958e-05
-3.29969e-05
-1.82963e-05
-3.50485e-05
-1.77749e-05
-3.7011e-05
-1.7024e-05
-3.885e-05
-1.60342e-05
-4.05232e-05
-1.47901e-05
-4.19836e-05
-1.32832e-05
-1.15803e-05
-4.31993e-05
-5.40197e-08
1.46615e-05
-6.51133e-07
1.00724e-05
-1.57235e-06
6.24315e-06
-2.74248e-06
2.71379e-06
-4.13001e-06
-5.80419e-07
-5.70574e-06
-3.60865e-06
-7.45261e-06
-6.33842e-06
-9.35049e-06
-8.75568e-06
-1.1374e-05
-1.08503e-05
-1.34921e-05
-1.26143e-05
-1.56672e-05
-1.4043e-05
-1.78568e-05
-1.51388e-05
-2.00216e-05
-1.59154e-05
-2.21343e-05
-1.64e-05
-2.41829e-05
-1.66246e-05
-2.61629e-05
-1.66157e-05
-2.80698e-05
-1.63895e-05
-2.98925e-05
-1.59522e-05
-3.16117e-05
-1.53047e-05
-3.32014e-05
-1.44445e-05
-3.46275e-05
-1.33641e-05
-3.58518e-05
-1.20591e-05
-1.05705e-05
-3.68617e-05
8.89827e-07
1.37715e-05
9.11953e-07
1.00502e-05
4.69128e-07
6.68593e-06
-3.18117e-07
3.501e-06
-1.39368e-06
4.95113e-07
-2.70332e-06
-2.29905e-06
-4.20596e-06
-4.83581e-06
-5.87077e-06
-7.0909e-06
-7.6646e-06
-9.05651e-06
-9.55324e-06
-1.07257e-05
-1.15001e-05
-1.20962e-05
-1.34672e-05
-1.31716e-05
-1.54198e-05
-1.39629e-05
-1.73311e-05
-1.44887e-05
-1.91841e-05
-1.47716e-05
-2.09681e-05
-1.48318e-05
-2.26738e-05
-1.46839e-05
-2.42894e-05
-1.43366e-05
-2.57989e-05
-1.37953e-05
-2.71801e-05
-1.30633e-05
-2.84065e-05
-1.21377e-05
-2.94496e-05
-1.1016e-05
-9.72811e-06
-3.02922e-05
1.57936e-06
1.21922e-05
2.21131e-06
9.4182e-06
2.27577e-06
6.62142e-06
1.91834e-06
3.85839e-06
1.21766e-06
1.19575e-06
2.35221e-07
-1.31665e-06
-9.72982e-07
-3.62764e-06
-2.36312e-06
-5.70079e-06
-3.89494e-06
-7.52472e-06
-5.53103e-06
-9.08966e-06
-7.23432e-06
-1.03929e-05
-8.96849e-06
-1.14375e-05
-1.07012e-05
-1.22302e-05
-1.24057e-05
-1.27842e-05
-1.40624e-05
-1.3115e-05
-1.56566e-05
-1.32375e-05
-1.71764e-05
-1.31642e-05
-1.86089e-05
-1.29041e-05
-1.9939e-05
-1.24652e-05
-2.11495e-05
-1.18528e-05
-2.22191e-05
-1.10682e-05
-2.31234e-05
-1.01118e-05
-8.99523e-06
-2.38564e-05
2.02034e-06
1.01717e-05
3.14559e-06
8.29287e-06
3.67947e-06
6.08748e-06
3.75608e-06
3.78173e-06
3.45682e-06
1.49496e-06
2.84109e-06
-7.00969e-07
1.96566e-06
-2.75225e-06
8.8228e-07
-4.61745e-06
-3.63086e-07
-6.2794e-06
-1.72826e-06
-7.72453e-06
-3.17487e-06
-8.94637e-06
-4.66765e-06
-9.94476e-06
-6.17555e-06
-1.07223e-05
-7.67142e-06
-1.12884e-05
-9.1339e-06
-1.16526e-05
-1.05461e-05
-1.18253e-05
-1.18938e-05
-1.18166e-05
-1.31632e-05
-1.16347e-05
-1.4341e-05
-1.12875e-05
-1.54116e-05
-1.07822e-05
-1.63577e-05
-1.01221e-05
-1.71615e-05
-9.30802e-06
-8.3459e-06
-1.7811e-05
2.2236e-06
7.94811e-06
3.69872e-06
6.81771e-06
4.61893e-06
5.16723e-06
5.08391e-06
3.3167e-06
5.16377e-06
1.41505e-06
4.91329e-06
-4.50538e-07
4.38495e-06
-2.22397e-06
3.62805e-06
-3.86059e-06
2.68745e-06
-5.33884e-06
1.60577e-06
-6.64289e-06
4.23005e-07
-7.76364e-06
-8.24033e-07
-8.69775e-06
-2.10354e-06
-9.44287e-06
-3.38933e-06
-1.00026e-05
-4.65935e-06
-1.03826e-05
-5.89518e-06
-1.05895e-05
-7.08073e-06
-1.0631e-05
-8.20188e-06
-1.05136e-05
-9.24501e-06
-1.02444e-05
-1.01968e-05
-9.83044e-06
-1.10432e-05
-9.27567e-06
-1.17682e-05
-8.58307e-06
-7.74915e-06
-1.23651e-05
2.24406e-06
5.70387e-06
3.91991e-06
5.14176e-06
5.11592e-06
3.97115e-06
5.88985e-06
2.5427e-06
6.29299e-06
1.01185e-06
6.37142e-06
-5.29023e-07
6.16816e-06
-2.02076e-06
5.72691e-06
-3.41939e-06
5.08948e-06
-4.70146e-06
4.29574e-06
-5.84919e-06
3.3828e-06
-6.85075e-06
2.38419e-06
-7.69918e-06
1.33165e-06
-8.39036e-06
2.53083e-07
-8.92406e-06
-8.27378e-07
-9.30214e-06
-1.89023e-06
-9.52668e-06
-2.91948e-06
-9.60182e-06
-3.90066e-06
-9.53246e-06
-4.82069e-06
-9.32441e-06
-5.66693e-06
-8.98422e-06
-6.42717e-06
-8.51547e-06
-7.08883e-06
-7.9214e-06
-7.20389e-06
-7.63424e-06
2.14889e-06
3.55499e-06
3.89535e-06
3.39524e-06
5.25118e-06
2.61526e-06
6.23903e-06
1.55479e-06
6.88954e-06
3.61278e-07
7.23627e-06
-8.75819e-07
7.31134e-06
-2.09588e-06
7.15128e-06
-3.25939e-06
6.79183e-06
-4.34207e-06
6.26792e-06
-5.32533e-06
5.6129e-06
-6.19576e-06
4.85784e-06
-6.94416e-06
4.03175e-06
-7.5643e-06
3.16043e-06
-8.05277e-06
2.26649e-06
-8.40824e-06
1.37048e-06
-8.6307e-06
4.90475e-07
-8.72184e-06
-3.57672e-07
-8.68434e-06
-1.16009e-06
-8.52201e-06
-1.90523e-06
-8.23908e-06
-2.58441e-06
-7.83629e-06
-3.1965e-06
-7.3094e-06
-6.7072e-06
-3.69327e-06
1.99058e-06
1.56422e-06
3.71183e-06
1.67389e-06
5.12886e-06
1.19817e-06
6.23981e-06
4.43774e-07
7.0575e-06
-4.5647e-07
7.60129e-06
-1.41967e-06
7.89444e-06
-2.38909e-06
7.96534e-06
-3.33034e-06
7.84263e-06
-4.2194e-06
7.55525e-06
-5.03799e-06
7.13169e-06
-5.77224e-06
6.59926e-06
-6.41177e-06
5.98375e-06
-6.94883e-06
5.3089e-06
-7.37795e-06
4.59622e-06
-7.69558e-06
3.86516e-06
-7.89967e-06
3.13294e-06
-7.98965e-06
2.4149e-06
-7.96633e-06
1.72476e-06
-7.83188e-06
1.07521e-06
-7.58954e-06
4.85579e-07
-7.2467e-06
-1.38e-08
-6.81001e-06
-6.19361e-06
-5.27538e-07
1.80436e-06
-2.40092e-07
3.43953e-06
3.86733e-08
4.84605e-06
-2.08415e-07
6.00653e-06
-7.16764e-07
6.91963e-06
-1.36964e-06
7.59265e-06
-2.09274e-06
8.04199e-06
-2.83848e-06
8.28788e-06
-3.57627e-06
8.35229e-06
-4.28386e-06
8.25837e-06
-4.94411e-06
8.02961e-06
-5.54352e-06
7.68911e-06
-6.07131e-06
7.25914e-06
-6.51888e-06
6.76066e-06
-6.8795e-06
6.21315e-06
-7.14809e-06
5.63448e-06
-7.32102e-06
5.04087e-06
-7.39606e-06
4.4469e-06
-7.37238e-06
3.86578e-06
-7.25079e-06
3.30942e-06
-7.03318e-06
2.78534e-06
-6.72263e-06
2.29298e-06
-6.31775e-06
-5.78098e-06
1.88027e-06
1.60491e-06
-1.84521e-06
3.12329e-06
-1.47982e-06
4.4765e-06
-1.5617e-06
5.63531e-06
-1.87563e-06
6.58794e-06
-2.32231e-06
7.33459e-06
-2.83944e-06
7.88466e-06
-3.3886e-06
8.25197e-06
-3.94362e-06
8.45317e-06
-4.48511e-06
8.50663e-06
-4.9976e-06
8.43142e-06
-5.46834e-06
8.24669e-06
-5.8866e-06
7.97115e-06
-6.24335e-06
7.62276e-06
-6.53113e-06
7.21852e-06
-6.74386e-06
6.77433e-06
-6.87684e-06
6.30492e-06
-6.92667e-06
5.82382e-06
-6.89129e-06
5.34314e-06
-6.77011e-06
4.87352e-06
-6.56356e-06
4.42435e-06
-6.27348e-06
4.00445e-06
-5.89782e-06
-5.40746e-06
3.6308e-06
1.40442e-06
-3.2496e-06
2.79531e-06
-2.87076e-06
4.07307e-06
-2.83951e-06
5.19859e-06
-3.00119e-06
6.15226e-06
-3.27602e-06
6.92919e-06
-3.61641e-06
7.53357e-06
-3.993e-06
7.9752e-06
-4.38528e-06
8.26716e-06
-4.77709e-06
8.42426e-06
-5.15472e-06
8.46205e-06
-5.50614e-06
8.39621e-06
-5.82076e-06
8.24218e-06
-6.08934e-06
8.01498e-06
-6.30393e-06
7.72902e-06
-6.4579e-06
7.39802e-06
-6.54585e-06
7.03494e-06
-6.56359e-06
6.65184e-06
-6.5082e-06
6.26e-06
-6.37828e-06
5.86963e-06
-6.17317e-06
5.48927e-06
-5.89309e-06
5.12818e-06
-5.5368e-06
-5.07449e-06
4.79515e-06
1.21774e-06
-4.46754e-06
2.48335e-06
-4.13643e-06
3.67786e-06
-4.03407e-06
4.75026e-06
-4.07361e-06
5.67634e-06
-4.20212e-06
6.44821e-06
-4.38829e-06
7.06812e-06
-4.61293e-06
7.54414e-06
-4.86131e-06
7.88723e-06
-5.12019e-06
8.10965e-06
-5.37715e-06
8.2241e-06
-5.62059e-06
8.24327e-06
-5.83993e-06
8.17967e-06
-6.02574e-06
8.04555e-06
-6.1698e-06
7.85278e-06
-6.26513e-06
7.6129e-06
-6.30596e-06
7.33701e-06
-6.28769e-06
7.03578e-06
-6.20696e-06
6.71904e-06
-6.06152e-06
6.39588e-06
-5.84999e-06
6.07526e-06
-5.57247e-06
5.76479e-06
-5.22628e-06
-4.7816e-06
5.4718e-06
1.06151e-06
-5.52891e-06
2.21376e-06
-5.28866e-06
3.32026e-06
-5.14057e-06
4.32209e-06
-5.07545e-06
5.19405e-06
-5.07408e-06
5.92964e-06
-5.12388e-06
6.53213e-06
-5.21543e-06
7.00938e-06
-5.33854e-06
7.371e-06
-5.4818e-06
7.62715e-06
-5.63328e-06
7.78797e-06
-5.78139e-06
7.86344e-06
-5.91538e-06
7.86337e-06
-6.02565e-06
7.79742e-06
-6.10383e-06
7.67512e-06
-6.1428e-06
7.50587e-06
-6.13669e-06
7.29897e-06
-6.08077e-06
7.06344e-06
-5.9714e-06
6.80808e-06
-5.80615e-06
6.54145e-06
-5.58332e-06
6.2706e-06
-5.30158e-06
6.00318e-06
-4.95892e-06
-4.52156e-06
5.7431e-06
9.48902e-07
-6.47799e-06
2.00186e-06
-6.34166e-06
3.01016e-06
-6.14886e-06
3.91793e-06
-5.9832e-06
4.70765e-06
-5.86378e-06
5.37841e-06
-5.79461e-06
5.93592e-06
-5.77292e-06
6.38804e-06
-5.79064e-06
6.7429e-06
-5.83664e-06
7.00834e-06
-5.8987e-06
7.1919e-06
-5.96492e-06
7.30093e-06
-6.02438e-06
7.34269e-06
-6.06739e-06
7.32448e-06
-6.08558e-06
7.25365e-06
-6.07193e-06
7.13764e-06
-6.02065e-06
6.98402e-06
-5.92713e-06
6.80042e-06
-5.78778e-06
6.59432e-06
-5.60001e-06
6.37278e-06
-5.36173e-06
6.14341e-06
-5.07219e-06
5.91253e-06
-4.72796e-06
-4.29413e-06
5.68504e-06
8.87802e-07
-7.36563e-06
1.83986e-06
-7.29366e-06
2.72493e-06
-7.0339e-06
3.50955e-06
-6.76779e-06
4.19027e-06
-6.54447e-06
4.77279e-06
-6.37711e-06
5.26464e-06
-6.26475e-06
5.67269e-06
-6.19867e-06
6.00272e-06
-6.16664e-06
6.2598e-06
-6.15575e-06
6.4487e-06
-6.15378e-06
6.57418e-06
-6.14983e-06
6.6412e-06
-6.13437e-06
6.6549e-06
-6.09924e-06
6.62069e-06
-6.03769e-06
6.54429e-06
-5.94422e-06
6.43167e-06
-5.81448e-06
6.28904e-06
-5.64512e-06
6.12287e-06
-5.43381e-06
5.93978e-06
-5.17859e-06
5.74544e-06
-4.87779e-06
5.54633e-06
-4.52889e-06
-4.09384e-06
5.34603e-06
8.58294e-07
-8.22411e-06
1.68173e-06
-8.11712e-06
2.41173e-06
-7.76388e-06
3.04771e-06
-7.40374e-06
3.6003e-06
-7.09703e-06
4.07982e-06
-6.85659e-06
4.49348e-06
-6.67838e-06
4.84563e-06
-6.55079e-06
5.13888e-06
-6.45987e-06
5.37524e-06
-6.39208e-06
5.55678e-06
-6.33529e-06
5.68594e-06
-6.27897e-06
5.76566e-06
-6.21404e-06
5.79926e-06
-6.13281e-06
5.79051e-06
-6.02891e-06
5.7436e-06
-5.89727e-06
5.66313e-06
-5.73398e-06
5.55417e-06
-5.53613e-06
5.42198e-06
-5.30158e-06
5.27174e-06
-5.02831e-06
5.10953e-06
-4.71556e-06
4.94053e-06
-4.3598e-06
-3.92172e-06
4.76836e-06
7.87706e-07
-9.01157e-06
1.44995e-06
-8.77929e-06
2.00359e-06
-8.31748e-06
2.48221e-06
-7.88235e-06
2.90261e-06
-7.51742e-06
3.27561e-06
-7.22959e-06
3.60631e-06
-7.00909e-06
3.89592e-06
-6.84039e-06
4.14397e-06
-6.70791e-06
4.34987e-06
-6.59796e-06
4.51356e-06
-6.49897e-06
4.63573e-06
-6.40113e-06
4.71777e-06
-6.29607e-06
4.7616e-06
-6.17663e-06
4.76963e-06
-6.03693e-06
4.74475e-06
-5.87237e-06
4.69035e-06
-5.67957e-06
4.6103e-06
-5.45607e-06
4.50891e-06
-5.20018e-06
4.3912e-06
-4.91057e-06
4.26112e-06
-4.58544e-06
4.12392e-06
-4.22266e-06
-3.77852e-06
3.98072e-06
5.53106e-07
-9.5645e-06
1.05423e-06
-9.28026e-06
1.44691e-06
-8.71006e-06
1.78998e-06
-8.22535e-06
2.09234e-06
-7.81973e-06
2.36523e-06
-7.50243e-06
2.61282e-06
-7.25663e-06
2.83473e-06
-7.06226e-06
3.02912e-06
-6.90227e-06
3.19424e-06
-6.76305e-06
3.32905e-06
-6.63374e-06
3.43328e-06
-6.50533e-06
3.50737e-06
-6.37012e-06
3.55225e-06
-6.22147e-06
3.56928e-06
-6.05392e-06
3.56024e-06
-5.86331e-06
3.52743e-06
-5.64673e-06
3.47367e-06
-5.40228e-06
3.40231e-06
-5.12878e-06
3.31655e-06
-4.82478e-06
3.22128e-06
-4.49015e-06
3.12056e-06
-4.12186e-06
-3.67065e-06
3.01267e-06
-1.44452e-08
-9.54978e-06
3.85963e-07
-9.68044e-06
7.5313e-07
-9.07705e-06
1.01044e-06
-8.48251e-06
1.215e-06
-8.02417e-06
1.39402e-06
-7.68134e-06
1.55549e-06
-7.418e-06
1.70094e-06
-7.2076e-06
1.82972e-06
-7.03095e-06
1.94072e-06
-6.87396e-06
2.03309e-06
-6.72602e-06
2.10645e-06
-6.5786e-06
2.1608e-06
-6.42439e-06
2.19647e-06
-6.25707e-06
2.21404e-06
-6.07141e-06
2.21437e-06
-5.86356e-06
2.1987e-06
-5.63099e-06
2.16875e-06
-5.37227e-06
2.12661e-06
-5.08659e-06
2.07517e-06
-4.77327e-06
2.01706e-06
-4.43197e-06
1.95666e-06
-4.06146e-06
-3.61688e-06
1.9029e-06
-1.3223e-06
-1.99007e-07
1.41041e-07
2.88326e-07
3.80952e-07
4.51886e-07
5.1209e-07
5.65401e-07
6.12717e-07
6.53964e-07
6.889e-07
7.17347e-07
7.39238e-07
7.54572e-07
7.63431e-07
7.65993e-07
7.6262e-07
7.53859e-07
7.40459e-07
7.23143e-07
7.03143e-07
6.81292e-07
6.65069e-07
4.07358e-05
7.48365e-06
3.56793e-05
5.05648e-06
2.89336e-05
6.74571e-06
1.17541e-05
1.71794e-05
5.1911e-05
8.67393e-06
4.82112e-05
8.75629e-06
4.38956e-05
1.10614e-05
1.48308e-05
4.08189e-05
5.67142e-05
9.64925e-06
5.53344e-05
1.01361e-05
5.49444e-05
1.14513e-05
1.18725e-05
5.79027e-05
6.03693e-05
9.02375e-06
6.15122e-05
8.9933e-06
6.40471e-05
8.9164e-06
7.92764e-06
6.7992e-05
6.18108e-05
6.63901e-06
6.44643e-05
6.33981e-06
6.75887e-05
5.79203e-06
4.64436e-06
7.0872e-05
6.06314e-05
3.70153e-06
6.3652e-05
3.31916e-06
6.67872e-05
2.6569e-06
1.64949e-06
6.9782e-05
5.83294e-05
6.25529e-07
6.14387e-05
2.09822e-07
6.45054e-05
-4.09827e-07
-1.25286e-06
6.74078e-05
5.57868e-05
-2.48211e-06
5.88698e-05
-2.87319e-06
6.18689e-05
-3.4089e-06
-4.09628e-06
6.47123e-05
5.35375e-05
-5.44832e-06
5.64325e-05
-5.76816e-06
5.91965e-05
-6.17293e-06
-6.7416e-06
6.18418e-05
5.14661e-05
-8.2236e-06
5.42339e-05
-8.53596e-06
5.69773e-05
-8.91644e-06
-9.49054e-06
5.97263e-05
5.09252e-05
-1.13117e-05
5.37214e-05
-1.13322e-05
5.69291e-05
-1.21243e-05
-1.2815e-05
6.02535e-05
4.55788e-05
-1.18573e-05
4.4709e-05
-1.04625e-05
4.22028e-05
-9.61813e-06
-1.02309e-05
3.96186e-05
9.99691e-06
-1.25704e-05
1.04224e-05
-1.0888e-05
1.02143e-05
-9.40984e-06
-9.07561e-06
9.05911e-06
-1.58248e-05
-1.18391e-05
-1.61663e-05
-1.05464e-05
-1.62887e-05
-9.28739e-06
-8.32542e-06
-1.70388e-05
-3.47137e-05
-1.09075e-05
-3.53946e-05
-9.86547e-06
-3.59568e-05
-8.72516e-06
-7.5584e-06
-3.67237e-05
-4.72337e-05
-9.8531e-06
-4.81553e-05
-8.94385e-06
-4.89822e-05
-7.89825e-06
-6.67684e-06
-4.98637e-05
-5.44538e-05
-8.76201e-06
-5.54436e-05
-7.95404e-06
-5.63349e-05
-7.00695e-06
-5.82848e-06
-5.71832e-05
-5.74131e-05
-7.74699e-06
-5.83362e-05
-7.03097e-06
-5.91508e-05
-6.19236e-06
-5.09916e-06
-5.988e-05
-5.70395e-05
-6.8687e-06
-5.78306e-05
-6.23996e-06
-5.85199e-05
-5.50295e-06
-4.51032e-06
-5.91087e-05
-5.41471e-05
-6.13782e-06
-5.47978e-05
-5.58922e-06
-5.53489e-05
-4.95185e-06
-4.05982e-06
-5.57994e-05
-4.94898e-05
-5.54418e-06
-5.00107e-05
-5.06838e-06
-5.04468e-05
-4.51574e-06
-3.72055e-06
-5.0786e-05
-4.36802e-05
-5.0634e-06
-4.40978e-05
-4.6507e-06
-4.44359e-05
-4.17761e-06
-3.47116e-06
-4.46853e-05
-3.72553e-05
-4.66989e-06
-3.75933e-05
-4.31274e-06
-3.78672e-05
-3.9037e-06
-3.27951e-06
-3.80588e-05
-3.06249e-05
-4.33723e-06
-3.09107e-05
-4.02692e-06
-3.11364e-05
-3.67794e-06
-3.12746e-06
-3.12884e-05
-2.41474e-05
-4.04628e-06
-2.43979e-05
-3.77648e-06
-2.46008e-05
-3.47497e-06
-2.9916e-06
-2.47366e-05
-1.80756e-05
-3.78175e-06
-1.83062e-05
-3.54575e-06
-1.84921e-05
-3.28905e-06
-2.86425e-06
-1.86194e-05
-1.26112e-05
-3.5357e-06
-1.2828e-05
-3.329e-06
-1.30107e-05
-3.10629e-06
-2.73321e-06
-1.31417e-05
-7.8664e-06
-3.30356e-06
-8.07482e-06
-3.12052e-06
-8.25168e-06
-2.92942e-06
-2.5994e-06
-8.38542e-06
-3.91053e-06
-3.08633e-06
-4.10968e-06
-2.92141e-06
-4.28657e-06
-2.75246e-06
-2.45975e-06
-4.42617e-06
-7.45255e-07
-2.86865e-06
-9.37618e-07
-2.72898e-06
-1.1035e-06
-2.58657e-06
-2.32417e-06
-1.23902e-06
1.69421e-06
-2.68263e-06
1.51842e-06
-2.55325e-06
1.35589e-06
-2.42397e-06
-2.18546e-06
1.21723e-06
3.46046e-06
-2.5123e-06
3.29816e-06
-2.39087e-06
3.14749e-06
-2.27329e-06
-2.05041e-06
3.01252e-06
4.64032e-06
-2.35748e-06
4.49105e-06
-2.24164e-06
4.3481e-06
-2.13025e-06
-1.91927e-06
4.21701e-06
5.33143e-06
-2.21712e-06
5.19389e-06
-2.10401e-06
5.06198e-06
-1.99832e-06
-1.79572e-06
4.93851e-06
5.61605e-06
-2.09007e-06
5.48993e-06
-1.97794e-06
5.36523e-06
-1.87353e-06
-1.67743e-06
5.24699e-06
5.56965e-06
-1.97467e-06
5.45344e-06
-1.86162e-06
5.33886e-06
-1.75893e-06
-1.56775e-06
5.22926e-06
5.24228e-06
-1.8709e-06
5.13672e-06
-1.75609e-06
5.03037e-06
-1.65247e-06
-1.46592e-06
4.92859e-06
4.67707e-06
-1.77958e-06
4.58352e-06
-1.66245e-06
4.49022e-06
-1.55915e-06
-1.37748e-06
4.40185e-06
3.90372e-06
-1.70257e-06
3.82406e-06
-1.58282e-06
3.74363e-06
-1.47864e-06
-1.30373e-06
3.66991e-06
2.95393e-06
-1.64381e-06
2.88822e-06
-1.51703e-06
2.82185e-06
-1.41227e-06
-1.24751e-06
2.76568e-06
1.85289e-06
-1.59377e-06
1.79809e-06
-1.46227e-06
1.73598e-06
-1.35011e-06
-1.19803e-06
1.68654e-06
6.39318e-07
6.16963e-07
5.93411e-07
5.77866e-07
2.97449e-05
8.42496e-06
2.65724e-05
-2.37858e-05
3.15595e-05
-2.37698e-05
3.88731e-05
-5.61947e-06
4.33923e-05
1.77802e-06
4.4623e-05
3.30539e-06
4.36571e-05
3.80887e-06
4.21647e-05
3.66161e-06
4.10987e-05
3.62345e-06
4.06446e-05
4.18215e-06
4.03416e-05
4.72153e-06
3.94031e-05
4.44115e-06
3.67059e-05
3.29567e-06
3.23796e-05
2.88273e-06
2.69566e-05
3.8129e-06
2.02513e-05
4.57989e-06
1.25581e-05
6.29073e-06
5.88326e-06
9.43642e-06
2.10896e-06
4.09883e-05
8.25556e-06
3.88287e-05
-2.16262e-05
4.07712e-05
-2.57124e-05
4.62036e-05
-1.10518e-05
5.09151e-05
-2.9335e-06
5.32452e-05
9.7527e-07
5.43e-05
2.75413e-06
5.47411e-05
3.22045e-06
5.48484e-05
3.51621e-06
5.46227e-05
4.40783e-06
5.36984e-05
5.64576e-06
5.14308e-05
6.7088e-06
4.72254e-05
7.50108e-06
4.15876e-05
8.52046e-06
3.54767e-05
9.92383e-06
2.8815e-05
1.12416e-05
2.19733e-05
1.31324e-05
1.5195e-05
1.62147e-05
1.7304e-05
5.54118e-05
1.07464e-05
5.14608e-05
-1.76751e-05
4.93793e-05
-2.36309e-05
5.25183e-05
-1.41908e-05
5.66643e-05
-7.07954e-06
6.03024e-05
-2.66278e-06
6.37617e-05
-7.05181e-07
6.61977e-05
7.84493e-07
6.72868e-05
2.42701e-06
6.70819e-05
4.61276e-06
6.53061e-05
7.42158e-06
6.165e-05
1.03649e-05
5.59964e-05
1.31547e-05
4.90357e-05
1.54811e-05
4.17203e-05
1.72393e-05
3.42502e-05
1.87117e-05
2.66414e-05
2.07411e-05
1.79896e-05
2.48666e-05
3.52935e-05
7.11734e-05
7.56492e-06
6.39383e-05
-1.044e-05
5.84739e-05
-1.81665e-05
5.99628e-05
-1.56797e-05
6.38236e-05
-1.09404e-05
6.8685e-05
-7.52424e-06
7.27352e-05
-4.75535e-06
7.54891e-05
-1.96941e-06
7.66686e-05
1.24751e-06
7.61531e-05
5.12819e-06
7.35872e-05
9.98756e-06
6.88803e-05
1.50717e-05
6.20792e-05
1.99558e-05
5.40145e-05
2.35457e-05
4.5666e-05
2.55878e-05
3.71123e-05
2.72654e-05
2.8044e-05
2.98094e-05
1.73907e-05
3.55199e-05
5.26842e-05
7.50592e-05
3.37772e-06
7.29479e-05
-8.32874e-06
6.97745e-05
-1.49931e-05
6.98821e-05
-1.57873e-05
7.2993e-05
-1.40513e-05
7.68139e-05
-1.13452e-05
8.0305e-05
-8.24638e-06
8.27138e-05
-4.37826e-06
8.35169e-05
4.44423e-07
8.26303e-05
6.0148e-06
7.94042e-05
1.32136e-05
7.40092e-05
2.04667e-05
6.59074e-05
2.80576e-05
5.66005e-05
3.28526e-05
4.75103e-05
3.4678e-05
3.81878e-05
3.65879e-05
2.76052e-05
4.0392e-05
1.46797e-05
4.84454e-05
6.73639e-05
7.47096e-05
-1.54983e-06
7.58726e-05
-9.49177e-06
7.57803e-05
-1.49008e-05
7.69711e-05
-1.69781e-05
7.9654e-05
-1.67342e-05
8.28108e-05
-1.4502e-05
8.57472e-05
-1.11828e-05
8.75492e-05
-6.18029e-06
8.78378e-05
1.55912e-07
8.66573e-05
7.19527e-06
8.26245e-05
1.72465e-05
7.68495e-05
2.62418e-05
6.7707e-05
3.72002e-05
5.71876e-05
4.33722e-05
4.76708e-05
4.41948e-05
3.81068e-05
4.6152e-05
2.70505e-05
5.14484e-05
1.29728e-05
6.25232e-05
8.03368e-05
7.29003e-05
-7.04239e-06
7.61919e-05
-1.27833e-05
7.81325e-05
-1.68414e-05
8.0389e-05
-1.92346e-05
8.33659e-05
-1.97111e-05
8.60145e-05
-1.71506e-05
8.84942e-05
-1.36625e-05
8.98474e-05
-7.53335e-06
8.84717e-05
1.53162e-06
8.74344e-05
8.23265e-06
8.26341e-05
2.20469e-05
7.64593e-05
3.24168e-05
6.6806e-05
4.68539e-05
5.60873e-05
5.40913e-05
4.50232e-05
5.52593e-05
3.45479e-05
5.66275e-05
2.56309e-05
6.03657e-05
1.06045e-05
7.755e-05
9.09414e-05
7.05786e-05
-1.29087e-05
7.51592e-05
-1.73638e-05
7.8277e-05
-1.99592e-05
8.12242e-05
-2.21818e-05
8.45926e-05
-2.30796e-05
8.63718e-05
-1.89296e-05
8.7856e-05
-1.51468e-05
9.08659e-05
-1.05433e-05
8.44837e-05
7.914e-06
7.86758e-05
1.40409e-05
7.01906e-05
3.05324e-05
5.91019e-05
4.35056e-05
4.76297e-05
5.83262e-05
3.99091e-05
6.18118e-05
3.48156e-05
6.03528e-05
3.08313e-05
6.06118e-05
2.77256e-05
6.34712e-05
1.80907e-05
8.71848e-05
0.000109033
6.81459e-05
-1.92129e-05
7.35739e-05
-2.27917e-05
7.72275e-05
-2.36128e-05
8.02664e-05
-2.52207e-05
8.43311e-05
-2.71444e-05
8.62698e-05
-2.08683e-05
8.13462e-05
-1.0223e-05
7.40938e-05
-3.29072e-06
6.63162e-05
1.56918e-05
5.0463e-05
2.98941e-05
3.46651e-05
4.63302e-05
1.98464e-05
5.8324e-05
1.22938e-05
6.58783e-05
1.49542e-05
5.91508e-05
1.82795e-05
5.7027e-05
1.79879e-05
6.0903e-05
9.86466e-06
7.1594e-05
-2.29186e-07
9.72779e-05
0.000108804
6.60828e-05
-2.55695e-05
7.2199e-05
-2.89079e-05
7.73531e-05
-2.87669e-05
7.99756e-05
-2.78432e-05
7.76346e-05
-2.48033e-05
6.76036e-05
-1.08371e-05
5.18991e-05
5.48143e-06
3.52313e-05
1.3377e-05
2.56178e-05
2.5305e-05
1.8164e-05
3.73474e-05
1.04039e-05
5.40898e-05
2.87724e-06
6.58502e-05
1.0887e-06
6.76663e-05
4.04396e-06
5.61952e-05
5.71573e-06
5.53549e-05
2.38918e-06
6.42292e-05
-4.99785e-06
7.89807e-05
-7.65661e-06
9.99362e-05
0.000101146
6.81804e-05
-3.34965e-05
7.00064e-05
-3.07339e-05
6.20302e-05
-2.07906e-05
4.97609e-05
-1.55739e-05
3.61049e-05
-1.11474e-05
2.42994e-05
9.68279e-07
1.54703e-05
1.43103e-05
5.22932e-06
2.36176e-05
-6.59572e-07
3.11936e-05
-5.43297e-06
4.21205e-05
-8.03728e-06
5.66939e-05
-8.97507e-06
6.67878e-05
-6.89899e-06
6.559e-05
-6.6549e-06
5.5951e-05
-9.35578e-06
5.80556e-05
-1.27667e-05
6.764e-05
-1.29142e-05
7.91281e-05
-6.27179e-06
9.32934e-05
9.48738e-05
3.25299e-05
-2.64079e-05
2.6075e-05
-2.42791e-05
2.09244e-05
-1.564e-05
1.34763e-05
-8.12588e-06
2.92945e-06
-6.00643e-07
-5.60878e-06
9.50628e-06
-1.19199e-05
2.06212e-05
-1.68535e-05
2.85511e-05
-2.05375e-05
3.48775e-05
-2.28719e-05
4.44548e-05
-2.28382e-05
5.66601e-05
-2.03613e-05
6.43108e-05
-1.78292e-05
6.30578e-05
-2.02532e-05
5.83749e-05
-2.26575e-05
6.04598e-05
-2.25176e-05
6.74999e-05
-1.91599e-05
7.57703e-05
-1.01531e-05
8.42865e-05
8.47205e-05
3.02143e-06
-2.037e-05
-3.70609e-06
-1.75516e-05
-9.33721e-06
-1.0009e-05
-1.5723e-05
-1.74014e-06
-2.24852e-05
6.16142e-06
-2.79536e-05
1.49746e-05
-3.11285e-05
2.3796e-05
-3.3382e-05
3.08046e-05
-3.56417e-05
3.71371e-05
-3.67856e-05
4.55987e-05
-3.52711e-05
5.51455e-05
-3.17502e-05
6.07898e-05
-2.95251e-05
6.08326e-05
-2.99284e-05
5.87782e-05
-2.99015e-05
6.04328e-05
-2.71993e-05
6.47975e-05
-2.13989e-05
6.99698e-05
-1.15645e-05
7.4452e-05
7.3156e-05
-2.09746e-05
-1.64341e-05
-2.67672e-05
-1.17589e-05
-3.20078e-05
-4.76844e-06
-3.65416e-05
2.79355e-06
-4.06577e-05
1.02775e-05
-4.36268e-05
1.79436e-05
-4.52571e-05
2.54262e-05
-4.63457e-05
3.18931e-05
-4.72169e-05
3.80082e-05
-4.67592e-05
4.5141e-05
-4.39186e-05
5.23048e-05
-3.98688e-05
5.67399e-05
-3.6665e-05
5.76288e-05
-3.48909e-05
5.70039e-05
-3.24801e-05
5.8022e-05
-2.81368e-05
6.04541e-05
-2.11865e-05
6.30194e-05
-1.13392e-05
6.46046e-05
6.18167e-05
-3.99525e-05
-1.32052e-05
-4.40418e-05
-7.66967e-06
-4.76105e-05
-1.19982e-06
-5.05035e-05
5.68647e-06
-5.27647e-05
1.25386e-05
-5.41565e-05
1.93354e-05
-5.45921e-05
2.58618e-05
-5.44593e-05
3.17602e-05
-5.38639e-05
3.74128e-05
-5.20084e-05
4.32854e-05
-4.84427e-05
4.87391e-05
-4.3988e-05
5.22852e-05
-3.9861e-05
5.35017e-05
-3.6393e-05
5.35358e-05
-3.23969e-05
5.40258e-05
-2.69006e-05
5.49577e-05
-1.95516e-05
5.56703e-05
-1.02706e-05
5.53235e-05
5.15461e-05
-5.24083e-05
-1.06604e-05
-5.51077e-05
-4.97022e-06
-5.73252e-05
1.01757e-06
-5.88891e-05
7.25031e-06
-5.98073e-05
1.34567e-05
-5.99917e-05
1.95198e-05
-5.94218e-05
2.52918e-05
-5.82715e-05
3.06099e-05
-5.64735e-05
3.56147e-05
-5.36456e-05
4.04574e-05
-4.96033e-05
4.46967e-05
-4.48575e-05
4.75393e-05
-4.01191e-05
4.87632e-05
-3.55621e-05
4.89788e-05
-3.0557e-05
4.90205e-05
-2.45577e-05
4.89583e-05
-1.73311e-05
4.84436e-05
-8.92565e-06
4.6918e-05
4.26204e-05
-5.91532e-05
-8.69032e-06
-6.0878e-05
-3.24539e-06
-6.20829e-05
2.22237e-06
-6.26689e-05
7.83629e-06
-6.26231e-05
1.34109e-05
-6.19179e-05
1.88145e-05
-6.05535e-05
2.39274e-05
-5.85964e-05
2.86528e-05
-5.60004e-05
3.30187e-05
-5.25626e-05
3.70195e-05
-4.82355e-05
4.03696e-05
-4.33391e-05
4.26428e-05
-3.82903e-05
4.37143e-05
-3.32034e-05
4.38919e-05
-2.77848e-05
4.36017e-05
-2.17455e-05
4.29189e-05
-1.49702e-05
4.16682e-05
-7.55219e-06
3.94999e-05
3.50681e-05
-6.13677e-05
-7.20258e-06
-6.24074e-05
-2.2057e-06
-6.28977e-05
2.71263e-06
-6.27905e-05
7.72903e-06
-6.20772e-05
1.26975e-05
-6.07548e-05
1.74921e-05
-5.88349e-05
2.20075e-05
-5.63463e-05
2.61641e-05
-5.32613e-05
2.99336e-05
-4.95e-05
3.32581e-05
-4.50791e-05
3.59487e-05
-4.02028e-05
3.77665e-05
-3.51244e-05
3.86358e-05
-2.9939e-05
3.87063e-05
-2.45338e-05
3.81965e-05
-1.87796e-05
3.71646e-05
-1.26462e-05
3.55346e-05
-6.25187e-06
3.31054e-05
2.88162e-05
-6.01715e-05
-6.13972e-06
-6.07251e-05
-1.65206e-06
-6.07254e-05
2.7129e-06
-6.01538e-05
7.15733e-06
-5.90093e-05
1.15531e-05
-5.73011e-05
1.57838e-05
-5.50468e-05
1.97532e-05
-5.22685e-05
2.33858e-05
-4.89635e-05
2.66285e-05
-4.51163e-05
2.94109e-05
-4.07713e-05
3.16036e-05
-3.60706e-05
3.30657e-05
-3.11814e-05
3.37465e-05
-2.61914e-05
3.37163e-05
-2.10822e-05
3.30872e-05
-1.58233e-05
3.19056e-05
-1.0438e-05
3.01493e-05
-5.05119e-06
2.77184e-05
2.37649e-05
-5.65303e-05
-5.40869e-06
-5.67405e-05
-1.44187e-06
-5.64213e-05
2.39365e-06
-5.55647e-05
6.30067e-06
-5.41762e-05
1.01645e-05
-5.22714e-05
1.3879e-05
-4.9873e-05
1.73547e-05
-4.70058e-05
2.05186e-05
-4.36868e-05
2.33095e-05
-3.99347e-05
2.56587e-05
-3.58054e-05
2.74743e-05
-3.14073e-05
2.86675e-05
-2.68628e-05
2.9202e-05
-2.22556e-05
2.91091e-05
-1.76175e-05
2.8449e-05
-1.29705e-05
2.72586e-05
-8.3732e-06
2.55519e-05
-3.95565e-06
2.33008e-05
1.98092e-05
-5.12452e-05
-4.94938e-06
-5.12234e-05
-1.46362e-06
-5.07127e-05
1.88293e-06
-4.97093e-05
5.2972e-06
-4.8222e-05
8.67719e-06
-4.62696e-05
1.19265e-05
-4.3878e-05
1.49631e-05
-4.10765e-05
1.77171e-05
-3.78949e-05
2.01278e-05
-3.43694e-05
2.21332e-05
-3.05602e-05
2.36651e-05
-2.65566e-05
2.46637e-05
-2.24569e-05
2.51023e-05
-1.8342e-05
2.4994e-05
-1.42671e-05
2.43741e-05
-1.02867e-05
2.32781e-05
-6.47632e-06
2.17414e-05
-2.96508e-06
1.97895e-05
1.68441e-05
-4.49642e-05
-4.67038e-06
-4.47993e-05
-1.62849e-06
-4.41958e-05
1.27943e-06
-4.31507e-05
4.25203e-06
-4.1674e-05
7.20047e-06
-3.97857e-05
1.00383e-05
-3.75132e-05
1.26906e-05
-3.48892e-05
1.50931e-05
-3.19502e-05
1.71888e-05
-2.87408e-05
1.89237e-05
-2.53213e-05
2.02456e-05
-2.17696e-05
2.1112e-05
-1.81701e-05
2.15027e-05
-1.46001e-05
2.1424e-05
-1.11271e-05
2.0901e-05
-7.81794e-06
1.99689e-05
-4.75953e-06
1.86829e-05
-2.07887e-06
1.71087e-05
1.47652e-05
-3.82065e-05
-4.52254e-06
-3.797e-05
-1.86497e-06
-3.73471e-05
6.56549e-07
-3.63376e-05
3.24243e-06
-3.49507e-05
5.81364e-06
-3.3206e-05
8.29346e-06
-3.11307e-05
1.06153e-05
-2.87586e-05
1.2721e-05
-2.61294e-05
1.45595e-05
-2.32902e-05
1.60845e-05
-2.02996e-05
1.72549e-05
-1.72272e-05
1.80396e-05
-1.41483e-05
1.84238e-05
-1.11366e-05
1.84123e-05
-8.26237e-06
1.80268e-05
-5.60111e-06
1.73076e-05
-3.24091e-06
1.63227e-05
-1.30752e-06
1.51753e-05
1.34576e-05
-3.1377e-05
-4.4338e-06
-3.11235e-05
-2.11852e-06
-3.05366e-05
6.96893e-08
-2.96189e-05
2.32468e-06
-2.8376e-05
4.5708e-06
-2.68265e-05
6.74396e-06
-2.4997e-05
8.78577e-06
-2.29209e-05
1.06448e-05
-2.06376e-05
1.22762e-05
-1.81941e-05
1.36409e-05
-1.56455e-05
1.47063e-05
-1.30552e-05
1.54492e-05
-1.04912e-05
1.58598e-05
-8.02274e-06
1.59438e-05
-5.72019e-06
1.57242e-05
-3.65661e-06
1.5244e-05
-1.92047e-06
1.45865e-05
-6.34808e-07
1.38896e-05
1.28228e-05
-2.47938e-05
-4.37649e-06
-2.45641e-05
-2.34824e-06
-2.40513e-05
-4.43107e-07
-2.32594e-05
1.53283e-06
-2.21922e-05
3.5036e-06
-2.08665e-05
5.41822e-06
-1.93071e-05
7.22633e-06
-1.75455e-05
8.88329e-06
-1.56199e-05
1.03506e-05
-1.35746e-05
1.15956e-05
-1.14608e-05
1.25926e-05
-9.33603e-06
1.33245e-05
-7.26204e-06
1.37858e-05
-5.30293e-06
1.39846e-05
-3.52481e-06
1.3946e-05
-2.00083e-06
1.37199e-05
-8.10242e-07
1.33959e-05
-3.58742e-08
1.31151e-05
1.27869e-05
-1.86912e-05
-4.30462e-06
-1.85127e-05
-2.52673e-06
-1.80981e-05
-8.57636e-07
-1.74492e-05
8.83928e-07
-1.65711e-05
2.62547e-06
-1.54785e-05
4.32561e-06
-1.41937e-05
5.94159e-06
-1.2746e-05
7.43555e-06
-1.11704e-05
8.77504e-06
-9.50823e-06
9.93338e-06
-7.80618e-06
1.08905e-05
-6.11614e-06
1.16344e-05
-4.49392e-06
1.21635e-05
-2.99803e-06
1.24887e-05
-1.69092e-06
1.26389e-05
-6.37121e-07
1.26662e-05
8.58701e-08
1.26729e-05
3.66101e-07
1.28349e-05
1.31529e-05
-1.32346e-05
-4.21163e-06
-1.31221e-05
-2.6392e-06
-1.28144e-05
-1.16528e-06
-1.23118e-05
3.81294e-07
-1.16223e-05
1.936e-06
-1.07573e-05
3.46066e-06
-9.73682e-06
4.92109e-06
-8.58712e-06
6.28586e-06
-7.34017e-06
7.5281e-06
-6.03331e-06
8.62653e-06
-4.70882e-06
9.56602e-06
-3.41295e-06
1.03385e-05
-2.196e-06
1.09466e-05
-1.11059e-06
1.14033e-05
-2.11026e-07
1.17393e-05
4.40281e-07
1.20148e-05
7.73353e-07
1.23398e-05
6.86415e-07
1.29218e-05
1.38394e-05
-8.52033e-06
-4.07663e-06
-8.47844e-06
-2.68105e-06
-8.27671e-06
-1.36699e-06
-7.91479e-06
1.93931e-08
-7.40227e-06
1.42349e-06
-6.74839e-06
2.8068e-06
-5.9709e-06
4.14362e-06
-5.09328e-06
5.40825e-06
-4.14393e-06
6.57876e-06
-3.15629e-06
7.63889e-06
-2.16828e-06
8.57802e-06
-1.22063e-06
9.3909e-06
-3.56685e-07
1.00826e-05
3.76624e-07
1.067e-05
9.29436e-07
1.11865e-05
1.24912e-06
1.16952e-05
1.27002e-06
1.23189e-05
9.04814e-07
1.32871e-05
1.47442e-05
-4.59192e-06
-3.91077e-06
-4.61442e-06
-2.6585e-06
-4.50975e-06
-1.47165e-06
-4.27595e-06
-2.14386e-07
-3.92139e-06
1.06896e-06
-3.45507e-06
2.34051e-06
-2.89281e-06
3.58138e-06
-2.25531e-06
4.77077e-06
-1.56739e-06
5.89087e-06
-8.58277e-07
6.9298e-06
-1.60731e-07
7.88049e-06
4.89238e-07
8.74094e-06
1.05312e-06
9.51877e-06
1.48975e-06
1.02334e-05
1.75628e-06
1.092e-05
1.80501e-06
1.16464e-05
1.58412e-06
1.25398e-05
1.02354e-06
1.38476e-05
1.57677e-05
-1.42564e-06
-3.72405e-06
-1.51375e-06
-2.57035e-06
-1.49451e-06
-1.49085e-06
-1.37167e-06
-3.37206e-07
-1.15325e-06
8.5058e-07
-8.48057e-07
2.03534e-06
-4.6978e-07
3.20313e-06
-3.62246e-08
4.33724e-06
4.30351e-07
5.42432e-06
9.04157e-07
6.45602e-06
1.35648e-06
7.42819e-06
1.7556e-06
8.34184e-06
2.06825e-06
9.20613e-06
2.26021e-06
1.00415e-05
2.29498e-06
1.08853e-05
2.13677e-06
1.18047e-05
1.74194e-06
1.29347e-05
1.05803e-06
1.45316e-05
1.68257e-05
1.00448e-06
-3.51119e-06
8.72386e-07
-2.4382e-06
8.23124e-07
-1.44155e-06
8.54915e-07
-3.68963e-07
9.61364e-07
7.44167e-07
1.13342e-06
1.86332e-06
1.35905e-06
2.97754e-06
1.62235e-06
4.07398e-06
1.90371e-06
5.14299e-06
2.18091e-06
6.17885e-06
2.42931e-06
7.17982e-06
2.62208e-06
8.14909e-06
2.73122e-06
9.09703e-06
2.72835e-06
1.00443e-05
2.58539e-06
1.10283e-05
2.27171e-06
1.21184e-05
1.7596e-06
1.34468e-05
1.01779e-06
1.52733e-05
1.78436e-05
2.77668e-06
-3.27524e-06
2.61582e-06
-2.27728e-06
2.5152e-06
-1.34088e-06
2.47471e-06
-3.28433e-07
2.49019e-06
7.28731e-07
2.55356e-06
1.79999e-06
2.65437e-06
2.87677e-06
2.77887e-06
3.94952e-06
2.91018e-06
5.01171e-06
3.029e-06
6.06006e-06
3.11413e-06
7.09472e-06
3.14304e-06
8.12022e-06
3.09275e-06
9.14734e-06
2.94062e-06
1.01965e-05
2.66453e-06
1.13044e-05
2.2468e-06
1.25362e-05
1.66908e-06
1.40246e-05
9.20073e-07
1.60225e-05
1.87636e-05
3.98268e-06
-3.04079e-06
3.79929e-06
-2.09381e-06
3.66e-06
-1.20154e-06
3.56405e-06
-2.32429e-07
3.50838e-06
7.8445e-07
3.48631e-06
1.82211e-06
3.48899e-06
2.87415e-06
3.50454e-06
3.93401e-06
3.5184e-06
4.9979e-06
3.51387e-06
6.06463e-06
3.47286e-06
7.13577e-06
3.37664e-06
8.21648e-06
3.20669e-06
9.31733e-06
2.94582e-06
1.04574e-05
2.57982e-06
1.16704e-05
2.09595e-06
1.30201e-05
1.49207e-06
1.46285e-05
7.79148e-07
1.67354e-05
1.95429e-05
4.70468e-06
-2.80685e-06
4.50866e-06
-1.89771e-06
4.34279e-06
-1.03561e-06
4.20601e-06
-9.55978e-08
4.09682e-06
8.93699e-07
4.01017e-06
1.90881e-06
3.93881e-06
2.94555e-06
3.87253e-06
4.00034e-06
3.7986e-06
5.07188e-06
3.70255e-06
6.16072e-06
3.56902e-06
7.26934e-06
3.3826e-06
8.40295e-06
3.12887e-06
9.57109e-06
2.79554e-06
1.07908e-05
2.37331e-06
1.20927e-05
1.86145e-06
1.3532e-05
1.26576e-06
1.52242e-05
6.15449e-07
1.73858e-05
2.01583e-05
5.02519e-06
-2.58493e-06
4.82586e-06
-1.6983e-06
4.64442e-06
-8.54102e-07
4.48008e-06
6.87999e-08
4.33332e-06
1.04051e-06
4.20117e-06
2.04102e-06
4.07794e-06
3.06884e-06
3.95468e-06
4.12365e-06
3.82009e-06
5.20653e-06
3.66147e-06
6.31938e-06
3.46579e-06
7.46507e-06
3.22055e-06
8.64823e-06
2.91484e-06
9.87685e-06
2.54061e-06
1.11651e-05
2.09502e-06
1.25383e-05
1.57999e-06
1.4047e-05
1.01491e-06
1.57894e-05
4.46557e-07
1.79541e-05
2.06049e-05
5.01824e-06
-2.37379e-06
4.82397e-06
-1.50395e-06
4.63782e-06
-6.67885e-07
4.45876e-06
2.47918e-07
4.28983e-06
1.20949e-06
4.13068e-06
2.20022e-06
3.97686e-06
3.22271e-06
3.82012e-06
4.28045e-06
3.65e-06
5.37669e-06
3.45523e-06
6.5142e-06
3.22472e-06
7.69563e-06
2.94854e-06
8.92446e-06
2.6189e-06
1.02065e-05
2.23131e-06
1.15527e-05
1.78578e-06
1.29839e-05
1.29337e-06
1.45395e-05
7.76737e-07
1.6306e-05
2.92979e-07
1.8438e-05
2.08979e-05
4.74175e-06
-2.18683e-06
4.56377e-06
-1.32588e-06
4.38583e-06
-4.89876e-07
4.2068e-06
4.27002e-07
4.03201e-06
1.38434e-06
3.86519e-06
2.36709e-06
3.70239e-06
3.38556e-06
3.53506e-06
4.44783e-06
3.353e-06
5.5588e-06
3.14599e-06
6.72126e-06
2.90475e-06
7.93691e-06
2.62173e-06
9.20752e-06
2.29178e-06
1.05365e-05
1.91329e-06
1.19312e-05
1.4904e-06
1.34068e-05
1.03307e-06
1.49969e-05
5.7151e-07
1.67677e-05
1.70608e-07
1.88389e-05
2.10686e-05
4.24306e-06
-2.02795e-06
4.09517e-06
-1.17793e-06
3.94272e-06
-3.37361e-07
3.78219e-06
5.87588e-07
3.62031e-06
1.54627e-06
3.46774e-06
2.51971e-06
3.319e-06
3.53435e-06
3.16372e-06
4.60316e-06
2.99144e-06
5.73113e-06
2.79304e-06
6.91969e-06
2.56125e-06
8.16874e-06
2.2909e-06
9.47791e-06
1.97944e-06
1.0848e-05
1.62749e-06
1.22832e-05
1.23964e-06
1.37947e-05
8.30841e-07
1.54057e-05
4.27639e-07
1.71709e-05
9.35094e-08
1.91731e-05
2.11621e-05
3.55582e-06
-1.91377e-06
3.45698e-06
-1.07902e-06
3.35265e-06
-2.32987e-07
3.23879e-06
7.01485e-07
3.11239e-06
1.6727e-06
3.00001e-06
2.63212e-06
2.89037e-06
3.64402e-06
2.76891e-06
4.72465e-06
2.62508e-06
5.875e-06
2.45171e-06
7.09309e-06
2.24426e-06
8.37622e-06
2.00043e-06
9.72177e-06
1.7201e-06
1.11284e-05
1.40577e-06
1.25976e-05
1.06399e-06
1.41365e-05
7.0448e-07
1.57653e-05
3.53624e-07
1.75218e-05
6.88519e-08
1.94579e-05
2.1231e-05
2.70429e-06
-1.85232e-06
2.67627e-06
-1.05094e-06
2.64971e-06
-2.06384e-07
2.63905e-06
7.12176e-07
2.56649e-06
1.74529e-06
2.52603e-06
2.67262e-06
2.48142e-06
3.68865e-06
2.41188e-06
4.79421e-06
2.30924e-06
5.97766e-06
2.17052e-06
7.23183e-06
1.99526e-06
8.5515e-06
1.78463e-06
9.93242e-06
1.54128e-06
1.13717e-05
1.26939e-06
1.28695e-05
9.74367e-07
1.44316e-05
6.67243e-07
1.60724e-05
3.64519e-07
1.78245e-05
1.06736e-07
1.97158e-05
2.13378e-05
1.7036e-06
-1.86932e-06
1.75751e-06
-1.10481e-06
1.83822e-06
-2.87059e-07
2.07346e-06
4.76952e-07
2.05561e-06
1.76316e-06
2.12414e-06
2.60411e-06
2.16312e-06
3.64969e-06
2.15221e-06
4.80514e-06
2.09216e-06
6.03773e-06
1.98722e-06
7.33677e-06
1.84221e-06
8.69653e-06
1.66207e-06
1.01126e-05
1.45209e-06
1.15817e-05
1.2179e-06
1.31037e-05
9.66129e-07
1.46833e-05
7.03021e-07
1.63355e-05
4.39059e-07
1.80885e-05
1.9528e-07
1.99596e-05
2.15331e-05
6.22717e-07
7.02108e-07
8.96437e-07
1.35634e-06
1.67951e-06
1.89289e-06
2.00361e-06
2.03448e-06
2.00214e-06
1.91839e-06
1.7924e-06
1.63207e-06
1.44483e-06
1.23806e-06
1.01894e-06
7.94561e-07
5.70654e-07
3.36577e-07
)
;

boundaryField
{
    leftWall
    {
        type            calculated;
        value           uniform 0;
    }
    rightWall
    {
        type            calculated;
        value           uniform 0;
    }
    lowerWall
    {
        type            calculated;
        value           uniform 0;
    }
    atmosphere
    {
        type            calculated;
        value           nonuniform List<scalar> 
46
(
-8.2274e-06
-1.08037e-05
-9.41703e-06
-8.62974e-06
-8.11674e-06
-7.75222e-06
-7.47815e-06
-7.26086e-06
-7.07822e-06
-6.91516e-06
-6.76091e-06
-6.607e-06
-6.44624e-06
-6.27236e-06
-6.08023e-06
-5.86609e-06
-5.62759e-06
-5.36347e-06
-5.07316e-06
-4.75593e-06
-4.41195e-06
-4.03957e-06
-3.60064e-06
-1.568e-06
-1.43986e-06
-1.32653e-06
-1.18247e-06
-1.91416e-06
-1.1842e-06
-4.81383e-07
1.70575e-08
1.43999e-06
2.39073e-06
3.53897e-06
4.77427e-06
6.07007e-06
7.42053e-06
8.82252e-06
1.02729e-05
1.1769e-05
1.33105e-05
1.49025e-05
1.65599e-05
1.83124e-05
2.01936e-05
2.18696e-05
)
;
    }
    defaultFaces
    {
        type            empty;
    }
}


// ************************************************************************* //
