/*--------------------------------*- C++ -*----------------------------------*\
  =========                 |
  \\      /  F ield         | OpenFOAM: The Open Source CFD Toolbox
   \\    /   O peration     | Website:  https://openfoam.org
    \\  /    A nd           | Version:  13
     \\/     M anipulation  |
\*---------------------------------------------------------------------------*/
FoamFile
{
    format      ascii;
    class       surfaceScalarField;
    location    "0.45";
    object      phi;
}
// * * * * * * * * * * * * * * * * * * * * * * * * * * * * * * * * * * * * * //

dimensions      [0 3 -1 0 0 0 0];

internalField   nonuniform List<scalar> 
4432
(
-1.71904e-06
1.71905e-06
4.58849e-07
-2.17788e-06
3.6105e-06
-3.15165e-06
6.80267e-06
-3.19216e-06
9.85486e-06
-3.0522e-06
1.27358e-05
-2.88091e-06
1.5454e-05
-2.71827e-06
1.80118e-05
-2.55773e-06
2.0392e-05
-2.38022e-06
2.25574e-05
-2.16539e-06
2.44529e-05
-1.8955e-06
2.6011e-05
-1.55817e-06
2.71582e-05
-1.14719e-06
2.78197e-05
-6.6145e-07
2.79302e-05
-1.10499e-07
2.73749e-05
5.55237e-07
2.6027e-05
1.34788e-06
2.36855e-05
2.34152e-06
2.01277e-05
3.55786e-06
1.51944e-05
4.93321e-06
8.91755e-06
6.27689e-06
2.06305e-06
6.85449e-06
2.06305e-06
8.68331e-07
8.50734e-07
3.40124e-06
-4.71078e-06
6.19659e-06
-5.94699e-06
9.02328e-06
-6.01884e-06
1.17606e-05
-5.78954e-06
1.43748e-05
-5.49507e-06
1.6857e-05
-5.20042e-06
1.91963e-05
-4.89707e-06
2.13673e-05
-4.55117e-06
2.33261e-05
-4.12419e-06
2.50116e-05
-3.58106e-06
2.63495e-05
-2.89601e-06
2.72576e-05
-2.05528e-06
2.76531e-05
-1.05702e-06
2.74485e-05
9.41311e-08
2.65809e-05
1.42288e-06
2.49475e-05
2.98123e-06
2.24476e-05
4.84143e-06
1.89927e-05
7.01277e-06
1.45531e-05
9.3728e-06
9.26386e-06
1.15662e-05
3.79055e-06
1.23278e-05
5.8536e-06
2.83991e-06
-1.98917e-06
5.37591e-06
-7.24678e-06
7.87269e-06
-8.44376e-06
1.03788e-05
-8.525e-06
1.2834e-05
-8.24465e-06
1.52082e-05
-7.8693e-06
1.7483e-05
-7.47528e-06
1.96355e-05
-7.04948e-06
2.16296e-05
-6.54528e-06
2.34137e-05
-5.90836e-06
2.492e-05
-5.08732e-06
2.60661e-05
-4.04211e-06
2.67623e-05
-2.75146e-06
2.69187e-05
-1.21339e-06
2.64611e-05
5.51683e-07
2.53384e-05
2.54554e-06
2.35116e-05
4.80811e-06
2.09524e-05
7.40058e-06
1.7667e-05
1.02982e-05
1.37229e-05
1.33168e-05
9.32187e-06
1.59672e-05
4.80649e-06
1.68432e-05
1.06601e-05
4.19202e-06
-6.18118e-06
6.72824e-06
-9.78299e-06
9.01107e-06
-1.07266e-05
1.12668e-05
-1.07807e-05
1.3495e-05
-1.04728e-05
1.56771e-05
-1.00514e-05
1.77873e-05
-9.58544e-06
1.9791e-05
-9.05315e-06
2.16424e-05
-8.39669e-06
2.32819e-05
-7.54792e-06
2.46343e-05
-6.43963e-06
2.56094e-05
-5.01722e-06
2.61087e-05
-3.25079e-06
2.6037e-05
-1.14172e-06
2.53328e-05
1.2559e-06
2.39752e-05
3.90318e-06
2.1981e-05
6.80227e-06
1.93833e-05
9.99832e-06
1.6263e-05
1.34185e-05
1.27537e-05
1.68262e-05
9.06385e-06
1.9657e-05
5.21937e-06
2.06877e-05
1.58795e-05
4.93477e-06
-1.11159e-05
7.45052e-06
-1.22987e-05
9.60835e-06
-1.28844e-05
1.17047e-05
-1.2877e-05
1.37846e-05
-1.25527e-05
1.58403e-05
-1.21071e-05
1.78388e-05
-1.1584e-05
1.97366e-05
-1.09509e-05
2.14793e-05
-1.01394e-05
2.30022e-05
-9.0708e-06
2.42246e-05
-7.66205e-06
2.50471e-05
-5.8397e-06
2.53602e-05
-3.56392e-06
2.50607e-05
-8.42205e-07
2.41048e-05
2.21175e-06
2.25092e-05
5.49879e-06
2.03545e-05
8.95698e-06
1.77349e-05
1.26179e-05
1.4781e-05
1.63724e-05
1.16681e-05
1.99391e-05
8.58426e-06
2.27409e-05
5.30653e-06
2.39654e-05
2.1186e-05
5.27292e-06
-1.63889e-05
7.58913e-06
-1.46149e-05
9.70056e-06
-1.49958e-05
1.17211e-05
-1.48976e-05
1.37267e-05
-1.45583e-05
1.57145e-05
-1.40948e-05
1.76471e-05
-1.35167e-05
1.94757e-05
-1.27795e-05
2.11406e-05
-1.18043e-05
2.2566e-05
-1.04961e-05
2.36714e-05
-8.76747e-06
2.43601e-05
-6.52843e-06
2.4508e-05
-3.71175e-06
2.40025e-05
-3.36716e-07
2.2789e-05
3.42525e-06
2.09294e-05
7.35839e-06
1.86167e-05
1.12696e-05
1.60087e-05
1.52259e-05
1.32551e-05
1.91259e-05
1.05485e-05
2.26458e-05
8.04917e-06
2.52402e-05
5.33426e-06
2.66803e-05
2.65202e-05
4.29625e-06
-2.06851e-05
6.76996e-06
-1.70887e-05
8.97165e-06
-1.71975e-05
1.10112e-05
-1.69371e-05
1.3003e-05
-1.65502e-05
1.49589e-05
-1.60508e-05
1.68484e-05
-1.54061e-05
1.86247e-05
-1.45558e-05
2.02293e-05
-1.34089e-05
2.15874e-05
-1.18542e-05
2.26092e-05
-9.78933e-06
2.31936e-05
-7.11276e-06
2.32103e-05
-3.72844e-06
2.25469e-05
3.26673e-07
2.11579e-05
4.81425e-06
1.9157e-05
9.35926e-06
1.67549e-05
1.36718e-05
1.42035e-05
1.77773e-05
1.17798e-05
2.15497e-05
9.54509e-06
2.48805e-05
7.69475e-06
2.70905e-05
5.589e-06
2.8786e-05
3.21092e-05
2.25099e-06
-2.29361e-05
4.90944e-06
-1.97471e-05
7.13371e-06
-1.94218e-05
9.19485e-06
-1.89982e-05
1.11558e-05
-1.85111e-05
1.30392e-05
-1.79342e-05
1.4836e-05
-1.72029e-05
1.65185e-05
-1.62383e-05
1.80502e-05
-1.49406e-05
1.93906e-05
-1.31947e-05
2.04653e-05
-1.0864e-05
2.11656e-05
-7.81305e-06
2.13658e-05
-3.92861e-06
2.08646e-05
8.2787e-07
1.95577e-05
6.12108e-06
1.73932e-05
1.15238e-05
1.47635e-05
1.63015e-05
1.2418e-05
2.01228e-05
1.04453e-05
2.35224e-05
8.88399e-06
2.64417e-05
7.87128e-06
2.81032e-05
6.65975e-06
2.99976e-05
3.8769e-05
-1.01455e-05
1.01454e-05
-9.08843e-06
-1.05707e-06
-1.62147e-06
-7.46698e-06
5.44206e-06
-7.06354e-06
1.75525e-05
-1.21104e-05
3.88588e-05
-2.13063e-05
7.83402e-05
-3.94813e-05
0.000113202
-3.48613e-05
0.000128965
-1.57629e-05
0.000127251
1.71366e-06
0.000113556
1.36949e-05
9.60506e-05
1.75055e-05
7.90675e-05
1.6983e-05
6.31463e-05
1.59213e-05
4.7632e-05
1.55142e-05
3.14974e-05
1.61346e-05
1.40887e-05
1.74087e-05
-3.1015e-06
1.71902e-05
-3.10153e-06
-5.81928e-06
1.59646e-05
-2.06931e-06
-4.80705e-06
4.8792e-06
-1.44155e-05
1.15093e-05
-1.36936e-05
2.47969e-05
-2.5398e-05
5.10508e-05
-4.756e-05
0.000100308
-8.87384e-05
0.000136963
-7.15171e-05
0.000146576
-2.53751e-05
0.000137461
1.0829e-05
0.000120873
3.02821e-05
0.000101212
3.7167e-05
8.28369e-05
3.5358e-05
6.61378e-05
3.26205e-05
5.04273e-05
3.12247e-05
3.49656e-05
3.15963e-05
1.96027e-05
3.27716e-05
6.25724e-06
3.05356e-05
3.15565e-06
-2.67956e-06
1.86441e-05
2.41878e-06
-9.90539e-06
9.2816e-06
-2.12783e-05
1.5471e-05
-1.98829e-05
3.56394e-05
-4.55664e-05
6.98157e-05
-8.17363e-05
8.51497e-05
-0.000104072
0.000107112
-9.34793e-05
0.000138383
-5.6646e-05
0.000142174
7.03828e-06
0.00012091
5.15463e-05
0.000100607
5.74693e-05
8.24393e-05
5.35262e-05
6.62315e-05
4.88282e-05
5.1197e-05
4.62593e-05
3.6729e-05
4.60643e-05
2.28596e-05
4.66409e-05
1.10768e-05
4.23184e-05
1.42325e-05
1.16012e-07
1.8528e-05
5.98453e-06
-1.5774e-05
1.53378e-05
-3.06315e-05
3.18295e-05
-3.63742e-05
4.56314e-05
-5.93686e-05
7.07255e-05
-0.00010683
7.2181e-05
-0.000105528
7.75039e-05
-9.88022e-05
9.43939e-05
-7.35363e-05
0.000116029
-1.45969e-05
0.00011167
5.59053e-05
9.4726e-05
7.44132e-05
7.9221e-05
6.90311e-05
6.47404e-05
6.33088e-05
5.09595e-05
6.00402e-05
3.75871e-05
5.94366e-05
2.47625e-05
5.94656e-05
1.31549e-05
5.3926e-05
2.73873e-05
3.42156e-06
1.51065e-05
1.096e-05
-2.33123e-05
2.33846e-05
-4.30559e-05
4.47017e-05
-5.7691e-05
6.80578e-05
-8.27248e-05
6.40759e-05
-0.000102849
6.63336e-05
-0.000107786
6.92811e-05
-0.00010175
7.40192e-05
-7.82743e-05
8.77699e-05
-2.83478e-05
9.24894e-05
5.11858e-05
8.47767e-05
8.2126e-05
7.40216e-05
7.97863e-05
6.2144e-05
7.51864e-05
5.00005e-05
7.21837e-05
3.77992e-05
7.16379e-05
2.58072e-05
7.14576e-05
1.41393e-05
6.55938e-05
4.15267e-05
8.12178e-06
6.98463e-06
1.90804e-05
-3.42709e-05
3.19264e-05
-5.5902e-05
4.63709e-05
-7.21359e-05
5.88595e-05
-9.52135e-05
6.07508e-05
-0.00010474
6.21717e-05
-0.000109207
6.36291e-05
-0.000103207
6.5339e-05
-7.99843e-05
6.95628e-05
-3.25717e-05
7.55543e-05
4.51942e-05
7.44131e-05
8.32671e-05
6.80188e-05
8.61806e-05
5.8928e-05
8.42772e-05
4.85395e-05
8.25723e-05
3.75232e-05
8.26542e-05
2.62747e-05
8.27061e-05
1.46584e-05
7.72102e-05
5.61851e-05
1.82914e-05
-1.13068e-05
2.99558e-05
-4.59354e-05
4.05729e-05
-6.65193e-05
5.13718e-05
-8.2935e-05
5.57688e-05
-9.96106e-05
5.78364e-05
-0.000106808
5.87127e-05
-0.000110083
5.87437e-05
-0.000103238
5.83086e-05
-7.95491e-05
5.79735e-05
-3.22366e-05
6.22816e-05
4.08861e-05
6.52414e-05
8.03073e-05
6.21271e-05
8.92949e-05
5.54956e-05
9.09087e-05
4.67601e-05
9.13078e-05
3.68756e-05
9.25387e-05
2.63236e-05
9.32581e-05
1.49146e-05
8.86192e-05
7.10997e-05
2.76246e-05
-3.89314e-05
3.60568e-05
-5.43677e-05
4.32552e-05
-7.37178e-05
5.01734e-05
-8.98533e-05
5.39404e-05
-0.000103378
5.57316e-05
-0.000108599
5.59067e-05
-0.000110258
5.45909e-05
-0.000101922
5.15077e-05
-7.64658e-05
4.90643e-05
-2.97932e-05
5.35142e-05
3.64362e-05
5.78424e-05
7.59792e-05
5.689e-05
9.02473e-05
5.21091e-05
9.56896e-05
4.47938e-05
9.86231e-05
3.59385e-05
0.000101394
2.60573e-05
0.000103139
1.49412e-05
9.97353e-05
8.60409e-05
2.74447e-06
-2.56806e-05
7.3575e-06
-2.43602e-05
1.16597e-05
-2.3724e-05
1.57596e-05
-2.30982e-05
1.96669e-05
-2.24185e-05
2.33803e-05
-2.16476e-05
2.68821e-05
-2.07047e-05
3.01332e-05
-1.94895e-05
3.3076e-05
-1.78834e-05
3.56328e-05
-1.57515e-05
3.77096e-05
-1.29408e-05
3.91802e-05
-9.28368e-06
3.98902e-05
-4.63862e-06
3.96168e-05
1.10129e-06
3.79378e-05
7.80013e-06
3.4336e-05
1.51255e-05
2.89189e-05
2.17187e-05
2.28611e-05
2.61805e-05
1.95132e-05
2.68703e-05
1.88595e-05
2.70954e-05
1.99617e-05
2.7001e-05
2.54407e-05
2.45186e-05
2.06967e-05
4.3513e-05
2.16816e-06
-2.78488e-05
5.84772e-06
-2.80397e-05
9.52557e-06
-2.74019e-05
1.3113e-05
-2.66856e-05
1.65808e-05
-2.58863e-05
1.98932e-05
-2.496e-05
2.30192e-05
-2.38307e-05
2.59255e-05
-2.23957e-05
2.85709e-05
-2.05288e-05
3.09072e-05
-1.80879e-05
3.28866e-05
-1.49202e-05
3.44724e-05
-1.08695e-05
3.56316e-05
-5.79788e-06
3.63848e-05
3.48073e-07
3.67115e-05
7.47348e-06
3.66522e-05
1.51848e-05
3.58167e-05
2.25542e-05
3.38745e-05
2.81227e-05
3.05337e-05
3.02111e-05
2.76115e-05
3.00176e-05
3.08677e-05
2.37448e-05
3.79065e-05
1.74797e-05
9.68088e-06
4.89224e-05
2.26777e-06
-3.01165e-05
5.35725e-06
-3.11292e-05
8.49154e-06
-3.05361e-05
1.16157e-05
-2.98097e-05
1.46751e-05
-2.89457e-05
1.76258e-05
-2.79107e-05
2.04366e-05
-2.66414e-05
2.30845e-05
-2.50437e-05
2.55463e-05
-2.29906e-05
2.78033e-05
-2.03449e-05
2.98495e-05
-1.69664e-05
3.17027e-05
-1.27227e-05
3.34173e-05
-7.51241e-06
3.51138e-05
-1.3485e-06
3.70004e-05
5.58696e-06
3.9336e-05
1.28492e-05
4.2205e-05
1.96852e-05
4.52671e-05
2.50607e-05
4.77433e-05
2.77349e-05
5.07167e-05
2.70443e-05
5.25074e-05
2.1954e-05
5.78536e-05
1.21336e-05
-7.30965e-07
6.82654e-05
2.52973e-06
-3.26462e-05
5.14115e-06
-3.37406e-05
7.874e-06
-3.3269e-05
1.06587e-05
-3.25944e-05
1.33973e-05
-3.16843e-05
1.60431e-05
-3.05566e-05
1.85774e-05
-2.91756e-05
2.10038e-05
-2.74701e-05
2.33293e-05
-2.5316e-05
2.55606e-05
-2.25762e-05
2.77347e-05
-1.91405e-05
2.99078e-05
-1.48958e-05
3.21651e-05
-9.76974e-06
3.46641e-05
-3.84748e-06
3.76721e-05
2.57891e-06
4.15282e-05
8.99306e-06
4.65098e-05
1.47037e-05
5.25839e-05
1.89866e-05
5.93336e-05
2.09852e-05
6.65032e-05
1.98747e-05
7.40317e-05
1.44254e-05
8.16453e-05
4.51997e-06
-8.76452e-06
8.96789e-05
2.89925e-06
-3.55454e-05
4.7765e-06
-3.56178e-05
7.35429e-06
-3.58466e-05
1.00034e-05
-3.52434e-05
1.25532e-05
-3.4234e-05
1.49667e-05
-3.29699e-05
1.72412e-05
-3.14501e-05
1.94144e-05
-2.96431e-05
2.1571e-05
-2.74725e-05
2.37541e-05
-2.47594e-05
2.60226e-05
-2.1409e-05
2.84869e-05
-1.73601e-05
3.12325e-05
-1.25154e-05
3.43859e-05
-7.00086e-06
3.82062e-05
-1.2414e-06
4.30011e-05
4.19821e-06
4.91631e-05
8.5416e-06
5.67653e-05
1.13844e-05
6.54273e-05
1.23233e-05
7.46543e-05
1.06477e-05
8.37802e-05
5.29951e-06
9.23202e-05
-4.01998e-06
-1.64541e-05
0.00010001
2.81419e-06
-3.83592e-05
2.50917e-06
-3.5312e-05
5.57477e-06
-3.89116e-05
8.49706e-06
-3.81652e-05
1.12535e-05
-3.69902e-05
1.38071e-05
-3.55233e-05
1.61344e-05
-3.37773e-05
1.82792e-05
-3.17879e-05
2.02815e-05
-2.94748e-05
2.21854e-05
-2.66632e-05
2.4415e-05
-2.36384e-05
2.70662e-05
-2.00112e-05
3.02362e-05
-1.56853e-05
3.4078e-05
-1.08425e-05
3.86797e-05
-5.84315e-06
4.42757e-05
-1.39776e-06
5.1139e-05
1.67833e-06
5.94273e-05
3.09604e-06
6.87998e-05
2.95082e-06
7.86608e-05
7.86713e-07
8.83618e-05
-4.40148e-06
9.73252e-05
-1.29834e-05
-2.44217e-05
0.000105293
1.20312e-05
-5.03898e-05
7.61713e-06
-3.08974e-05
6.82861e-06
-3.81227e-05
8.25076e-06
-3.9587e-05
1.03154e-05
-3.90545e-05
1.24964e-05
-3.77041e-05
1.45381e-05
-3.58187e-05
1.61943e-05
-3.34439e-05
1.77787e-05
-3.10584e-05
1.85984e-05
-2.74825e-05
2.12423e-05
-2.62819e-05
2.44337e-05
-2.32023e-05
2.85679e-05
-1.98195e-05
3.3764e-05
-1.60386e-05
3.99528e-05
-1.20319e-05
4.67648e-05
-8.2098e-06
5.40694e-05
-5.62617e-06
6.25428e-05
-5.3772e-06
7.19426e-05
-6.44893e-06
8.17501e-05
-9.02082e-06
9.1572e-05
-1.42233e-05
0.000100866
-2.22775e-05
-3.26795e-05
0.000109124
5.92213e-06
-5.63118e-05
1.26071e-05
-3.75826e-05
1.53009e-05
-4.08166e-05
1.79056e-05
-4.21918e-05
2.02481e-05
-4.1397e-05
2.22215e-05
-3.96774e-05
2.36369e-05
-3.72339e-05
2.40271e-05
-3.38341e-05
2.26659e-05
-2.96972e-05
2.1279e-05
-2.60949e-05
1.94917e-05
-2.44943e-05
2.09058e-05
-2.46162e-05
2.43515e-05
-2.3265e-05
2.95648e-05
-2.12518e-05
3.8063e-05
-2.05297e-05
4.95451e-05
-1.96915e-05
5.91215e-05
-1.52024e-05
6.76176e-05
-1.38732e-05
7.66089e-05
-1.54403e-05
8.66676e-05
-1.90795e-05
9.69614e-05
-2.45169e-05
0.000106566
-3.18825e-05
-4.14996e-05
0.000115387
2.76161e-06
-5.90732e-05
1.13734e-05
-4.61943e-05
1.62675e-05
-4.57108e-05
1.94052e-05
-4.53296e-05
2.19787e-05
-4.39705e-05
2.41971e-05
-4.18959e-05
2.61635e-05
-3.92004e-05
2.80908e-05
-3.57615e-05
2.97185e-05
-3.13256e-05
3.2026e-05
-2.84028e-05
3.46048e-05
-2.70735e-05
3.75373e-05
-2.75488e-05
4.13637e-05
-2.70914e-05
4.62215e-05
-2.61096e-05
5.1049e-05
-2.53572e-05
5.56015e-05
-2.42438e-05
5.8523e-05
-1.81236e-05
6.84559e-05
-2.38059e-05
8.16215e-05
-2.86057e-05
9.7051e-05
-3.45083e-05
0.000107626
-3.50921e-05
0.000114892
-3.91482e-05
-4.86786e-05
0.000122071
2.3293e-06
-6.14023e-05
9.26069e-06
-5.31255e-05
1.42175e-05
-5.06673e-05
1.78199e-05
-4.89318e-05
2.08301e-05
-4.69806e-05
2.35993e-05
-4.46649e-05
2.63495e-05
-4.19505e-05
2.94313e-05
-3.88434e-05
3.36037e-05
-3.54981e-05
3.78089e-05
-3.26087e-05
4.2436e-05
-3.17011e-05
4.64101e-05
-3.15233e-05
5.03628e-05
-3.10444e-05
5.45792e-05
-3.03262e-05
5.84061e-05
-2.91846e-05
6.26117e-05
-2.84498e-05
7.32713e-05
-2.87834e-05
8.39711e-05
-3.45056e-05
9.58272e-05
-4.04618e-05
0.000106562
-4.5243e-05
0.000112876
-4.14057e-05
0.000122763
-4.9034e-05
-5.8462e-05
0.000132546
2.16604e-06
-6.35681e-05
7.22184e-06
-5.8181e-05
1.15547e-05
-5.49999e-05
1.52034e-05
-5.25803e-05
1.8525e-05
-5.0302e-05
2.17942e-05
-4.79339e-05
2.52417e-05
-4.53979e-05
2.91142e-05
-4.27158e-05
3.36689e-05
-4.00529e-05
3.89598e-05
-3.78997e-05
4.39978e-05
-3.67392e-05
4.86118e-05
-3.61375e-05
5.318e-05
-3.56129e-05
5.80083e-05
-3.51548e-05
6.36432e-05
-3.48197e-05
7.02247e-05
-3.50318e-05
7.8791e-05
-3.73501e-05
8.66754e-05
-4.23904e-05
9.33336e-05
-4.71201e-05
9.79107e-05
-4.98205e-05
0.000108023
-5.15181e-05
0.000116562
-5.75727e-05
-6.52255e-05
0.000123326
1.78218e-06
-6.535e-05
5.40624e-06
-6.18048e-05
9.00681e-06
-5.86002e-05
1.24197e-05
-5.5993e-05
1.57702e-05
-5.36522e-05
1.92211e-05
-5.13847e-05
2.29358e-05
-4.91125e-05
2.70717e-05
-4.68516e-05
3.1742e-05
-4.47232e-05
3.682e-05
-4.29777e-05
4.1926e-05
-4.18453e-05
4.69432e-05
-4.11549e-05
5.20567e-05
-4.07266e-05
5.74783e-05
-4.05768e-05
6.34833e-05
-4.0825e-05
7.03301e-05
-4.18788e-05
7.73695e-05
-4.43897e-05
8.32843e-05
-4.83054e-05
8.83508e-05
-5.21867e-05
9.38054e-05
-5.52752e-05
0.000100432
-5.81448e-05
0.000106643
-6.37843e-05
-6.89371e-05
0.000110355
1.30252e-06
-6.66522e-05
3.88795e-06
-6.439e-05
6.78335e-06
-6.14954e-05
9.79265e-06
-5.90021e-05
1.29275e-05
-5.67869e-05
1.62653e-05
-5.47223e-05
1.99003e-05
-5.27474e-05
2.39175e-05
-5.08687e-05
2.83558e-05
-4.91616e-05
3.31394e-05
-4.77613e-05
3.80774e-05
-4.67834e-05
4.31082e-05
-4.61858e-05
4.83023e-05
-4.59209e-05
5.37538e-05
-4.60285e-05
5.95495e-05
-4.66208e-05
6.55967e-05
-4.79262e-05
7.14185e-05
-5.02117e-05
7.64202e-05
-5.33072e-05
8.0754e-05
-5.65205e-05
8.49688e-05
-5.94899e-05
8.94329e-05
-6.26088e-05
9.21708e-05
-6.65221e-05
-6.96134e-05
9.28472e-05
8.21692e-07
-6.74736e-05
2.6334e-06
-6.62014e-05
4.89428e-06
-6.3756e-05
7.42961e-06
-6.15372e-05
1.02038e-05
-5.95609e-05
1.32411e-05
-5.77595e-05
1.65868e-05
-5.6093e-05
2.02818e-05
-5.45636e-05
2.43363e-05
-5.32161e-05
2.87006e-05
-5.21256e-05
3.32752e-05
-5.13581e-05
3.80091e-05
-5.09198e-05
4.29032e-05
-5.08152e-05
4.79607e-05
-5.10862e-05
5.31495e-05
-5.18098e-05
5.83235e-05
-5.31004e-05
6.31525e-05
-5.50408e-05
6.73293e-05
-5.7484e-05
7.08769e-05
-6.00681e-05
7.39585e-05
-6.25714e-05
7.64034e-05
-6.50534e-05
7.74488e-05
-6.75674e-05
-6.92061e-05
7.70415e-05
3.82319e-07
-6.78556e-05
1.59377e-06
-6.74126e-05
3.29308e-06
-6.54551e-05
5.3387e-06
-6.35826e-05
7.67996e-06
-6.1902e-05
1.03123e-05
-6.03917e-05
1.32502e-05
-5.90308e-05
1.65075e-05
-5.78209e-05
2.00797e-05
-5.67883e-05
2.393e-05
-5.5976e-05
2.79957e-05
-5.54239e-05
3.22268e-05
-5.51511e-05
3.65869e-05
-5.51754e-05
4.10292e-05
-5.55287e-05
4.54736e-05
-5.62543e-05
4.97711e-05
-5.7398e-05
5.3695e-05
-5.89649e-05
5.70465e-05
-6.08355e-05
5.97708e-05
-6.27923e-05
6.18627e-05
-6.46631e-05
6.31779e-05
-6.63684e-05
6.33747e-05
-6.77639e-05
-6.83362e-05
6.2505e-05
-7.03663e-09
-6.78483e-05
7.25411e-07
-6.81448e-05
1.92658e-06
-6.66561e-05
3.49309e-06
-6.5149e-05
5.37379e-06
-6.37826e-05
7.54967e-06
-6.25674e-05
1.00169e-05
-6.1498e-05
1.27727e-05
-6.05767e-05
1.58036e-05
-5.98191e-05
1.90771e-05
-5.92495e-05
2.25449e-05
-5.88918e-05
2.61561e-05
-5.87625e-05
2.98569e-05
-5.88764e-05
3.35796e-05
-5.92515e-05
3.72302e-05
-5.99051e-05
4.06759e-05
-6.08439e-05
4.37505e-05
-6.20396e-05
4.63089e-05
-6.33939e-05
4.82721e-05
-6.47555e-05
4.95874e-05
-6.59782e-05
5.01538e-05
-6.69345e-05
4.98331e-05
-6.7443e-05
-6.71785e-05
4.86755e-05
-2.97806e-07
-6.75502e-05
1.81388e-09
-6.84442e-05
7.50905e-07
-6.74049e-05
1.86035e-06
-6.62582e-05
3.27907e-06
-6.52012e-05
4.98097e-06
-6.42692e-05
6.95138e-06
-6.34683e-05
9.17731e-06
-6.28027e-05
1.16391e-05
-6.22809e-05
1.43052e-05
-6.19157e-05
1.71324e-05
-6.17192e-05
2.007e-05
-6.17002e-05
2.30585e-05
-6.18651e-05
2.6025e-05
-6.22182e-05
2.88777e-05
-6.2758e-05
3.15035e-05
-6.34698e-05
3.37753e-05
-6.43115e-05
3.5581e-05
-6.51996e-05
3.68424e-05
-6.60169e-05
3.75012e-05
-6.66368e-05
3.7494e-05
-6.6927e-05
3.67684e-05
-6.67171e-05
-6.57744e-05
3.53644e-05
-5.65106e-07
-6.69849e-05
-6.23366e-07
-6.83857e-05
-2.72423e-07
-6.77557e-05
4.11187e-07
-6.69417e-05
1.3836e-06
-6.61735e-05
2.61637e-06
-6.55019e-05
4.0889e-06
-6.49408e-05
5.78195e-06
-6.44957e-05
7.67181e-06
-6.41708e-05
9.7267e-06
-6.39707e-05
1.19057e-05
-6.38983e-05
1.41593e-05
-6.3954e-05
1.64286e-05
-6.41347e-05
1.86436e-05
-6.44334e-05
2.07212e-05
-6.48358e-05
2.25667e-05
-6.53154e-05
2.40806e-05
-6.58255e-05
2.51742e-05
-6.62932e-05
2.57799e-05
-6.66226e-05
2.58486e-05
-6.67052e-05
2.53423e-05
-6.64204e-05
2.42468e-05
-6.56213e-05
-6.41273e-05
2.25998e-05
-7.95839e-07
-6.61888e-05
-1.15979e-06
-6.80216e-05
-1.16613e-06
-6.77492e-05
-8.7454e-07
-6.72332e-05
-3.23155e-07
-6.67248e-05
4.59832e-07
-6.62849e-05
1.45077e-06
-6.59317e-05
2.62649e-06
-6.56715e-05
3.9608e-06
-6.55052e-05
5.42165e-06
-6.54316e-05
6.96973e-06
-6.54466e-05
8.55804e-06
-6.55425e-05
1.01314e-05
-6.57082e-05
1.16259e-05
-6.5928e-05
1.29692e-05
-6.61793e-05
1.40828e-05
-6.64292e-05
1.4888e-05
-6.66308e-05
1.53145e-05
-6.67197e-05
1.53079e-05
-6.66159e-05
1.48307e-05
-6.62277e-05
1.38626e-05
-6.5452e-05
1.24095e-05
-6.41678e-05
-6.22287e-05
1.0511e-05
-9.95063e-07
-6.51936e-05
-1.62708e-06
-6.73894e-05
-1.94982e-06
-6.74263e-05
-2.01204e-06
-6.71708e-05
-1.848e-06
-6.68887e-05
-1.48526e-06
-6.66476e-05
-9.48183e-07
-6.64688e-05
-2.61402e-07
-6.63583e-05
5.47863e-07
-6.63145e-05
1.44757e-06
-6.63315e-05
2.39995e-06
-6.63991e-05
3.3613e-06
-6.6504e-05
4.28143e-06
-6.66286e-05
5.10391e-06
-6.67507e-05
5.76708e-06
-6.68427e-05
6.20658e-06
-6.68689e-05
6.35972e-06
-6.67841e-05
6.17161e-06
-6.65316e-05
5.60019e-06
-6.60444e-05
4.61904e-06
-6.52464e-05
3.2198e-06
-6.40525e-05
1.41837e-06
-6.23661e-05
-6.00747e-05
-7.3552e-07
-1.16553e-06
-6.40278e-05
-2.03137e-06
-6.65234e-05
-2.63333e-06
-6.68242e-05
-3.01184e-06
-6.67922e-05
-3.19791e-06
-6.67026e-05
-3.21809e-06
-6.66274e-05
-3.09719e-06
-6.65897e-05
-2.86055e-06
-6.6595e-05
-2.53574e-06
-6.66394e-05
-2.15375e-06
-6.67136e-05
-1.74991e-06
-6.68031e-05
-1.36428e-06
-6.68898e-05
-1.0416e-06
-6.69515e-05
-8.30766e-07
-6.69618e-05
-7.83551e-07
-6.68901e-05
-9.52316e-07
-6.67003e-05
-1.38653e-06
-6.635e-05
-2.12844e-06
-6.57898e-05
-3.20902e-06
-6.49638e-05
-4.64485e-06
-6.38103e-05
-6.43489e-06
-6.22622e-05
-8.55507e-06
-6.02456e-05
-5.76775e-05
-1.09522e-05
-1.30855e-06
-6.27191e-05
-2.37526e-06
-6.54565e-05
-3.22031e-06
-6.59791e-05
-3.87748e-06
-6.6135e-05
-4.37489e-06
-6.62051e-05
-4.73794e-06
-6.62643e-05
-4.99119e-06
-6.63365e-05
-5.15991e-06
-6.64263e-05
-5.27121e-06
-6.65282e-05
-5.35478e-06
-6.66301e-05
-5.44346e-06
-6.67146e-05
-5.57341e-06
-6.67601e-05
-5.78382e-06
-6.67413e-05
-6.11628e-06
-6.66295e-05
-6.61347e-06
-6.63931e-05
-7.31717e-06
-6.59968e-05
-8.26561e-06
-6.54016e-05
-9.49019e-06
-6.45652e-05
-1.10123e-05
-6.34415e-05
-1.28406e-05
-6.19819e-05
-1.49675e-05
-6.0135e-05
-1.73659e-05
-5.7847e-05
-5.50587e-05
-1.99845e-05
-1.42395e-06
-6.1295e-05
-2.65891e-06
-6.42214e-05
-3.71133e-06
-6.49265e-05
-4.60923e-06
-6.5237e-05
-5.37807e-06
-6.54362e-05
-6.04185e-06
-6.56005e-05
-6.62438e-06
-6.57539e-05
-7.15028e-06
-6.59004e-05
-7.64563e-06
-6.6033e-05
-8.13845e-06
-6.61374e-05
-8.65885e-06
-6.61944e-05
-9.23898e-06
-6.61801e-05
-9.91264e-06
-6.60678e-05
-1.07145e-05
-6.58279e-05
-1.16791e-05
-6.54288e-05
-1.28389e-05
-6.48371e-05
-1.42226e-05
-6.4018e-05
-1.58526e-05
-6.29353e-05
-1.77424e-05
-6.15517e-05
-1.98944e-05
-5.98296e-05
-2.22977e-05
-5.77314e-05
-2.49248e-05
-5.52196e-05
-5.2254e-05
-2.77295e-05
-1.51144e-06
-5.97835e-05
-2.88195e-06
-6.28508e-05
-4.10598e-06
-6.37024e-05
-5.20642e-06
-6.41365e-05
-6.20608e-06
-6.44365e-05
-7.12731e-06
-6.46793e-05
-7.99271e-06
-6.48886e-05
-8.82575e-06
-6.50675e-05
-9.65109e-06
-6.52077e-05
-1.04947e-05
-6.5294e-05
-1.13838e-05
-6.53054e-05
-1.23466e-05
-6.52175e-05
-1.34117e-05
-6.5003e-05
-1.46074e-05
-6.46324e-05
-1.59609e-05
-6.40755e-05
-1.74968e-05
-6.33014e-05
-1.92357e-05
-6.22792e-05
-2.11924e-05
-6.09785e-05
-2.33743e-05
-5.93697e-05
-2.57796e-05
-5.74242e-05
-2.83952e-05
-5.51155e-05
-3.11954e-05
-5.2419e-05
-4.93085e-05
-3.41409e-05
-1.57052e-06
-5.82129e-05
-3.04395e-06
-6.13773e-05
-4.40408e-06
-6.23422e-05
-5.66896e-06
-6.28716e-05
-6.85872e-06
-6.32468e-05
-7.99379e-06
-6.35442e-05
-9.0952e-06
-6.37872e-05
-1.01849e-05
-6.39778e-05
-1.12858e-05
-6.41069e-05
-1.24217e-05
-6.41583e-05
-1.36167e-05
-6.41106e-05
-1.48951e-05
-6.39393e-05
-1.62808e-05
-6.36175e-05
-1.77963e-05
-6.3117e-05
-1.94625e-05
-6.24095e-05
-2.12969e-05
-6.14671e-05
-2.33136e-05
-6.02627e-05
-2.55212e-05
-5.87709e-05
-2.79223e-05
-5.69685e-05
-3.05116e-05
-5.48346e-05
-3.32759e-05
-5.2351e-05
-3.6192e-05
-4.95026e-05
-4.62743e-05
-3.9226e-05
-1.6014e-06
-5.66114e-05
-3.14549e-06
-5.98332e-05
-4.6066e-06
-6.08811e-05
-5.9983e-06
-6.14799e-05
-7.33787e-06
-6.19072e-05
-8.64361e-06
-6.22385e-05
-9.93471e-06
-6.24961e-05
-1.12313e-05
-6.26813e-05
-1.25545e-05
-6.27839e-05
-1.39255e-05
-6.27874e-05
-1.53656e-05
-6.26707e-05
-1.68954e-05
-6.24097e-05
-1.85342e-05
-6.19788e-05
-2.02997e-05
-6.13518e-05
-2.22068e-05
-6.05027e-05
-2.42674e-05
-5.94065e-05
-2.649e-05
-5.80402e-05
-2.88783e-05
-5.63827e-05
-3.14308e-05
-5.4416e-05
-3.41404e-05
-5.21247e-05
-3.69935e-05
-4.94976e-05
-3.99696e-05
-4.65262e-05
-4.32024e-05
-4.30414e-05
-1.60456e-06
-5.50068e-05
-3.18802e-06
-5.82496e-05
-4.71606e-06
-5.9353e-05
-6.19791e-06
-5.9998e-05
-7.64801e-06
-6.04571e-05
-9.08234e-06
-6.08042e-05
-1.05181e-05
-6.10604e-05
-1.19736e-05
-6.12258e-05
-1.34678e-05
-6.12899e-05
-1.50196e-05
-6.12357e-05
-1.66475e-05
-6.1043e-05
-1.83685e-05
-6.06888e-05
-2.01981e-05
-6.01494e-05
-2.21491e-05
-5.94009e-05
-2.42319e-05
-5.84201e-05
-2.64535e-05
-5.71851e-05
-2.88174e-05
-5.56763e-05
-3.13236e-05
-5.38766e-05
-3.39675e-05
-5.17719e-05
-3.67405e-05
-4.93516e-05
-3.96292e-05
-4.66086e-05
-4.26157e-05
-4.35394e-05
-4.01409e-05
-4.5677e-05
-1.58152e-06
-5.34252e-05
-3.17455e-06
-5.66566e-05
-4.73679e-06
-5.77907e-05
-6.27351e-06
-5.84612e-05
-7.79626e-06
-5.89343e-05
-9.31874e-06
-5.92817e-05
-1.08562e-05
-5.9523e-05
-1.24249e-05
-5.96571e-05
-1.40419e-05
-5.9673e-05
-1.57238e-05
-5.95539e-05
-1.74864e-05
-5.92805e-05
-1.93437e-05
-5.88317e-05
-2.13074e-05
-5.8186e-05
-2.33865e-05
-5.7322e-05
-2.55871e-05
-5.62196e-05
-2.79121e-05
-5.48602e-05
-3.03613e-05
-5.32272e-05
-3.29312e-05
-5.13067e-05
-3.5615e-05
-4.90881e-05
-3.84028e-05
-4.65636e-05
-4.12816e-05
-4.37295e-05
-4.42357e-05
-4.0585e-05
-3.71295e-05
-4.7247e-05
-1.53412e-06
-5.1891e-05
-3.10912e-06
-5.50815e-05
-4.67485e-06
-5.62249e-05
-6.23294e-06
-5.69031e-05
-7.7923e-06
-5.7375e-05
-9.36446e-06
-5.77096e-05
-1.09628e-05
-5.79247e-05
-1.2602e-05
-5.80181e-05
-1.4297e-05
-5.7978e-05
-1.60626e-05
-5.77885e-05
-1.79118e-05
-5.74314e-05
-1.9856e-05
-5.68877e-05
-2.19035e-05
-5.61386e-05
-2.40602e-05
-5.51656e-05
-2.63284e-05
-5.39516e-05
-2.87077e-05
-5.2481e-05
-3.11946e-05
-5.07403e-05
-3.37829e-05
-4.87185e-05
-3.64639e-05
-4.6407e-05
-3.92267e-05
-4.38006e-05
-4.20586e-05
-4.08973e-05
-4.49459e-05
-3.76975e-05
-3.42023e-05
-4.78729e-05
-1.46508e-06
-5.04259e-05
-2.99716e-06
-5.35494e-05
-4.53788e-06
-5.46842e-05
-6.08592e-06
-5.53551e-05
-7.64789e-06
-5.5813e-05
-9.23357e-06
-5.61239e-05
-1.08548e-05
-5.63035e-05
-1.25248e-05
-5.63482e-05
-1.42568e-05
-5.62461e-05
-1.60638e-05
-5.59818e-05
-1.79566e-05
-5.55388e-05
-1.99439e-05
-5.49006e-05
-2.20316e-05
-5.40511e-05
-2.42222e-05
-5.29751e-05
-2.65155e-05
-5.16585e-05
-2.89079e-05
-5.00887e-05
-3.13933e-05
-4.8255e-05
-3.39632e-05
-4.61485e-05
-3.66072e-05
-4.37629e-05
-3.93135e-05
-4.10941e-05
-4.20695e-05
-3.81411e-05
-4.48624e-05
-3.49043e-05
-3.13845e-05
-4.76802e-05
-1.37712e-06
-4.90488e-05
-2.84481e-06
-5.20817e-05
-4.33482e-06
-5.31942e-05
-5.84372e-06
-5.38462e-05
-7.37659e-06
-5.42801e-05
-8.94201e-06
-5.45585e-05
-1.05508e-05
-5.46947e-05
-1.22151e-05
-5.4684e-05
-1.39469e-05
-5.45144e-05
-1.57573e-05
-5.41715e-05
-1.76554e-05
-5.36408e-05
-1.96477e-05
-5.29085e-05
-2.17375e-05
-5.19614e-05
-2.39252e-05
-5.07875e-05
-2.62079e-05
-4.9376e-05
-2.85797e-05
-4.7717e-05
-3.10322e-05
-4.58025e-05
-3.3555e-05
-4.36258e-05
-3.6136e-05
-4.11819e-05
-3.87621e-05
-3.84678e-05
-4.14205e-05
-3.54824e-05
-4.40995e-05
-3.22252e-05
-2.86959e-05
-4.67879e-05
-1.27383e-06
-4.77749e-05
-2.65951e-06
-5.06961e-05
-4.07592e-06
-5.17778e-05
-5.51895e-06
-5.24032e-05
-6.99325e-06
-5.28059e-05
-8.50711e-06
-5.30447e-05
-1.0071e-05
-5.31309e-05
-1.16963e-05
-5.30587e-05
-1.33942e-05
-5.28166e-05
-1.51741e-05
-5.23916e-05
-1.70437e-05
-5.17715e-05
-1.90073e-05
-5.0945e-05
-2.10667e-05
-4.99022e-05
-2.322e-05
-4.86343e-05
-2.54625e-05
-4.71335e-05
-2.77866e-05
-4.5393e-05
-3.01819e-05
-4.34072e-05
-3.26361e-05
-4.11716e-05
-3.51353e-05
-3.86826e-05
-3.76652e-05
-3.59378e-05
-4.02117e-05
-3.29356e-05
-4.2763e-05
-2.96736e-05
-2.61486e-05
-4.53103e-05
-1.15923e-06
-4.66157e-05
-2.44971e-06
-4.94056e-05
-3.77255e-06
-5.04549e-05
-5.12527e-06
-5.10505e-05
-6.51378e-06
-5.14174e-05
-7.94724e-06
-5.16113e-05
-9.4365e-06
-5.16417e-05
-1.09927e-05
-5.15026e-05
-1.26262e-05
-5.11833e-05
-1.43453e-05
-5.06726e-05
-1.6156e-05
-4.99609e-05
-1.80614e-05
-4.90397e-05
-2.00616e-05
-4.79022e-05
-2.21536e-05
-4.65425e-05
-2.43313e-05
-4.4956e-05
-2.65857e-05
-4.31387e-05
-2.89053e-05
-4.10877e-05
-3.1276e-05
-3.88009e-05
-3.3682e-05
-3.62765e-05
-3.61067e-05
-3.3513e-05
-3.85343e-05
-3.05078e-05
-4.09515e-05
-2.72562e-05
-2.37508e-05
-4.33491e-05
-1.03947e-06
-4.55762e-05
-2.22596e-06
-4.82191e-05
-3.43758e-06
-4.92433e-05
-4.67733e-06
-4.98107e-05
-5.95483e-06
-5.01399e-05
-7.28149e-06
-5.02847e-05
-8.66917e-06
-5.02541e-05
-1.01291e-05
-5.00428e-05
-1.16708e-05
-4.96417e-05
-1.33015e-05
-4.9042e-05
-1.5026e-05
-4.82365e-05
-1.68462e-05
-4.72196e-05
-1.87614e-05
-4.59872e-05
-2.07677e-05
-4.45362e-05
-2.28589e-05
-4.28649e-05
-2.50256e-05
-4.09721e-05
-2.72553e-05
-3.8858e-05
-2.95329e-05
-3.65233e-05
-3.18404e-05
-3.39689e-05
-3.41586e-05
-3.11947e-05
-3.64677e-05
-2.81984e-05
-3.87512e-05
-2.49724e-05
-2.15028e-05
-4.09991e-05
-9.22914e-07
-4.46533e-05
-2.00113e-06
-4.71409e-05
-3.08543e-06
-4.8159e-05
-4.19062e-06
-4.87055e-05
-5.3336e-06
-4.89969e-05
-6.52949e-06
-4.90888e-05
-7.79157e-06
-4.8992e-05
-9.13091e-06
-4.87035e-05
-1.05562e-05
-4.82165e-05
-1.20733e-05
-4.75249e-05
-1.3686e-05
-4.66239e-05
-1.53954e-05
-4.55103e-05
-1.72005e-05
-4.41822e-05
-1.9098e-05
-4.26389e-05
-2.10819e-05
-4.0881e-05
-2.31437e-05
-3.89104e-05
-2.52715e-05
-3.67302e-05
-2.74497e-05
-3.4345e-05
-2.9659e-05
-3.17595e-05
-3.18761e-05
-2.89774e-05
-3.40763e-05
-2.59981e-05
-3.62364e-05
-2.28122e-05
-1.93984e-05
-3.83406e-05
-8.23235e-07
-4.38301e-05
-1.79273e-06
-4.61714e-05
-2.73278e-06
-4.7219e-05
-3.68135e-06
-4.7757e-05
-4.66755e-06
-4.80108e-05
-5.71132e-06
-4.80451e-05
-6.8269e-06
-4.78765e-05
-8.02448e-06
-4.7506e-05
-9.31108e-06
-4.693e-05
-1.06912e-05
-4.61449e-05
-1.21673e-05
-4.51479e-05
-1.37403e-05
-4.39374e-05
-1.54097e-05
-4.25129e-05
-1.71733e-05
-4.08754e-05
-1.90273e-05
-3.90271e-05
-2.09653e-05
-3.69724e-05
-2.29779e-05
-3.47177e-05
-2.50508e-05
-3.2272e-05
-2.71646e-05
-2.96457e-05
-2.92928e-05
-2.68491e-05
-3.14031e-05
-2.38876e-05
-3.34613e-05
-2.07537e-05
-1.74183e-05
-3.54413e-05
-7.70195e-07
-4.30599e-05
-1.62649e-06
-4.53151e-05
-2.39867e-06
-4.64468e-05
-3.16556e-06
-4.69901e-05
-3.97367e-06
-4.72027e-05
-4.84712e-06
-4.71716e-05
-5.79906e-06
-4.69246e-05
-6.83696e-06
-4.64681e-05
-7.96508e-06
-4.5802e-05
-9.18585e-06
-4.49242e-05
-1.05007e-05
-4.38331e-05
-1.19107e-05
-4.25275e-05
-1.34163e-05
-4.10074e-05
-1.50176e-05
-3.92741e-05
-1.67141e-05
-3.73307e-05
-1.85036e-05
-3.51829e-05
-2.03813e-05
-3.284e-05
-2.23378e-05
-3.03154e-05
-2.43567e-05
-2.76268e-05
-2.64106e-05
-2.4795e-05
-2.84601e-05
-2.18379e-05
-3.04544e-05
-1.87593e-05
-1.55293e-05
-3.23434e-05
-8.432e-07
-4.22167e-05
-1.53976e-06
-4.46185e-05
-2.10169e-06
-4.58849e-05
-2.65648e-06
-4.64353e-05
-3.26701e-06
-4.65922e-05
-3.95648e-06
-4.64822e-05
-4.73234e-06
-4.61488e-05
-5.59636e-06
-4.56041e-05
-6.54857e-06
-4.48498e-05
-7.58881e-06
-4.3884e-05
-8.71751e-06
-4.27045e-05
-9.93593e-06
-4.13092e-05
-1.12462e-05
-3.96972e-05
-1.26514e-05
-3.7869e-05
-1.41552e-05
-3.5827e-05
-1.5761e-05
-3.3577e-05
-1.74718e-05
-3.11292e-05
-1.92871e-05
-2.85001e-05
-2.11994e-05
-2.57145e-05
-2.31882e-05
-2.2806e-05
-2.52114e-05
-1.98147e-05
-2.71985e-05
-1.6772e-05
-1.36695e-05
-2.90582e-05
-1.18893e-06
-4.10278e-05
-1.57084e-06
-4.42366e-05
-1.85157e-06
-4.56042e-05
-2.15973e-06
-4.61272e-05
-2.55851e-06
-4.61934e-05
-3.05765e-06
-4.59831e-05
-3.651e-06
-4.55555e-05
-4.33104e-06
-4.49241e-05
-5.09235e-06
-4.40886e-05
-5.93201e-06
-4.30444e-05
-6.84951e-06
-4.1787e-05
-7.84654e-06
-4.03122e-05
-8.92683e-06
-3.86169e-05
-1.00961e-05
-3.66997e-05
-1.13623e-05
-3.45608e-05
-1.27355e-05
-3.22039e-05
-1.42276e-05
-2.96371e-05
-1.58515e-05
-2.68762e-05
-1.76172e-05
-2.39487e-05
-1.95239e-05
-2.08992e-05
-2.15444e-05
-1.7794e-05
-2.35998e-05
-1.47166e-05
-1.17319e-05
-2.55373e-05
-1.92511e-06
-3.91027e-05
-1.73677e-06
-4.4425e-05
-1.63985e-06
-4.57011e-05
-1.6681e-06
-4.6099e-05
-1.85393e-06
-4.60076e-05
-2.16741e-06
-4.56696e-05
-2.5787e-06
-4.51442e-05
-3.06868e-06
-4.44342e-05
-3.62658e-06
-4.35307e-05
-4.24727e-06
-4.24238e-05
-4.92961e-06
-4.11047e-05
-5.6755e-06
-3.95663e-05
-6.48952e-06
-3.78029e-05
-7.37899e-06
-3.58102e-05
-8.35444e-06
-3.35854e-05
-9.43058e-06
-3.11278e-05
-1.06276e-05
-2.84401e-05
-1.19723e-05
-2.55314e-05
-1.34989e-05
-2.24221e-05
-1.5244e-05
-1.9154e-05
-1.72296e-05
-1.58084e-05
-1.94157e-05
-1.25304e-05
-9.5362e-06
-2.16114e-05
-2.98668e-06
-3.6116e-05
-2.06745e-06
-4.53442e-05
-1.40008e-06
-4.63685e-05
-1.14771e-06
-4.63513e-05
-1.15307e-06
-4.60022e-05
-1.30145e-06
-4.55213e-05
-1.53801e-06
-4.49077e-05
-1.83543e-06
-4.41368e-05
-2.1802e-06
-4.31859e-05
-2.56645e-06
-4.20375e-05
-2.99282e-06
-4.06784e-05
-3.4609e-06
-3.90983e-05
-3.9747e-06
-3.72891e-05
-4.5408e-06
-3.52442e-05
-5.16898e-06
-3.29572e-05
-5.87375e-06
-3.0423e-05
-6.67704e-06
-2.76368e-05
-7.61266e-06
-2.45958e-05
-8.7332e-06
-2.13015e-05
-1.01182e-05
-1.77689e-05
-1.18775e-05
-1.4049e-05
-1.41175e-05
-1.02903e-05
-6.90257e-06
-1.67511e-05
-6.07886e-06
-2.06142e-06
-8.79028e-07
-5.33255e-07
-4.47657e-07
-4.70705e-07
-5.47033e-07
-6.52886e-07
-7.78297e-07
-9.19336e-07
-1.0749e-06
-1.24549e-06
-1.43276e-06
-1.63958e-06
-1.87046e-06
-2.13259e-06
-2.43801e-06
-2.80822e-06
-3.28387e-06
-3.94501e-06
-4.94733e-06
-6.57875e-06
-9.34954e-06
3.89965e-05
4.51646e-06
3.88172e-05
1.79293e-07
4.43269e-05
-5.50972e-06
-1.11123e-05
5.54392e-05
5.42741e-05
-8.35266e-07
6.02893e-05
-5.83595e-06
6.60596e-05
-1.128e-05
-1.65225e-05
7.14698e-05
7.32902e-05
-5.86001e-06
7.77908e-05
-1.03365e-05
8.18331e-05
-1.53221e-05
-2.02308e-05
8.55414e-05
9.35496e-05
-9.73078e-06
9.7116e-05
-1.39029e-05
9.98517e-05
-1.80578e-05
-2.24192e-05
0.00010204
0.000103138
-1.28594e-05
0.000105928
-1.66924e-05
0.000108486
-2.06158e-05
-2.45805e-05
0.000110647
0.000108529
-1.60955e-05
0.000111424
-1.95875e-05
0.000113988
-2.31801e-05
-2.68008e-05
0.000116209
0.00011255
-1.95217e-05
0.000115636
-2.2674e-05
0.000118412
-2.59555e-05
-2.92528e-05
0.000120864
0.00011876
-2.28951e-05
0.000121684
-2.55981e-05
0.000124257
-2.8528e-05
-3.15254e-05
0.000126529
0.000125586
-2.64093e-05
0.000129021
-2.90327e-05
0.00013198
-3.14872e-05
-3.40279e-05
0.000134483
0.000136916
-3.07794e-05
0.000140917
-3.30332e-05
0.000144121
-3.46909e-05
-3.59061e-05
0.000146
0.000126266
-3.37196e-05
0.000128016
-3.47827e-05
0.000128754
-3.54288e-05
-3.56446e-05
0.000128492
0.000110245
-3.36097e-05
0.000109404
-3.39424e-05
0.000108018
-3.40428e-05
-3.40417e-05
0.000106415
9.2436e-05
-3.31984e-05
9.17271e-05
-3.32333e-05
9.07399e-05
-3.30555e-05
-3.27339e-05
8.94322e-05
7.65185e-05
-3.26753e-05
7.57951e-05
-3.25097e-05
7.48872e-05
-3.21475e-05
-3.16139e-05
7.37673e-05
6.18494e-05
-3.20196e-05
6.10373e-05
-3.16976e-05
6.00839e-05
-3.1194e-05
-3.05099e-05
5.898e-05
4.79147e-05
-3.12587e-05
4.70196e-05
-3.08024e-05
4.60072e-05
-3.01814e-05
-2.93872e-05
4.48845e-05
3.45141e-05
-3.04082e-05
3.35502e-05
-2.98383e-05
3.24909e-05
-2.9122e-05
-2.82486e-05
3.13525e-05
2.16625e-05
-2.94707e-05
2.0635e-05
-2.88107e-05
1.9535e-05
-2.80218e-05
-2.70943e-05
1.83807e-05
9.48507e-06
-2.84447e-05
8.39118e-06
-2.77166e-05
7.24413e-06
-2.68746e-05
-2.59109e-05
6.06093e-06
-1.85245e-06
-2.73276e-05
-3.02026e-06
-2.65486e-05
-4.22583e-06
-2.56689e-05
-2.46822e-05
-5.45447e-06
-1.21614e-05
-2.61182e-05
-1.3409e-05
-2.53009e-05
-1.46815e-05
-2.43962e-05
-2.33991e-05
-1.59645e-05
-2.12817e-05
-2.48208e-05
-2.2607e-05
-2.39754e-05
-2.39473e-05
-2.30557e-05
-2.20583e-05
-2.52879e-05
-2.9102e-05
-2.34481e-05
-3.04951e-05
-2.25822e-05
-3.18962e-05
-2.16544e-05
-2.06628e-05
-3.32916e-05
-3.55699e-05
-2.20189e-05
-3.70143e-05
-2.11376e-05
-3.84629e-05
-2.02056e-05
-1.92225e-05
-3.9903e-05
-4.06894e-05
-2.05553e-05
-4.21645e-05
-1.96625e-05
-4.36414e-05
-1.87285e-05
-1.77542e-05
-4.51096e-05
-4.4516e-05
-1.90804e-05
-4.59994e-05
-1.81789e-05
-4.74837e-05
-1.7244e-05
-1.62777e-05
-4.89601e-05
-4.71411e-05
-1.76162e-05
-4.86116e-05
-1.67083e-05
-5.00819e-05
-1.57734e-05
-1.4814e-05
-5.15455e-05
-4.86817e-05
-1.61813e-05
-5.01203e-05
-1.52695e-05
-5.15582e-05
-1.43354e-05
-1.33821e-05
-5.299e-05
-4.92628e-05
-1.47912e-05
-5.06545e-05
-1.38777e-05
-5.20439e-05
-1.29457e-05
-1.19983e-05
-5.34276e-05
-4.90135e-05
-1.34577e-05
-5.0346e-05
-1.25449e-05
-5.16753e-05
-1.16163e-05
-1.06752e-05
-5.29982e-05
-4.80556e-05
-1.21899e-05
-4.93203e-05
-1.12801e-05
-5.05797e-05
-1.03567e-05
-9.42264e-06
-5.18322e-05
-4.65061e-05
-1.09939e-05
-4.76964e-05
-1.00897e-05
-4.888e-05
-9.17299e-06
-8.24722e-06
-5.00552e-05
-4.44693e-05
-9.87358e-06
-4.55816e-05
-8.97733e-06
-4.66849e-05
-8.06952e-06
-7.15322e-06
-4.77787e-05
-4.20427e-05
-8.82992e-06
-4.30752e-05
-7.94459e-06
-4.4097e-05
-7.04757e-06
-6.14208e-06
-4.5108e-05
-3.93093e-05
-7.86113e-06
-4.02635e-05
-6.99026e-06
-4.12044e-05
-6.10653e-06
-5.21281e-06
-4.21336e-05
-3.6341e-05
-6.96129e-06
-3.72214e-05
-6.10977e-06
-3.8086e-05
-5.2418e-06
-4.36023e-06
-3.89384e-05
-3.31855e-05
-6.11899e-06
-3.40011e-05
-5.29418e-06
-3.47974e-05
-4.44535e-06
-3.57469e-06
-3.55828e-05
-2.98629e-05
-5.31424e-06
-3.06283e-05
-4.52858e-06
-3.13707e-05
-3.70284e-06
-2.83849e-06
-3.21068e-05
-2.63394e-05
-4.5121e-06
-2.70796e-05
-3.78842e-06
-2.77928e-05
-2.9895e-06
-2.11528e-06
-2.85159e-05
-2.24911e-05
-3.63232e-06
-2.32527e-05
-3.02673e-06
-2.39853e-05
-2.2568e-06
-1.3054e-06
-2.47952e-05
-1.79686e-05
-2.41485e-06
-1.88689e-05
-2.12639e-06
-1.97104e-05
-1.41528e-06
-1.00917e-07
-2.09148e-05
-1.10501e-05
-1.28371e-05
-1.47755e-05
-1.66662e-05
6.71584e-05
-5.06506e-05
8.22241e-05
-6.94335e-05
9.41151e-05
-8.56088e-05
0.000103892
-9.96303e-05
0.000110587
-0.000110073
0.000113934
-0.000111946
0.000112218
-0.000108542
0.000104186
-9.38898e-05
9.42872e-05
-6.65674e-05
8.762e-05
-2.3126e-05
9.54729e-05
2.85835e-05
0.00010469
6.67622e-05
0.000106161
8.8776e-05
0.00010018
0.00010167
8.84166e-05
0.000110387
7.25851e-05
0.000117226
5.35997e-05
0.000122125
3.03207e-05
0.000123014
0.000116362
8.0464e-05
-5.96448e-05
8.92525e-05
-7.8222e-05
9.70946e-05
-9.34509e-05
0.000103411
-0.000105946
0.000107941
-0.000114603
0.000107492
-0.000111497
0.000102952
-0.000104002
9.53265e-05
-8.62643e-05
8.67907e-05
-5.80317e-05
8.28848e-05
-1.92201e-05
8.71149e-05
2.43534e-05
9.28734e-05
6.10037e-05
9.43032e-05
8.73462e-05
9.00417e-05
0.000105932
8.06621e-05
0.000119766
6.71406e-05
0.000130747
4.99551e-05
0.00013931
2.83215e-05
0.000144648
0.000144683
9.23844e-05
-6.64876e-05
9.85874e-05
-8.4425e-05
0.0001037
-9.85638e-05
0.000107091
-0.000109337
0.000106993
-0.000114504
0.000106236
-0.000110741
0.000101204
-9.89695e-05
9.44497e-05
-7.95099e-05
8.78899e-05
-5.14719e-05
8.42968e-05
-1.5627e-05
8.50591e-05
2.35911e-05
8.69099e-05
5.91529e-05
8.63271e-05
8.79291e-05
8.18229e-05
0.000110436
7.33444e-05
0.000128245
6.12912e-05
0.0001428
4.57486e-05
0.000154853
2.59145e-05
0.000164482
0.000170598
0.00010532
-6.97678e-05
0.000108452
-8.75563e-05
0.000110998
-0.00010111
0.000111866
-0.000110206
0.000110818
-0.000113456
0.000107882
-0.000107805
0.000103293
-9.43801e-05
9.74959e-05
-7.3713e-05
9.14241e-05
-4.54002e-05
8.66816e-05
-1.08845e-05
8.41089e-05
2.61638e-05
8.22594e-05
6.10024e-05
7.91309e-05
9.10576e-05
7.35622e-05
0.000116005
6.53267e-05
0.00013648
5.44621e-05
0.000153665
4.07033e-05
0.000168612
2.31229e-05
0.000182062
0.000193721
0.000114233
-7.33536e-05
0.000116308
-8.9631e-05
0.000117164
-0.000101966
0.000116572
-0.000109613
0.000114215
-0.000111099
0.000110652
-0.000104242
0.000105907
-8.96354e-05
9.96413e-05
-6.74473e-05
9.25276e-05
-3.82865e-05
8.58056e-05
-4.16248e-06
8.01671e-05
3.18023e-05
7.51998e-05
6.59697e-05
6.98139e-05
9.64434e-05
6.31686e-05
0.00012265
5.51897e-05
0.000144459
4.57504e-05
0.000163104
3.4268e-05
0.000180094
1.96197e-05
0.00019671
0.00021334
0.000120105
-7.72499e-05
0.00012207
-9.15962e-05
0.000122491
-0.000102387
0.00012132
-0.000108442
0.00011844
-0.000108219
0.000113566
-9.93678e-05
0.000106419
-8.24886e-05
9.6915e-05
-5.79431e-05
8.65517e-05
-2.79231e-05
7.72834e-05
5.10581e-06
6.93176e-05
3.9768e-05
6.25301e-05
7.27573e-05
5.58843e-05
0.000103089
4.87789e-05
0.000129755
4.16541e-05
0.000151584
3.43332e-05
0.000170425
2.59294e-05
0.000188498
1.51108e-05
0.000207529
0.000228451
0.000125142
-8.15284e-05
0.000127398
-9.38516e-05
0.000127885
-0.000102874
0.000126581
-0.000107138
0.000122956
-0.000104594
0.000115542
-9.19538e-05
0.000103031
-6.9978e-05
8.62918e-05
-4.12034e-05
7.0133e-05
-1.17642e-05
5.82205e-05
1.70183e-05
4.95362e-05
4.84521e-05
4.25704e-05
7.9723e-05
3.59299e-05
0.00010973
2.92963e-05
0.000136389
2.40727e-05
0.000156808
1.98827e-05
0.000174615
1.55394e-05
0.000192841
9.53742e-06
0.000213531
0.000237988
0.000130924
-8.59231e-05
0.00013306
-9.59875e-05
0.000132984
-0.000102798
0.000130689
-0.000104843
0.000125769
-9.96736e-05
0.000112081
-7.82658e-05
8.60846e-05
-4.39807e-05
6.17213e-05
-1.68398e-05
4.20368e-05
7.92043e-06
2.9133e-05
2.99219e-05
2.19472e-05
5.56378e-05
1.63549e-05
8.5315e-05
1.0584e-05
0.0001155
5.1927e-06
0.00014178
3.09072e-06
0.00015891
3.03142e-06
0.000174674
3.52607e-06
0.000192346
3.21861e-06
0.000213839
0.000241207
0.000138377
-8.98176e-05
0.000139867
-9.7477e-05
0.000136302
-9.92326e-05
0.000127108
-9.56465e-05
0.000110317
-8.28819e-05
9.72435e-05
-6.51916e-05
7.79488e-05
-2.46858e-05
5.42039e-05
6.90514e-06
3.16468e-05
3.04774e-05
1.31775e-05
4.83913e-05
-2.09008e-07
6.9024e-05
-1.16058e-05
9.6711e-05
-2.01345e-05
0.000124028
-2.13467e-05
0.000142992
-1.88344e-05
0.000156397
-1.42896e-05
0.00017013
-8.86414e-06
0.000186921
-3.63441e-06
0.000208609
0.000237573
0.000145034
-8.8852e-05
0.000137938
-9.03802e-05
0.000126057
-8.73503e-05
0.00010996
-7.95494e-05
9.30442e-05
-6.59657e-05
7.31806e-05
-4.53281e-05
6.02805e-05
-1.17865e-05
4.7766e-05
1.94194e-05
3.17125e-05
4.65306e-05
1.10726e-05
6.9031e-05
-1.27912e-05
9.28884e-05
-3.59566e-05
0.000119877
-4.61355e-05
0.000134206
-4.32581e-05
0.000140114
-3.70227e-05
0.000150162
-2.92806e-05
0.000162388
-1.99876e-05
0.000177628
-9.83519e-06
0.000198456
0.000227737
0.000123057
-8.34166e-05
0.000115391
-8.27145e-05
0.000105485
-7.74454e-05
9.20194e-05
-6.60857e-05
7.82716e-05
-5.22185e-05
6.3003e-05
-3.00602e-05
5.16002e-05
-3.83933e-07
3.99126e-05
3.11067e-05
2.51628e-05
6.12801e-05
5.03868e-06
8.91551e-05
-1.89341e-05
0.000116862
-4.0676e-05
0.000141621
-5.42796e-05
0.00014781
-5.38963e-05
0.000139729
-4.85925e-05
0.000144857
-3.99685e-05
0.000153763
-2.8537e-05
0.000166196
-1.48669e-05
0.000184786
0.000212871
0.000102326
-7.93276e-05
9.61225e-05
-7.65116e-05
8.71286e-05
-6.84533e-05
7.82732e-05
-5.72309e-05
6.69225e-05
-4.08682e-05
5.49537e-05
-1.80916e-05
4.37836e-05
1.0786e-05
3.22212e-05
4.26689e-05
1.83067e-05
7.51942e-05
5.03566e-07
0.000106958
-2.0096e-05
0.000137462
-4.01783e-05
0.000161705
-5.7155e-05
0.000164788
-5.8168e-05
0.000140741
-5.41225e-05
0.000140812
-4.60449e-05
0.000145686
-3.39887e-05
0.00015414
-1.83991e-05
0.000169197
0.000194471
8.5412e-05
-7.53074e-05
7.96321e-05
-7.07321e-05
7.31667e-05
-6.19883e-05
6.51323e-05
-4.9197e-05
5.5872e-05
-3.16081e-05
4.60233e-05
-8.24298e-06
3.61781e-05
2.06311e-05
2.57021e-05
5.31448e-05
1.34076e-05
8.74885e-05
-1.55913e-06
0.000121925
-1.84776e-05
0.000154381
-3.56608e-05
0.00017889
-5.21636e-05
0.000181291
-5.83598e-05
0.000146936
-5.54828e-05
0.000137934
-4.80432e-05
0.000138246
-3.64165e-05
0.000142514
-2.03396e-05
0.00015312
0.000174132
7.01858e-05
-7.17259e-05
6.52388e-05
-6.57852e-05
5.94343e-05
-5.61841e-05
5.27662e-05
-4.25291e-05
4.52674e-05
-2.41095e-05
3.72954e-05
-2.71035e-07
2.91368e-05
2.87898e-05
2.04241e-05
6.18573e-05
1.052e-05
9.73923e-05
-9.78946e-07
0.000133423
-1.35985e-05
0.000167
-2.70783e-05
0.000192371
-4.24464e-05
0.00019666
-5.61017e-05
0.00016059
-5.36082e-05
0.00013544
-4.67304e-05
0.000131367
-3.61147e-05
0.000131898
-2.07336e-05
0.000137739
0.000153398
5.56771e-05
-6.8423e-05
5.14035e-05
-6.15118e-05
4.64776e-05
-5.12584e-05
4.09917e-05
-3.70433e-05
3.50492e-05
-1.81672e-05
2.88568e-05
5.92135e-06
2.25654e-05
3.50812e-05
1.59604e-05
6.84622e-05
8.72492e-06
0.000104628
7.27062e-07
0.000141421
-7.7351e-06
0.000175462
-1.65043e-05
0.000201141
-2.91617e-05
0.000209319
-4.94156e-05
0.000180844
-4.87816e-05
0.000134803
-4.27304e-05
0.000125316
-3.35586e-05
0.000122726
-1.97678e-05
0.000123948
0.000133631
4.17681e-05
-6.53064e-05
3.80389e-05
-5.77827e-05
3.39101e-05
-4.71298e-05
2.95314e-05
-3.26648e-05
2.50342e-05
-1.36701e-05
2.0572e-05
1.03836e-05
1.62126e-05
3.94406e-05
1.18266e-05
7.28483e-05
7.24948e-06
0.000109205
2.44508e-06
0.000146225
-2.45462e-06
0.000180362
-7.34407e-06
0.00020603
-1.51005e-05
0.000217078
-3.14447e-05
0.000197189
-4.34079e-05
0.000146764
-3.80017e-05
0.000119909
-2.98097e-05
0.000114533
-1.77474e-05
0.000111886
0.000115883
2.83779e-05
-6.23318e-05
2.5073e-05
-5.44778e-05
2.16337e-05
-4.36906e-05
1.82494e-05
-2.92806e-05
1.50819e-05
-1.05027e-05
1.22641e-05
1.32014e-05
9.82004e-06
4.18846e-05
7.65248e-06
7.50158e-05
5.62248e-06
0.000111234
3.61699e-06
0.00014823
1.52517e-06
0.000182453
-1.18845e-06
0.000208744
-5.29962e-06
0.00022119
-1.9192e-05
0.000211083
-3.75141e-05
0.000165086
-3.35104e-05
0.000115902
-2.5814e-05
0.000106837
-1.4695e-05
0.000100767
0.000101188
1.54985e-05
-5.94495e-05
1.25117e-05
-5.14911e-05
9.63489e-06
-4.0814e-05
7.10119e-06
-2.67471e-05
5.1098e-06
-8.51145e-06
3.79843e-06
1.45127e-05
3.18084e-06
4.25022e-05
3.16228e-06
7.50343e-05
3.56246e-06
0.000110834
4.11517e-06
0.000147677
4.45557e-06
0.000182113
3.67202e-06
0.000209527
4.19728e-07
0.000224442
-9.82437e-06
0.000221329
-2.94859e-05
0.000184748
-2.7783e-05
0.000114198
-1.9893e-05
9.89462e-05
-1.05681e-05
9.14415e-05
9.06202e-05
3.20862e-06
-5.65971e-05
4.30571e-07
-4.87131e-05
-2.0135e-06
-3.83701e-05
-3.854e-06
-2.49068e-05
-4.85012e-06
-7.51549e-06
-4.84144e-06
1.45039e-05
-3.80267e-06
4.14633e-05
-1.82508e-06
7.30567e-05
8.90465e-07
0.000108118
3.97958e-06
0.000144588
6.87211e-06
0.00017922
8.66728e-06
0.000207732
7.80194e-06
0.000225308
2.52388e-06
0.000226608
-1.1664e-05
0.000198937
-1.94548e-05
0.000121989
-1.34135e-05
9.29044e-05
-5.72812e-06
8.37559e-05
8.48922e-05
-8.33174e-06
-5.37198e-05
-1.09862e-05
-4.60587e-05
-1.3132e-05
-3.62245e-05
-1.44687e-05
-2.35703e-05
-1.47014e-05
-7.28292e-06
-1.36247e-05
1.3427e-05
-1.11809e-05
3.90194e-05
-7.4496e-06
6.93253e-05
-2.61801e-06
0.000103287
2.98135e-06
0.000138988
8.68768e-06
0.000173513
1.37952e-05
0.000202624
1.71612e-05
0.000221942
1.6939e-05
0.000226831
7.973e-06
0.000207904
-1.2236e-05
0.000142198
-9.24519e-06
8.99117e-05
-1.59628e-06
7.61062e-05
8.32958e-05
-1.89093e-05
-5.07748e-05
-2.15314e-05
-4.34368e-05
-2.35382e-05
-3.42179e-05
-2.45915e-05
-2.25173e-05
-2.43395e-05
-7.53514e-06
-2.25105e-05
1.15979e-05
-1.89926e-05
3.55014e-05
-1.38392e-05
6.41718e-05
-7.23185e-06
9.66792e-05
5.66166e-07
0.00013119
8.98842e-06
0.000165091
1.7396e-05
0.000194216
2.52678e-05
0.00021407
3.22805e-05
0.000219818
3.40163e-05
0.000206171
1.66628e-05
0.000159552
6.37674e-07
0.000105934
2.82795e-07
7.64598e-05
8.35784e-05
-2.83345e-05
-4.77282e-05
-3.10123e-05
-4.07591e-05
-3.303e-05
-3.22004e-05
-3.4026e-05
-2.15216e-05
-3.35959e-05
-7.96548e-06
-3.13864e-05
9.38835e-06
-2.72069e-05
3.13217e-05
-2.10729e-05
5.80378e-05
-1.31765e-05
8.87827e-05
-3.80385e-06
0.000121817
6.65878e-06
0.000154628
1.74098e-05
0.000183465
2.79242e-05
0.000203555
3.73454e-05
0.000210397
4.37061e-05
0.00019981
3.47522e-05
0.000168508
1.24692e-05
0.000128218
6.11878e-07
8.83153e-05
8.41899e-05
-3.64567e-05
-4.4563e-05
-3.92533e-05
-3.79626e-05
-4.14049e-05
-3.00491e-05
-4.2547e-05
-2.03797e-05
-4.22408e-05
-8.27195e-06
-4.00499e-05
7.19727e-06
-3.56805e-05
2.69522e-05
-2.90876e-05
5.14448e-05
-2.04786e-05
8.01736e-05
-1.02086e-05
0.000111547
1.33015e-06
0.000143089
1.33037e-05
0.000171491
2.4677e-05
0.000192182
3.41524e-05
0.000200922
3.94004e-05
0.000194563
3.28357e-05
0.000175074
1.41997e-05
0.000146855
3.34876e-06
9.91653e-05
8.75384e-05
-4.31791e-05
-4.12868e-05
-4.61223e-05
-3.50195e-05
-4.84847e-05
-2.76869e-05
-4.99241e-05
-1.89405e-05
-4.99967e-05
-8.19969e-06
-4.82024e-05
5.40276e-06
-4.41303e-05
2.288e-05
-3.76343e-05
4.49486e-05
-2.89082e-05
7.14474e-05
-1.83985e-05
0.000101037
-6.67182e-06
0.000131362
5.50181e-06
0.000159317
1.672e-05
0.000180964
2.53547e-05
0.000192287
2.93382e-05
0.000190579
2.66906e-05
0.000177722
1.43379e-05
0.000159209
6.53243e-06
0.00010697
9.40699e-05
-4.84687e-05
-3.79276e-05
-5.15497e-05
-3.19385e-05
-5.41462e-05
-2.50906e-05
-5.59603e-05
-1.71267e-05
-5.65784e-05
-7.58187e-06
-5.54784e-05
4.30257e-06
-5.21435e-05
1.95448e-05
-4.62841e-05
3.90891e-05
-3.80144e-05
6.31776e-05
-2.78366e-05
9.08595e-05
-1.649e-05
0.000120015
-4.91385e-06
0.000147741
5.47765e-06
0.000170572
1.27671e-05
0.000184997
1.46068e-05
0.000188739
1.28442e-05
0.000179483
9.50276e-06
0.00016255
6.07316e-06
0.000110401
0.000100143
-5.23575e-05
-3.45301e-05
-5.55389e-05
-2.87573e-05
-5.83433e-05
-2.22864e-05
-6.05313e-05
-1.4939e-05
-6.17502e-05
-6.36321e-06
-6.15073e-05
4.05941e-06
-5.92265e-05
1.7264e-05
-5.44603e-05
3.43228e-05
-4.71531e-05
5.58702e-05
-3.77584e-05
8.14648e-05
-2.71248e-05
0.000109382
-1.63501e-05
0.000136966
-6.862e-06
0.000161084
-4.18062e-07
0.000178553
1.51488e-06
0.000186806
-2.08854e-06
0.000183085
2.61736e-06
0.000157842
4.89859e-06
0.000108121
0.000105044
-5.49321e-05
-3.11434e-05
-5.81593e-05
-2.55302e-05
-6.11107e-05
-1.93352e-05
-6.3608e-05
-1.24419e-05
-6.53756e-05
-4.59583e-06
-6.59943e-05
4.67786e-06
-6.48992e-05
1.61686e-05
-6.15212e-05
3.09447e-05
-5.55732e-05
4.99221e-05
-4.73212e-05
7.32127e-05
-3.75821e-05
9.96424e-05
-2.75246e-05
0.000126909
-1.85516e-05
0.00015211
-1.20262e-05
0.000172027
-8.80221e-06
0.000183582
-7.13112e-06
0.000181413
3.14411e-06
0.000147565
1.08145e-06
0.000110184
0.000106126
-5.63163e-05
-2.7817e-05
-5.95296e-05
-2.23169e-05
-6.25502e-05
-1.63148e-05
-6.52543e-05
-9.73808e-06
-6.74425e-05
-2.40787e-06
-6.8789e-05
6.0242e-06
-6.88058e-05
1.61851e-05
-6.68834e-05
2.90222e-05
-6.25197e-05
4.55583e-05
-5.56768e-05
6.63697e-05
-4.69698e-05
9.09353e-05
-3.75238e-05
0.000117462
-2.86982e-05
0.000143285
-2.18709e-05
0.0001652
-1.70154e-05
0.000178726
-1.1688e-05
0.000176085
-1.70332e-07
0.000136048
-6.67092e-07
0.000110681
0.000105459
-5.66518e-05
-2.45927e-05
-5.97955e-05
-1.91732e-05
-6.28067e-05
-1.33038e-05
-6.56031e-05
-6.94187e-06
-6.80495e-05
3.82964e-08
-6.99071e-05
7.88152e-06
-7.07986e-05
1.70764e-05
-7.01586e-05
2.83821e-05
-6.73599e-05
4.27595e-05
-6.20346e-05
6.10444e-05
-5.44367e-05
8.33375e-05
-4.54774e-05
0.000108503
-3.64303e-05
0.000134238
-2.86779e-05
0.000157448
-2.27443e-05
0.000172792
-1.67054e-05
0.000170047
-2.89887e-06
0.000122243
-1.09884e-06
0.000108882
0.00010436
-5.60849e-05
-2.15059e-05
-5.9112e-05
-1.61462e-05
-6.20445e-05
-1.03716e-05
-6.48271e-05
-4.15941e-06
-6.73677e-05
2.57864e-06
-6.95046e-05
1.00183e-05
-7.09576e-05
1.85293e-05
-7.12577e-05
2.8682e-05
-6.97655e-05
4.12673e-05
-6.58749e-05
5.71537e-05
-5.9393e-05
7.68557e-05
-5.08046e-05
9.99149e-05
-4.10959e-05
0.000124529
-3.15086e-05
0.000147861
-2.39699e-05
0.000165253
-1.78331e-05
0.00016391
-1.22791e-05
0.000116689
-3.60803e-06
0.000100211
0.000100752
-5.47562e-05
-1.85817e-05
-5.76308e-05
-1.32716e-05
-6.04314e-05
-7.57117e-06
-6.31176e-05
-1.4734e-06
-6.56201e-05
5.08102e-06
-6.78322e-05
1.22302e-05
-6.95462e-05
2.02431e-05
-7.03971e-05
2.95327e-05
-6.98226e-05
4.06928e-05
-6.7132e-05
5.44632e-05
-6.17591e-05
7.14828e-05
-5.36427e-05
9.17986e-05
-4.34031e-05
0.000114289
-3.16902e-05
0.000136148
-2.03877e-05
0.000153951
-1.49944e-05
0.000158519
-2.28894e-05
0.000124583
-8.42882e-06
8.57476e-05
9.23227e-05
-5.27973e-05
-1.58395e-05
-5.54942e-05
-1.05748e-05
-5.81248e-05
-4.94068e-06
-6.06565e-05
1.05815e-06
-6.30326e-05
7.45697e-06
-6.51716e-05
1.43689e-05
-6.69146e-05
2.1986e-05
-6.79833e-05
3.06013e-05
-6.79282e-05
4.06376e-05
-6.61113e-05
5.26464e-05
-6.18298e-05
6.72014e-05
-5.45985e-05
8.45674e-05
-4.44471e-05
0.000104138
-3.20132e-05
0.000123713
-1.71204e-05
0.000139059
-3.92232e-06
0.000145323
-2.94381e-06
0.000123606
1.2591e-05
7.02094e-05
0.000104904
-5.03292e-05
-1.32889e-05
-5.28349e-05
-8.06913e-06
-5.52756e-05
-2.50005e-06
-5.76189e-05
3.40124e-06
-5.98165e-05
9.6544e-06
-6.17926e-05
1.6345e-05
-6.34167e-05
2.361e-05
-6.44715e-05
3.1656e-05
-6.46084e-05
4.07745e-05
-6.33111e-05
5.13492e-05
-5.99196e-05
6.381e-05
-5.38107e-05
7.84586e-05
-4.47312e-05
9.50583e-05
-3.31749e-05
0.000112157
-2.03968e-05
0.00012628
-8.50528e-06
0.000133432
-1.05663e-05
0.000125667
-2.21732e-05
8.18156e-05
8.27295e-05
-4.74624e-05
-1.09345e-05
-4.97739e-05
-5.75756e-06
-5.20213e-05
-2.52794e-07
-5.41656e-05
5.54541e-06
-5.61616e-05
1.16502e-05
-5.79334e-05
1.81167e-05
-5.9365e-05
2.50416e-05
-6.02775e-05
3.25683e-05
-6.03964e-05
4.08935e-05
-5.93165e-05
5.02693e-05
-5.64895e-05
6.0983e-05
-5.12981e-05
7.32671e-05
-4.33043e-05
8.70643e-05
-3.26998e-05
0.000101552
-2.09162e-05
0.000114497
-1.03893e-05
0.000122905
-9.84526e-06
0.000125124
-2.21472e-05
9.41192e-05
6.05886e-05
-4.42967e-05
-8.77128e-06
-4.64194e-05
-3.63481e-06
-4.84804e-05
1.80818e-06
-5.04369e-05
7.50178e-06
-5.22344e-05
1.34476e-05
-5.37967e-05
1.96788e-05
-5.50167e-05
2.62615e-05
-5.57411e-05
3.32926e-05
-5.57476e-05
4.09e-05
-5.47172e-05
4.92389e-05
-5.22114e-05
5.84772e-05
-4.769e-05
6.87457e-05
-4.06294e-05
8.00036e-05
-3.08187e-05
9.17409e-05
-1.88625e-05
0.00010254
-6.09753e-06
0.00011014
5.26762e-06
0.000113759
5.60391e-06
9.37835e-05
6.61938e-05
-4.09262e-05
-6.78345e-06
-4.28841e-05
-1.67693e-06
-4.47807e-05
3.70478e-06
-4.65693e-05
9.29028e-06
-4.81872e-05
1.50655e-05
-4.9557e-05
2.10485e-05
-5.05792e-05
2.72836e-05
-5.11212e-05
3.38345e-05
-5.1001e-05
4.07798e-05
-4.9969e-05
4.82069e-05
-4.76891e-05
5.61973e-05
-4.37372e-05
6.47938e-05
-3.76578e-05
7.3924e-05
-2.9157e-05
8.32399e-05
-1.84781e-05
9.18613e-05
-6.715e-06
9.83769e-05
4.80156e-06
0.000102242
7.15309e-06
9.14323e-05
7.33471e-05
-3.74291e-05
-4.93708e-06
-3.92636e-05
1.57556e-07
-4.10383e-05
5.47949e-06
-4.26953e-05
1.09471e-05
-4.41652e-05
1.65354e-05
-4.53719e-05
2.22552e-05
-4.62256e-05
2.81373e-05
-4.66139e-05
3.42228e-05
-4.63907e-05
4.05566e-05
-4.53643e-05
4.71805e-05
-4.32881e-05
5.41211e-05
-3.98616e-05
6.13672e-05
-3.47653e-05
6.88277e-05
-2.77776e-05
7.62521e-05
-1.90467e-05
8.31304e-05
-9.36009e-06
8.86903e-05
4.51735e-07
9.24304e-05
4.09815e-06
8.77859e-05
7.74453e-05
-3.38756e-05
-3.16823e-06
-3.56587e-05
1.94059e-06
-3.7378e-05
7.19879e-06
-3.89555e-05
1.25246e-05
-4.03186e-05
1.78984e-05
-4.13971e-05
2.33336e-05
-4.2115e-05
2.88551e-05
-4.23822e-05
3.44899e-05
-4.20863e-05
4.02607e-05
-4.1086e-05
4.61803e-05
-3.92078e-05
5.22429e-05
-3.62513e-05
5.84108e-05
-3.2016e-05
6.45924e-05
-2.63748e-05
7.06109e-05
-1.94129e-05
7.61684e-05
-1.15752e-05
8.08525e-05
-3.43794e-06
8.42931e-05
8.18619e-07
8.35293e-05
7.82639e-05
-3.03398e-05
-1.34426e-06
-3.21897e-05
3.79049e-06
-3.39444e-05
8.95342e-06
-3.55085e-05
1.40887e-05
-3.68122e-05
1.9202e-05
-3.77983e-05
2.43196e-05
-3.84104e-05
2.94672e-05
-3.85836e-05
3.46631e-05
-3.82381e-05
3.99151e-05
-3.72758e-05
4.52179e-05
-3.5581e-05
5.05481e-05
-3.30274e-05
5.58572e-05
-2.9498e-05
6.10629e-05
-2.49253e-05
6.60382e-05
-1.93665e-05
7.06095e-05
-1.30834e-05
7.45694e-05
-6.52219e-06
7.77319e-05
-1.83542e-06
7.88425e-05
7.64285e-05
-2.69027e-05
7.6327e-07
-2.89949e-05
5.88271e-06
-3.0906e-05
1.08645e-05
-3.25341e-05
1.57168e-05
-3.38284e-05
2.04963e-05
-3.47571e-05
2.52483e-05
-3.52899e-05
3e-05
-3.53893e-05
3.47625e-05
-3.50066e-05
3.95324e-05
-3.40811e-05
4.42925e-05
-3.25424e-05
4.90094e-05
-3.03167e-05
5.36316e-05
-2.73408e-05
5.8087e-05
-2.3585e-05
6.22824e-05
-1.90855e-05
6.611e-05
-1.39825e-05
6.94664e-05
-8.51442e-06
7.22638e-05
-3.63601e-06
7.39641e-05
7.27924e-05
-2.3684e-05
3.53245e-06
-2.62837e-05
8.48249e-06
-2.84893e-05
1.307e-05
-3.02528e-05
1.74803e-05
-3.15806e-05
2.18241e-05
-3.24819e-05
2.61496e-05
-3.29579e-05
3.0476e-05
-3.29988e-05
3.48033e-05
-3.25833e-05
3.91169e-05
-3.1681e-05
4.33902e-05
-3.02564e-05
4.75847e-05
-2.82738e-05
5.16491e-05
-2.57066e-05
5.55199e-05
-2.25477e-05
5.91235e-05
-1.88209e-05
6.23833e-05
-1.4581e-05
6.52265e-05
-9.88919e-06
6.7572e-05
-4.97142e-06
6.90463e-05
6.7821e-05
-2.11581e-05
-2.45242e-05
-2.70786e-05
-2.89925e-05
-3.03634e-05
-3.12516e-05
-3.16877e-05
-3.16815e-05
-3.12299e-05
-3.03217e-05
-2.89425e-05
-2.70799e-05
-2.47302e-05
-2.19032e-05
-1.86226e-05
-1.49091e-05
-1.07356e-05
-5.95629e-06
)
;

boundaryField
{
    leftWall
    {
        type            calculated;
        value           uniform 0;
    }
    rightWall
    {
        type            calculated;
        value           uniform 0;
    }
    lowerWall
    {
        type            calculated;
        value           uniform 0;
    }
    atmosphere
    {
        type            calculated;
        value           nonuniform List<scalar> 
46
(
-3.00371e-05
-4.93616e-05
-4.75508e-05
-4.66971e-05
-4.60878e-05
-4.54982e-05
-4.48313e-05
-4.40309e-05
-4.30605e-05
-4.18965e-05
-4.05228e-05
-3.89277e-05
-3.71019e-05
-3.50373e-05
-3.27263e-05
-3.01608e-05
-2.73314e-05
-2.42255e-05
-2.08258e-05
-1.71077e-05
-1.30467e-05
-8.65887e-06
-4.13176e-06
-7.14262e-07
-3.39328e-07
5.23128e-07
1.78986e-06
8.02432e-06
1.18486e-05
1.56244e-05
1.93942e-05
2.3195e-05
2.70378e-05
3.0912e-05
3.47971e-05
3.86653e-05
4.2482e-05
4.62055e-05
4.97865e-05
5.31701e-05
5.62965e-05
5.91026e-05
6.1513e-05
6.33985e-05
6.4267e-05
6.18647e-05
)
;
    }
    defaultFaces
    {
        type            empty;
    }
}


// ************************************************************************* //
