/*--------------------------------*- C++ -*----------------------------------*\
  =========                 |
  \\      /  F ield         | OpenFOAM: The Open Source CFD Toolbox
   \\    /   O peration     | Website:  https://openfoam.org
    \\  /    A nd           | Version:  13
     \\/     M anipulation  |
\*---------------------------------------------------------------------------*/
FoamFile
{
    format      ascii;
    class       surfaceScalarField;
    location    "1.85";
    object      phi;
}
// * * * * * * * * * * * * * * * * * * * * * * * * * * * * * * * * * * * * * //

dimensions      [0 3 -1 0 0 0 0];

internalField   nonuniform List<scalar> 
4432
(
-1.89896e-06
1.89896e-06
-4.10011e-06
2.20114e-06
-6.3625e-06
2.26239e-06
-8.4098e-06
2.04729e-06
-1.01648e-05
1.75502e-06
-1.1591e-05
1.42618e-06
-1.26828e-05
1.09175e-06
-1.34597e-05
7.76956e-07
-1.39482e-05
4.88528e-07
-1.41643e-05
2.16068e-07
-1.41131e-05
-5.12125e-08
-1.3784e-05
-3.29065e-07
-1.32076e-05
-5.76443e-07
-1.24164e-05
-7.91171e-07
-1.14105e-05
-1.00594e-06
-1.01594e-05
-1.2511e-06
-8.65604e-06
-1.50334e-06
-6.93678e-06
-1.71926e-06
-5.05831e-06
-1.87846e-06
-3.12117e-06
-1.93715e-06
-1.35839e-06
-1.76277e-06
-2.73802e-07
-1.08459e-06
-2.73801e-07
-2.14241e-06
4.04136e-06
-4.44944e-06
4.50816e-06
-6.68311e-06
4.49605e-06
-8.67723e-06
4.0414e-06
-1.03576e-05
3.43537e-06
-1.16901e-05
2.7587e-06
-1.26713e-05
2.07291e-06
-1.33256e-05
1.43123e-06
-1.36829e-05
8.45878e-07
-1.37623e-05
2.95486e-07
-1.35649e-05
-2.48656e-07
-1.31095e-05
-7.84409e-07
-1.243e-05
-1.25603e-06
-1.15681e-05
-1.65306e-06
-1.05334e-05
-2.04059e-06
-9.31808e-06
-2.46644e-06
-7.93466e-06
-2.88676e-06
-6.42391e-06
-3.23e-06
-4.84276e-06
-3.45961e-06
-3.27785e-06
-3.50206e-06
-1.86451e-06
-3.17611e-06
-7.1332e-07
-2.23578e-06
-9.87114e-07
-2.42916e-06
6.47052e-06
-4.77159e-06
6.85058e-06
-6.91733e-06
6.64178e-06
-8.80264e-06
5.92672e-06
-1.03708e-05
5.00357e-06
-1.15886e-05
3.97644e-06
-1.2456e-05
2.94029e-06
-1.29998e-05
1.97512e-06
-1.3252e-05
1.09799e-06
-1.32315e-05
2.75007e-07
-1.29454e-05
-5.34731e-07
-1.24166e-05
-1.31321e-06
-1.1689e-05
-1.98367e-06
-1.0808e-05
-2.53398e-06
-9.78822e-06
-3.06041e-06
-8.63133e-06
-3.62334e-06
-7.35948e-06
-4.1586e-06
-6.01551e-06
-4.57397e-06
-4.64916e-06
-4.82597e-06
-3.32358e-06
-4.82764e-06
-2.11384e-06
-4.38585e-06
-1.01448e-06
-3.33514e-06
-2.00159e-06
-2.65926e-06
9.12978e-06
-5.02604e-06
9.21736e-06
-7.07409e-06
8.68983e-06
-8.83933e-06
7.69195e-06
-1.02896e-05
6.45384e-06
-1.13934e-05
5.08026e-06
-1.21524e-05
3.69929e-06
-1.25991e-05
2.42176e-06
-1.27651e-05
1.26399e-06
-1.26689e-05
1.78836e-07
-1.23204e-05
-8.83235e-07
-1.17462e-05
-1.88736e-06
-1.09963e-05
-2.73358e-06
-1.01199e-05
-3.41046e-06
-9.13063e-06
-4.04964e-06
-8.03571e-06
-4.71825e-06
-6.86347e-06
-5.33085e-06
-5.65592e-06
-5.78153e-06
-4.45226e-06
-6.02963e-06
-3.29202e-06
-5.98788e-06
-2.20675e-06
-5.47112e-06
-1.12966e-06
-4.41224e-06
-3.13125e-06
-2.82514e-06
1.19549e-05
-5.17022e-06
1.15624e-05
-7.10581e-06
1.06254e-05
-8.74748e-06
9.33362e-06
-1.00827e-05
7.7891e-06
-1.10819e-05
6.07939e-06
-1.17525e-05
4.36988e-06
-1.21234e-05
2.79273e-06
-1.22235e-05
1.36406e-06
-1.20734e-05
2.87435e-08
-1.1686e-05
-1.27063e-06
-1.10917e-05
-2.48166e-06
-1.03436e-05
-3.48174e-06
-9.48824e-06
-4.26577e-06
-8.5386e-06
-4.99929e-06
-7.50493e-06
-5.75193e-06
-6.41974e-06
-6.41605e-06
-5.32405e-06
-6.87721e-06
-4.24639e-06
-7.10729e-06
-3.20653e-06
-7.02774e-06
-2.20801e-06
-6.46964e-06
-1.17164e-06
-5.4486e-06
-4.30289e-06
-3.00023e-06
1.49552e-05
-5.15516e-06
1.37174e-05
-6.94497e-06
1.24152e-05
-8.45985e-06
1.08485e-05
-9.69212e-06
9.02135e-06
-1.06213e-05
7.00852e-06
-1.12282e-05
4.97683e-06
-1.15469e-05
3.11136e-06
-1.16088e-05
1.42602e-06
-1.14314e-05
-1.48716e-07
-1.10327e-05
-1.6693e-06
-1.04461e-05
-3.06827e-06
-9.72535e-06
-4.20246e-06
-8.91039e-06
-5.08073e-06
-8.00812e-06
-5.90154e-06
-7.03404e-06
-6.726e-06
-6.02841e-06
-7.42167e-06
-5.02873e-06
-7.87687e-06
-4.05812e-06
-8.07789e-06
-3.12599e-06
-7.95986e-06
-2.21684e-06
-7.37878e-06
-1.30355e-06
-6.36189e-06
-5.60644e-06
-2.98271e-06
1.79379e-05
-4.83484e-06
1.55695e-05
-6.44341e-06
1.40238e-05
-7.81828e-06
1.22233e-05
-8.94698e-06
1.015e-05
-9.83409e-06
7.89561e-06
-1.04237e-05
5.56645e-06
-1.07424e-05
3.43002e-06
-1.08063e-05
1.48996e-06
-1.06366e-05
-3.18457e-07
-1.02688e-05
-2.03711e-06
-9.74598e-06
-3.59108e-06
-9.10384e-06
-4.84459e-06
-8.34278e-06
-5.84179e-06
-7.48016e-06
-6.76416e-06
-6.55589e-06
-7.65026e-06
-5.6092e-06
-8.36835e-06
-4.67425e-06
-8.81182e-06
-3.781e-06
-8.97114e-06
-2.94225e-06
-8.79859e-06
-2.13014e-06
-8.19088e-06
-1.3968e-06
-7.09523e-06
-7.00324e-06
-2.22926e-06
2.01671e-05
-3.52002e-06
1.68602e-05
-4.76579e-06
1.52695e-05
-5.9297e-06
1.33872e-05
-6.99033e-06
1.12107e-05
-7.91348e-06
8.81875e-06
-8.65147e-06
6.30444e-06
-9.13408e-06
3.91264e-06
-9.32727e-06
1.68314e-06
-9.2492e-06
-3.96532e-07
-8.98165e-06
-2.30467e-06
-8.57174e-06
-4.00099e-06
-8.02679e-06
-5.38954e-06
-7.31353e-06
-6.55505e-06
-6.4767e-06
-7.60099e-06
-5.57773e-06
-8.54923e-06
-4.66309e-06
-9.28299e-06
-3.76137e-06
-9.71354e-06
-2.92081e-06
-9.81169e-06
-2.19055e-06
-9.52885e-06
-1.59736e-06
-8.78407e-06
-1.07508e-06
-7.61751e-06
-8.07834e-06
1.45937e-06
-1.45937e-06
2.89699e-06
-1.43762e-06
4.20436e-06
-1.30737e-06
4.85724e-06
-6.52877e-07
5.47037e-06
-6.1313e-07
6.82282e-06
-1.35245e-06
7.04984e-06
-2.27021e-07
8.19997e-06
-1.15013e-06
1.01223e-05
-1.92233e-06
1.23653e-05
-2.24299e-06
1.4222e-05
-1.85674e-06
1.46059e-05
-3.83918e-07
1.44269e-05
1.79039e-07
1.24338e-05
1.99315e-06
9.33723e-06
3.09652e-06
5.68094e-06
3.65629e-06
2.79648e-06
2.88447e-06
1.23996e-06
1.55652e-06
1.23996e-06
2.48179e-06
-3.94117e-06
4.83822e-06
-3.79405e-06
6.06195e-06
-2.5311e-06
6.14954e-06
-7.40467e-07
6.26608e-06
-7.29669e-07
6.7373e-06
-1.82367e-06
7.93772e-06
-1.42744e-06
9.0054e-06
-2.21782e-06
9.93385e-06
-2.85078e-06
1.12269e-05
-3.53602e-06
1.28935e-05
-3.52334e-06
1.3788e-05
-1.27848e-06
1.37544e-05
2.12694e-07
1.2423e-05
3.32449e-06
1.01672e-05
5.35236e-06
7.23672e-06
6.58679e-06
4.03092e-06
6.09027e-06
1.02928e-06
4.55816e-06
2.26924e-06
2.00328e-06
-5.94445e-06
6.27308e-06
-8.06385e-06
8.23499e-06
-4.49301e-06
7.59684e-06
-1.02316e-07
7.23774e-06
-3.7057e-07
7.74282e-06
-2.32874e-06
8.8318e-06
-2.51642e-06
9.57339e-06
-2.9594e-06
9.87077e-06
-3.14815e-06
1.05045e-05
-4.16973e-06
1.1625e-05
-4.6439e-06
1.24998e-05
-2.1532e-06
1.2616e-05
9.64144e-08
1.18056e-05
4.13494e-06
1.05265e-05
6.63145e-06
8.38261e-06
8.73067e-06
5.24479e-06
9.2281e-06
1.70306e-06
8.09989e-06
3.97229e-06
2.75568e-06
-8.70013e-06
5.76776e-06
-1.10759e-05
9.88204e-06
-8.6073e-06
9.95385e-06
-1.74134e-07
8.38568e-06
1.1976e-06
8.3331e-06
-2.27616e-06
9.49082e-06
-3.67414e-06
1.02621e-05
-3.73072e-06
1.00782e-05
-2.96416e-06
9.84148e-06
-3.93304e-06
1.01918e-05
-4.99426e-06
1.11675e-05
-3.12885e-06
1.12192e-05
4.46873e-08
1.08813e-05
4.4729e-06
1.03992e-05
7.11349e-06
8.90177e-06
1.02281e-05
6.75271e-06
1.13772e-05
4.27094e-06
1.05817e-05
8.24324e-06
2.89627e-06
-1.15964e-05
4.08035e-06
-1.226e-05
7.68229e-06
-1.22092e-05
9.78676e-06
-2.2786e-06
8.03149e-06
2.95288e-06
7.04927e-06
-1.29394e-06
8.73917e-06
-5.36404e-06
1.05676e-05
-5.55911e-06
1.03558e-05
-2.75238e-06
9.37134e-06
-2.94857e-06
8.95856e-06
-4.58147e-06
9.53811e-06
-3.70838e-06
9.95253e-06
-3.69735e-07
1.01332e-05
4.29221e-06
9.93548e-06
7.31123e-06
9.04589e-06
1.11177e-05
8.11834e-06
1.23047e-05
6.88131e-06
1.18187e-05
1.51246e-05
3.77733e-06
-1.53737e-05
2.75005e-06
-1.12327e-05
4.86966e-06
-1.43288e-05
7.17637e-06
-4.58532e-06
5.74735e-06
4.38189e-06
4.6702e-06
-2.16786e-07
6.08762e-06
-6.78146e-06
8.35806e-06
-7.82956e-06
8.319e-06
-2.71332e-06
8.48242e-06
-3.112e-06
8.07933e-06
-4.17837e-06
8.16211e-06
-3.79116e-06
8.70743e-06
-9.15058e-07
9.12881e-06
3.87084e-06
9.37419e-06
7.06584e-06
9.64464e-06
1.08473e-05
9.03272e-06
1.29166e-05
6.95354e-06
1.38979e-05
2.20781e-05
5.98043e-06
-2.13542e-05
2.28871e-06
-7.541e-06
2.19342e-06
-1.42335e-05
3.87723e-06
-6.26913e-06
2.91225e-06
5.34687e-06
2.33447e-06
3.60997e-07
3.34001e-06
-7.787e-06
5.16197e-06
-9.65153e-06
5.52694e-06
-3.0783e-06
5.74611e-06
-3.33118e-06
6.176e-06
-4.60827e-06
6.70439e-06
-4.31954e-06
7.21846e-06
-1.42913e-06
8.2069e-06
2.8824e-06
9.21822e-06
6.05453e-06
1.00448e-05
1.00206e-05
9.44582e-06
1.35156e-05
6.09421e-06
1.72495e-05
2.81723e-05
5.62579e-06
-2.698e-05
1.99348e-06
-3.90869e-06
-1.82189e-07
-1.20579e-05
4.55521e-07
-6.90684e-06
-1.38324e-07
5.94071e-06
-9.59607e-08
3.18632e-07
7.42184e-07
-8.62515e-06
1.86071e-06
-1.07701e-05
2.65553e-06
-3.87311e-06
3.39451e-06
-4.07017e-06
4.11801e-06
-5.33178e-06
4.99615e-06
-5.19769e-06
6.08597e-06
-2.51895e-06
7.45518e-06
1.51319e-06
8.70976e-06
4.79995e-06
9.75811e-06
8.97229e-06
9.21052e-06
1.40632e-05
5.41675e-06
2.10433e-05
3.3589e-05
5.22354e-07
1.96447e-05
-5.89324e-07
1.79719e-05
-1.5101e-06
1.61903e-05
-2.32866e-06
1.42058e-05
-3.12441e-06
1.20064e-05
-3.94539e-06
9.63973e-06
-4.82665e-06
7.1857e-06
-5.62141e-06
4.70739e-06
-6.19427e-06
2.256e-06
-6.44883e-06
-1.41983e-07
-6.33798e-06
-2.41552e-06
-5.90027e-06
-4.4387e-06
-5.17283e-06
-6.11699e-06
-4.23079e-06
-7.49711e-06
-3.12968e-06
-8.70211e-06
-1.92529e-06
-9.75364e-06
-6.85138e-07
-1.05231e-05
4.64716e-07
-1.08634e-05
1.37317e-06
-1.07202e-05
1.90515e-06
-1.00608e-05
2.01092e-06
-8.88986e-06
1.73669e-06
-7.34331e-06
-6.21176e-06
-1.29899e-07
1.7998e-06
1.78449e-05
2.59218e-06
1.71795e-05
3.37e-06
1.54125e-05
4.17059e-06
1.34052e-05
4.90545e-06
1.12716e-05
5.48121e-06
9.06398e-06
5.86439e-06
6.80252e-06
6.11171e-06
4.46007e-06
6.31347e-06
2.05423e-06
6.50829e-06
-3.36809e-07
6.7083e-06
-2.61553e-06
6.9353e-06
-4.66571e-06
7.23019e-06
-6.41189e-06
7.58333e-06
-7.85026e-06
7.95849e-06
-9.07728e-06
8.30801e-06
-1.01032e-05
8.54495e-06
-1.07601e-05
8.53048e-06
-1.0849e-05
8.1123e-06
-1.0302e-05
7.23945e-06
-9.18801e-06
6.01121e-06
-7.66163e-06
4.73932e-06
-6.07143e-06
-5.18663e-06
3.71419e-06
1.10902e-06
1.67359e-05
3.16666e-06
1.51219e-05
5.1893e-06
1.33899e-05
7.1684e-06
1.14261e-05
9.00948e-06
9.43048e-06
1.06246e-05
7.44882e-06
1.19247e-05
5.50249e-06
1.29812e-05
3.40354e-06
1.38626e-05
1.17278e-06
1.45838e-05
-1.05794e-06
1.51342e-05
-3.16598e-06
1.55181e-05
-5.04957e-06
1.57363e-05
-6.63014e-06
1.57787e-05
-7.89265e-06
1.55819e-05
-8.88055e-06
1.51491e-05
-9.67036e-06
1.43819e-05
-9.99285e-06
1.3035e-05
-9.50208e-06
1.09569e-05
-8.22392e-06
8.06449e-06
-6.29556e-06
4.21824e-06
-3.81538e-06
-3.51861e-07
-1.50132e-06
3.98657e-07
-5.93715e-06
1.48933e-06
1.52465e-05
3.62589e-06
1.29853e-05
6.27647e-06
1.07393e-05
8.89782e-06
8.80476e-06
1.14145e-05
6.91374e-06
1.36779e-05
5.18546e-06
1.55206e-05
3.65975e-06
1.7081e-05
1.84318e-06
1.84498e-05
-1.95989e-07
1.95759e-05
-2.1841e-06
2.04035e-05
-3.99362e-06
2.09169e-05
-5.5629e-06
2.11184e-05
-6.83162e-06
2.0969e-05
-7.74328e-06
2.03392e-05
-8.25077e-06
1.91247e-05
-8.45587e-06
1.72863e-05
-8.15446e-06
1.45201e-05
-6.7359e-06
1.05299e-05
-4.23364e-06
5.26436e-06
-1.03004e-06
-1.00189e-06
2.45088e-06
-7.80695e-06
5.30376e-06
7.45878e-06
-1.48671e-05
1.74028e-06
1.35063e-05
4.62304e-06
1.01025e-05
7.88864e-06
7.47365e-06
1.09998e-05
5.69361e-06
1.38734e-05
4.04013e-06
1.6308e-05
2.75081e-06
1.82767e-05
1.69102e-06
2.00526e-05
6.72679e-08
2.17031e-05
-1.84645e-06
2.30494e-05
-3.5304e-06
2.4038e-05
-4.98227e-06
2.461e-05
-6.13485e-06
2.47584e-05
-6.98003e-06
2.45095e-05
-7.49438e-06
2.3615e-05
-7.35629e-06
2.17148e-05
-6.55567e-06
1.87141e-05
-5.15373e-06
1.46653e-05
-2.68712e-06
9.36631e-06
1.06539e-06
2.96771e-06
5.36857e-06
-4.14071e-06
9.5593e-06
-1.20221e-05
1.31851e-05
1.57961e-05
-2.03594e-05
1.67334e-06
1.18329e-05
6.35793e-06
5.41791e-06
1.01137e-05
3.71783e-06
1.33756e-05
2.4317e-06
1.61803e-05
1.23545e-06
1.85494e-05
3.81646e-07
2.07346e-05
-4.94128e-07
2.26415e-05
-1.83967e-06
2.42667e-05
-3.47166e-06
2.56177e-05
-4.88141e-06
2.66655e-05
-6.03004e-06
2.73296e-05
-6.79895e-06
2.75234e-05
-7.17385e-06
2.72383e-05
-7.20929e-06
2.62278e-05
-6.34571e-06
2.39502e-05
-4.27811e-06
2.01903e-05
-1.3938e-06
1.51629e-05
2.34028e-06
8.80087e-06
7.42738e-06
1.40696e-06
1.27624e-05
-7.02888e-06
1.79951e-05
-1.63412e-05
2.24974e-05
2.56504e-05
-2.61955e-05
6.13365e-06
5.69923e-06
9.69096e-06
1.86058e-06
1.25146e-05
8.94232e-07
1.51644e-05
-2.18112e-07
1.7559e-05
-1.15921e-06
1.98489e-05
-1.90826e-06
2.20735e-05
-2.71876e-06
2.41074e-05
-3.87355e-06
2.5808e-05
-5.17227e-06
2.72269e-05
-6.30027e-06
2.83421e-05
-7.1452e-06
2.91298e-05
-7.58667e-06
2.94084e-05
-7.45246e-06
2.86902e-05
-6.49105e-06
2.71474e-05
-4.80285e-06
2.43503e-05
-1.48103e-06
1.99588e-05
2.9977e-06
1.37861e-05
8.51303e-06
6.4187e-06
1.47947e-05
-1.79288e-06
2.0974e-05
-1.10491e-05
2.72513e-05
-2.11028e-05
3.25511e-05
3.62298e-05
-3.16824e-05
8.66596e-06
-2.96673e-06
1.20258e-05
-1.49923e-06
1.469e-05
-1.77e-06
1.71768e-05
-2.70487e-06
1.89962e-05
-2.97865e-06
2.09104e-05
-3.82242e-06
2.30997e-05
-4.90808e-06
2.53029e-05
-6.07677e-06
2.7228e-05
-7.0973e-06
2.87451e-05
-7.81733e-06
2.98318e-05
-8.23195e-06
3.0434e-05
-8.18877e-06
3.06191e-05
-7.63743e-06
2.87656e-05
-4.63752e-06
2.51985e-05
-1.2356e-06
2.09533e-05
2.76429e-06
1.5687e-05
8.26401e-06
9.09532e-06
1.51047e-05
1.61325e-06
2.22768e-05
-6.6106e-06
2.91978e-05
-1.55765e-05
3.62171e-05
-2.57971e-05
4.27715e-05
4.52515e-05
-3.48191e-05
3.85332e-06
-6.82e-06
1.09284e-05
-8.57429e-06
1.63187e-05
-7.16027e-06
2.0323e-05
-6.70913e-06
2.0967e-05
-3.6226e-06
2.17786e-05
-4.63401e-06
2.39236e-05
-7.05306e-06
2.60385e-05
-8.19164e-06
2.77202e-05
-8.77901e-06
2.88777e-05
-8.9748e-06
2.93127e-05
-8.66689e-06
2.83726e-05
-7.24869e-06
2.49926e-05
-4.25728e-06
2.03026e-05
5.25852e-08
1.43695e-05
4.69759e-06
9.33094e-06
7.80299e-06
4.91255e-06
1.26825e-05
3.91533e-07
1.96259e-05
-4.98522e-06
2.76537e-05
-1.19746e-05
3.61874e-05
-2.05074e-05
4.47501e-05
-2.89585e-05
5.12227e-05
4.96891e-05
-3.33963e-05
7.14894e-06
-1.39688e-05
9.34766e-06
-1.07729e-05
1.08596e-05
-8.6721e-06
1.4111e-05
-9.96051e-06
1.51554e-05
-4.66696e-06
1.31811e-05
-2.65973e-06
1.15016e-05
-5.37358e-06
1.06999e-05
-7.38993e-06
1.0519e-05
-8.59814e-06
1.07544e-05
-9.21027e-06
1.09073e-05
-8.8198e-06
1.01202e-05
-6.46165e-06
7.82568e-06
-1.9628e-06
4.75495e-06
3.12327e-06
1.91366e-06
7.53881e-06
-9.9974e-07
1.07164e-05
-3.93695e-06
1.56197e-05
-6.70529e-06
2.23943e-05
-9.5338e-06
3.04823e-05
-1.26144e-05
3.92681e-05
-1.57122e-05
4.78483e-05
-1.81305e-05
5.36411e-05
5.21943e-05
-2.06352e-05
-1.00703e-06
-1.29617e-05
7.67636e-07
-1.25475e-05
2.78145e-06
-1.06859e-05
2.63029e-06
-9.80931e-06
2.72603e-06
-4.76267e-06
2.79957e-06
-2.7333e-06
1.60691e-06
-4.18095e-06
3.57073e-07
-6.14013e-06
-5.95136e-07
-7.64599e-06
-1.08024e-06
-8.72522e-06
-1.6333e-06
-8.26681e-06
-2.45497e-06
-5.64006e-06
-3.49098e-06
-9.26883e-07
-4.73254e-06
4.36473e-06
-5.6307e-06
8.43692e-06
-7.15921e-06
1.22449e-05
-8.6653e-06
1.71258e-05
-9.71802e-06
2.34469e-05
-1.01503e-05
3.09146e-05
-9.85236e-06
3.89702e-05
-8.62182e-06
4.66177e-05
-6.90445e-06
5.1924e-05
5.23873e-05
-7.09736e-06
-1.01982e-06
-1.19418e-05
-2.44141e-06
-1.11259e-05
-3.35546e-06
-9.77182e-06
-5.03312e-06
-8.13163e-06
-5.12852e-06
-4.66729e-06
-4.77003e-06
-3.09181e-06
-5.1853e-06
-3.76571e-06
-6.09759e-06
-5.22788e-06
-7.10303e-06
-6.64058e-06
-8.01161e-06
-7.81668e-06
-9.00471e-06
-7.27375e-06
-9.9405e-06
-4.70431e-06
-1.05534e-05
-3.1402e-07
-1.05784e-05
4.38962e-06
-1.06803e-05
8.53885e-06
-1.10232e-05
1.25877e-05
-1.12514e-05
1.73539e-05
-1.09424e-05
2.31379e-05
-9.82081e-06
2.97929e-05
-7.709e-06
3.68583e-05
-4.59562e-06
4.35043e-05
-1.12651e-06
4.84546e-05
5.03772e-05
8.83451e-07
-2.02762e-06
-9.91418e-06
-4.40997e-06
-8.74354e-06
-6.63209e-06
-7.54969e-06
-8.60809e-06
-6.15566e-06
-9.13336e-06
-4.14204e-06
-9.08746e-06
-3.13773e-06
-9.32936e-06
-3.52384e-06
-9.95542e-06
-4.60186e-06
-1.08324e-05
-5.7636e-06
-1.20603e-05
-6.5888e-06
-1.32786e-05
-6.05557e-06
-1.42841e-05
-3.6988e-06
-1.46415e-05
4.33528e-08
-1.43491e-05
4.09718e-06
-1.38625e-05
8.05214e-06
-1.33689e-05
1.20941e-05
-1.26464e-05
1.66312e-05
-1.13727e-05
2.18642e-05
-9.28822e-06
2.77083e-05
-6.24503e-06
3.3815e-05
-2.31077e-06
3.95698e-05
2.00846e-06
4.41353e-05
4.69083e-05
5.47704e-06
-3.2502e-06
-6.66398e-06
-5.98318e-06
-6.01057e-06
-8.30229e-06
-5.23061e-06
-1.01256e-05
-4.33239e-06
-1.09927e-05
-3.27501e-06
-1.13097e-05
-2.82073e-06
-1.16511e-05
-3.18249e-06
-1.22343e-05
-4.01871e-06
-1.31074e-05
-4.89053e-06
-1.43532e-05
-5.34311e-06
-1.56498e-05
-4.75895e-06
-1.65691e-05
-2.77958e-06
-1.6755e-05
2.29178e-07
-1.63508e-05
3.69292e-06
-1.56128e-05
7.31413e-06
-1.46494e-05
1.11306e-05
-1.33438e-05
1.53255e-05
-1.14827e-05
2.0003e-05
-8.86801e-06
2.50935e-05
-5.39601e-06
3.03428e-05
-1.14533e-06
3.53189e-05
3.48815e-06
3.95015e-05
4.25562e-05
7.83995e-06
-3.77204e-06
-2.89205e-06
-6.62055e-06
-3.16214e-06
-8.88605e-06
-2.96518e-06
-1.06047e-05
-2.61378e-06
-1.16365e-05
-2.2433e-06
-1.22387e-05
-2.21867e-06
-1.27704e-05
-2.65084e-06
-1.34449e-05
-3.34422e-06
-1.43522e-05
-3.98327e-06
-1.54853e-05
-4.21012e-06
-1.66234e-05
-3.62093e-06
-1.73741e-05
-2.02887e-06
-1.75362e-05
3.91198e-07
-1.71435e-05
3.30011e-06
-1.6333e-05
6.50363e-06
-1.51644e-05
9.96182e-06
-1.35755e-05
1.37366e-05
-1.14312e-05
1.78585e-05
-8.59757e-06
2.22598e-05
-5.00763e-06
2.67527e-05
-7.32262e-07
3.10433e-05
3.96995e-06
3.4799e-05
3.78002e-05
8.72562e-06
-3.75802e-06
8.65787e-07
-6.57993e-06
-3.40395e-07
-8.76842e-06
-7.76811e-07
-1.04248e-05
-9.57498e-07
-1.15668e-05
-1.10138e-06
-1.23715e-05
-1.41405e-06
-1.30748e-05
-1.94766e-06
-1.38429e-05
-2.57622e-06
-1.4748e-05
-3.07826e-06
-1.57627e-05
-3.1954e-06
-1.67091e-05
-2.67461e-06
-1.73393e-05
-1.39879e-06
-1.74877e-05
5.39538e-07
-1.7145e-05
2.95735e-06
-1.63582e-05
5.71672e-06
-1.51514e-05
8.75497e-06
-1.3485e-05
1.20701e-05
-1.12751e-05
1.56484e-05
-8.43597e-06
1.94205e-05
-4.92899e-06
2.32456e-05
-8.03252e-07
2.69174e-05
3.77873e-06
3.02169e-05
3.29708e-05
8.60779e-06
-3.47566e-06
4.34118e-06
-6.15579e-06
2.33953e-06
-8.24828e-06
1.3155e-06
-9.86194e-06
6.56006e-07
-1.10694e-05
1.05998e-07
-1.20048e-05
-4.78763e-07
-1.28275e-05
-1.12512e-06
-1.36562e-05
-1.74766e-06
-1.45401e-05
-2.19443e-06
-1.54474e-05
-2.2882e-06
-1.62531e-05
-1.86896e-06
-1.67884e-05
-8.63585e-07
-1.69339e-05
6.84964e-07
-1.6648e-05
2.6714e-06
-1.59301e-05
4.99866e-06
-1.47793e-05
7.6041e-06
-1.31648e-05
1.04555e-05
-1.1032e-05
1.35156e-05
-8.32782e-06
1.67162e-05
-5.02789e-06
1.99456e-05
-1.16426e-06
2.30537e-05
3.16938e-06
2.5883e-05
2.83146e-05
7.82533e-06
-3.11935e-06
7.46016e-06
-5.58246e-06
4.80235e-06
-7.54004e-06
3.27286e-06
-9.09089e-06
2.20667e-06
-1.03158e-05
1.3307e-06
-1.13179e-05
5.23207e-07
-1.22055e-05
-2.37591e-07
-1.30597e-05
-8.93605e-07
-1.3912e-05
-1.34225e-06
-1.47338e-05
-1.46649e-06
-1.54373e-05
-1.16553e-06
-1.59086e-05
-3.92381e-07
-1.60554e-05
8.31657e-07
-1.58262e-05
2.44209e-06
-1.5198e-05
4.37034e-06
-1.41541e-05
6.56015e-06
-1.26666e-05
8.96786e-06
-1.06976e-05
1.15464e-05
-8.21222e-06
1.42308e-05
-5.19687e-06
1.69301e-05
-1.66966e-06
1.95263e-05
2.31532e-06
2.18979e-05
2.3987e-05
6.6427e-06
-2.7542e-06
1.0214e-05
-4.96647e-06
7.01429e-06
-6.75738e-06
5.0635e-06
-8.21255e-06
3.66162e-06
-9.40548e-06
2.52343e-06
-1.04165e-05
1.53407e-06
-1.13212e-05
6.66958e-07
-1.21714e-05
-4.35485e-08
-1.2985e-05
-5.28819e-07
-1.37383e-05
-7.13261e-07
-1.43692e-05
-5.34705e-07
-1.47972e-05
3.54205e-08
-1.495e-05
9.84347e-07
-1.47774e-05
2.26938e-06
-1.42472e-05
3.84003e-06
-1.33345e-05
5.6474e-06
-1.20128e-05
7.64606e-06
-1.02535e-05
9.78697e-06
-8.03326e-06
1.20104e-05
-5.34309e-06
1.42398e-05
-2.19531e-06
1.63784e-05
1.37864e-06
1.83237e-05
2.00721e-05
5.29325e-06
-2.3934e-06
1.26068e-05
-4.33701e-06
8.95748e-06
-5.9359e-06
6.66207e-06
-7.2649e-06
4.99035e-06
-8.38613e-06
3.64445e-06
-9.36037e-06
2.50811e-06
-1.02418e-05
1.54818e-06
-1.1064e-05
7.78485e-07
-1.18335e-05
2.40536e-07
-1.25297e-05
-1.71994e-08
-1.31069e-05
4.23676e-08
-1.35059e-05
4.3432e-07
-1.36698e-05
1.14817e-06
-1.35533e-05
2.15278e-06
-1.31221e-05
3.40865e-06
-1.23486e-05
4.87378e-06
-1.12078e-05
6.50515e-06
-9.67682e-06
8.2559e-06
-7.73867e-06
1.00721e-05
-5.38881e-06
1.18899e-05
-2.64057e-06
1.363e-05
4.75259e-07
1.52078e-05
1.65947e-05
3.95239e-06
-2.03149e-06
1.46378e-05
-3.69296e-06
1.06185e-05
-5.07951e-06
8.04827e-06
-6.25626e-06
6.1668e-06
-7.27436e-06
4.6623e-06
-8.17927e-06
3.41281e-06
-9.00791e-06
2.37662e-06
-9.78219e-06
1.55259e-06
-1.05025e-05
9.6071e-07
-1.11486e-05
6.28678e-07
-1.16842e-05
5.77869e-07
-1.20643e-05
8.14253e-07
-1.2243e-05
1.32678e-06
-1.21808e-05
2.0905e-06
-1.18451e-05
3.07278e-06
-1.12088e-05
4.23731e-06
-1.02487e-05
5.54499e-06
-8.94597e-06
6.95303e-06
-7.28801e-06
8.41405e-06
-5.27135e-06
9.87313e-06
-2.90771e-06
1.12663e-05
-2.20073e-07
1.252e-05
1.35848e-05
2.78962e-06
-1.65815e-06
1.62953e-05
-3.02335e-06
1.19832e-05
-4.18042e-06
9.20495e-06
-5.1849e-06
7.17097e-06
-6.07703e-06
5.55416e-06
-6.88941e-06
4.22496e-06
-7.6461e-06
3.1331e-06
-8.35883e-06
2.26513e-06
-9.02427e-06
1.62598e-06
-9.62331e-06
1.22755e-06
-1.01249e-05
1.07934e-06
-1.04923e-05
1.18146e-06
-1.06877e-05
1.52211e-06
-1.0677e-05
2.07964e-06
-1.04305e-05
2.82619e-06
-9.92339e-06
3.73003e-06
-9.13481e-06
4.75628e-06
-8.04877e-06
5.86686e-06
-6.65499e-06
7.02014e-06
-4.95192e-06
8.16998e-06
-2.94881e-06
9.26308e-06
-6.66576e-07
1.02376e-05
1.10257e-05
1.89221e-06
-1.25937e-06
1.75542e-05
-2.31538e-06
1.30388e-05
-3.23168e-06
1.01209e-05
-4.05087e-06
7.98982e-06
-4.80224e-06
6.30523e-06
-5.50724e-06
4.9297e-06
-6.17948e-06
3.80511e-06
-6.82288e-06
2.90833e-06
-7.43016e-06
2.23306e-06
-7.98285e-06
1.78006e-06
-8.45383e-06
1.55016e-06
-8.81136e-06
1.53884e-06
-9.02323e-06
1.73383e-06
-9.05962e-06
2.11589e-06
-8.89427e-06
2.66071e-06
-8.5048e-06
3.34042e-06
-7.87291e-06
4.12425e-06
-6.98493e-06
4.97875e-06
-5.833e-06
5.86809e-06
-4.41556e-06
6.75245e-06
-2.73746e-06
7.5849e-06
-8.09444e-07
8.3094e-06
8.89963e-06
1.31632e-06
-8.3327e-07
1.83867e-05
-1.56943e-06
1.37744e-05
-2.23785e-06
1.07888e-05
-2.86472e-06
8.61633e-06
-3.4672e-06
6.9074e-06
-4.05639e-06
5.51862e-06
-4.63703e-06
4.38551e-06
-5.20647e-06
3.47754e-06
-5.75391e-06
2.7803e-06
-6.2607e-06
2.28668e-06
-6.70204e-06
1.99132e-06
-7.04981e-06
1.88645e-06
-7.27573e-06
1.9596e-06
-7.35342e-06
2.19344e-06
-7.25951e-06
2.56666e-06
-6.9741e-06
3.05488e-06
-6.48129e-06
3.6313e-06
-5.76962e-06
4.26695e-06
-4.83262e-06
4.93097e-06
-3.67027e-06
5.59001e-06
-2.28909e-06
6.2036e-06
-7.03165e-07
6.72342e-06
7.13608e-06
1.06007e-06
-3.86157e-07
1.87723e-05
-7.97991e-07
1.41857e-05
-1.21892e-06
1.12093e-05
-1.65215e-06
9.04918e-06
-2.10263e-06
7.35755e-06
-2.57202e-06
5.98772e-06
-3.05739e-06
4.87061e-06
-3.55038e-06
3.9703e-06
-4.03691e-06
3.26662e-06
-4.49754e-06
2.74711e-06
-4.90878e-06
2.40239e-06
-5.24511e-06
2.22261e-06
-5.48103e-06
2.19537e-06
-5.5928e-06
2.30507e-06
-5.55942e-06
2.53314e-06
-5.36329e-06
2.8586e-06
-4.99053e-06
3.25841e-06
-4.43154e-06
3.70783e-06
-3.68176e-06
4.18108e-06
-2.74165e-06
4.64983e-06
-1.62027e-06
5.08217e-06
-3.34322e-07
5.43728e-06
5.68011e-06
1.12138e-06
6.38418e-08
1.87077e-05
-3.55275e-08
1.42844e-05
-2.13594e-07
1.13869e-05
-4.54714e-07
9.28991e-06
-7.5285e-07
7.65534e-06
-1.10111e-06
6.33568e-06
-1.48953e-06
5.25876e-06
-1.90464e-06
4.38516e-06
-2.32927e-06
3.69104e-06
-2.74258e-06
3.16021e-06
-3.12199e-06
2.78162e-06
-3.4436e-06
2.54405e-06
-3.68397e-06
2.43559e-06
-3.82141e-06
2.44236e-06
-3.8369e-06
2.54848e-06
-3.71468e-06
2.73624e-06
-3.44267e-06
2.98626e-06
-3.01274e-06
3.27777e-06
-2.4209e-06
3.58913e-06
-1.66888e-06
3.89776e-06
-7.673e-07
4.18049e-06
2.6044e-07
4.4095e-06
4.4839e-06
1.45633e-06
4.69472e-07
1.82377e-05
6.71698e-07
1.40817e-05
7.29326e-07
1.13288e-05
6.75125e-07
9.34371e-06
5.26613e-07
7.80351e-06
2.98983e-07
6.56301e-06
8.48358e-09
5.54899e-06
-3.26825e-07
4.72022e-06
-6.87006e-07
4.05099e-06
-1.05119e-06
3.52418e-06
-1.39585e-06
3.12609e-06
-1.69818e-06
2.84622e-06
-1.93634e-06
2.67358e-06
-2.09027e-06
2.59614e-06
-2.14253e-06
2.6006e-06
-2.07891e-06
2.67249e-06
-1.88859e-06
2.7958e-06
-1.56435e-06
2.95341e-06
-1.10325e-06
3.12793e-06
-5.05865e-07
3.30032e-06
2.23362e-07
3.45123e-06
1.08521e-06
3.54748e-06
3.55889e-06
2.00996e-06
8.0854e-07
1.74283e-05
1.28305e-06
1.36065e-05
1.5617e-06
1.10497e-05
1.68672e-06
9.21827e-06
1.68353e-06
7.80634e-06
1.57407e-06
6.67216e-06
1.38004e-06
5.74274e-06
1.12375e-06
4.97625e-06
8.27969e-07
4.34654e-06
5.16026e-07
3.83592e-06
2.10465e-07
3.43146e-06
-6.64913e-08
3.123e-06
-2.94253e-07
2.90119e-06
-4.54451e-07
2.75619e-06
-5.31142e-07
2.67715e-06
-5.11133e-07
2.65235e-06
-3.84682e-07
2.66923e-06
-1.45567e-07
2.71418e-06
2.09261e-07
2.77301e-06
6.78056e-07
2.8315e-06
1.25711e-06
2.87211e-06
1.93589e-06
2.86868e-06
2.80737e-06
2.68711e-06
1.05965e-06
1.63681e-05
1.76426e-06
1.29014e-05
2.24088e-06
1.05726e-05
2.532e-06
8.92675e-06
2.66673e-06
7.67127e-06
2.67179e-06
6.66679e-06
2.57328e-06
5.84098e-06
2.39683e-06
5.15246e-06
2.16751e-06
4.57564e-06
1.90953e-06
4.0937e-06
1.64592e-06
3.6949e-06
1.39831e-06
3.37045e-06
1.18656e-06
3.11278e-06
1.02828e-06
2.91433e-06
9.38326e-07
2.76697e-06
9.28629e-07
2.66192e-06
1.00817e-06
2.58957e-06
1.18271e-06
2.53953e-06
1.45446e-06
2.50118e-06
1.8234e-06
2.46254e-06
2.28561e-06
2.40989e-06
2.82778e-06
2.32637e-06
2.20197e-06
3.43295e-06
1.21168e-06
1.51556e-05
2.09802e-06
1.20145e-05
2.74333e-06
9.92679e-06
3.18089e-06
8.48881e-06
3.44057e-06
7.41126e-06
3.55214e-06
6.55492e-06
3.54485e-06
5.84801e-06
3.44683e-06
5.25025e-06
3.28474e-06
4.73751e-06
3.08356e-06
4.29468e-06
2.8664e-06
3.91189e-06
2.6544e-06
3.58229e-06
2.46663e-06
3.30041e-06
2.31972e-06
3.06111e-06
2.22766e-06
2.85891e-06
2.20167e-06
2.6878e-06
2.25008e-06
2.54105e-06
2.37821e-06
2.41129e-06
2.58867e-06
2.29065e-06
2.88046e-06
2.17073e-06
3.24869e-06
2.04161e-06
3.68417e-06
1.89088e-06
1.71511e-06
4.17073e-06
1.28259e-06
1.38727e-05
2.29685e-06
1.09997e-05
3.07143e-06
9.15182e-06
3.62722e-06
7.93266e-06
3.99184e-06
7.04634e-06
4.19611e-06
6.35038e-06
4.271e-06
5.77289e-06
4.24609e-06
5.27495e-06
4.14893e-06
4.83447e-06
4.00478e-06
4.43866e-06
3.83649e-06
4.08002e-06
3.66456e-06
3.75407e-06
3.50711e-06
3.45774e-06
3.37979e-06
3.18831e-06
3.29569e-06
2.9429e-06
3.26531e-06
2.71807e-06
3.29648e-06
2.50979e-06
3.39426e-06
2.31342e-06
3.56068e-06
2.12417e-06
3.79495e-06
1.93645e-06
4.09274e-06
1.74381e-06
4.44415e-06
1.53935e-06
1.3186e-06
4.84042e-06
1.29147e-06
1.25804e-05
2.38389e-06
9.9068e-06
3.246e-06
8.28932e-06
3.88597e-06
7.29238e-06
4.32911e-06
6.60293e-06
4.60629e-06
6.07297e-06
4.74902e-06
5.62995e-06
4.78732e-06
5.23647e-06
4.74881e-06
4.87281e-06
4.65842e-06
4.5289e-06
4.53829e-06
4.20002e-06
4.40796e-06
3.88429e-06
4.28443e-06
3.58116e-06
4.18229e-06
3.29036e-06
4.1137e-06
3.0114e-06
4.0884e-06
2.74328e-06
4.11366e-06
2.48445e-06
4.19411e-06
2.23289e-06
4.33185e-06
1.98638e-06
4.52581e-06
1.7425e-06
4.77112e-06
1.49847e-06
5.05928e-06
1.25118e-06
9.9897e-07
5.37865e-06
1.26967e-06
1.13105e-05
2.39422e-06
8.78193e-06
3.2996e-06
7.38364e-06
3.9862e-06
6.60552e-06
4.47706e-06
6.11186e-06
4.80256e-06
5.74728e-06
4.99408e-06
5.43827e-06
5.08132e-06
5.14908e-06
5.09122e-06
4.86277e-06
5.04768e-06
4.57233e-06
4.97159e-06
4.276e-06
4.88113e-06
3.97466e-06
4.79197e-06
3.67024e-06
4.71746e-06
3.36479e-06
4.66875e-06
3.06003e-06
4.65483e-06
2.75714e-06
4.68241e-06
2.4568e-06
4.75582e-06
2.15943e-06
4.87645e-06
1.86571e-06
5.04308e-06
1.57588e-06
5.25109e-06
1.29047e-06
5.49087e-06
1.01132e-06
7.34958e-07
5.75467e-06
1.23314e-06
1.00767e-05
2.35483e-06
7.65989e-06
3.26601e-06
6.47223e-06
3.96297e-06
5.90837e-06
4.46912e-06
5.60556e-06
4.81548e-06
5.40079e-06
5.03349e-06
5.22014e-06
5.15214e-06
5.03032e-06
5.19705e-06
4.81778e-06
5.19039e-06
4.57891e-06
5.15121e-06
4.3151e-06
5.09588e-06
4.02994e-06
5.03839e-06
3.72767e-06
4.99072e-06
3.41241e-06
4.96297e-06
3.08774e-06
4.96338e-06
2.75669e-06
4.99819e-06
2.42195e-06
5.07125e-06
2.08632e-06
5.18387e-06
1.75306e-06
5.33402e-06
1.42577e-06
5.51599e-06
1.1085e-06
5.72099e-06
8.06332e-07
5.16414e-07
5.93932e-06
1.20163e-06
8.87522e-06
2.2953e-06
6.56612e-06
3.17939e-06
5.58802e-06
3.85253e-06
5.23512e-06
4.34158e-06
5.11642e-06
4.68033e-06
5.06196e-06
4.90109e-06
4.99931e-06
5.03202e-06
4.89934e-06
5.09679e-06
4.75296e-06
5.11513e-06
4.56053e-06
5.1036e-06
4.32661e-06
5.0762e-06
4.0573e-06
5.045e-06
3.75885e-06
5.02042e-06
3.43697e-06
5.01148e-06
3.09665e-06
5.02581e-06
2.74233e-06
5.06944e-06
2.3783e-06
5.14617e-06
2.00957e-06
5.25652e-06
1.6427e-06
5.39734e-06
1.28499e-06
5.56244e-06
9.43431e-07
5.74148e-06
6.27248e-07
3.29364e-07
5.92836e-06
1.18082e-06
7.69396e-06
2.23782e-06
5.50897e-06
3.07234e-06
4.75343e-06
3.69068e-06
4.61672e-06
4.13093e-06
4.67612e-06
4.43381e-06
4.75904e-06
4.63384e-06
4.79926e-06
4.75807e-06
4.77508e-06
4.82744e-06
4.68357e-06
4.85835e-06
4.5296e-06
4.86412e-06
4.32084e-06
4.85592e-06
4.06549e-06
4.84351e-06
3.77126e-06
4.83564e-06
3.44483e-06
4.84033e-06
3.09197e-06
4.86488e-06
2.71777e-06
4.91555e-06
2.32762e-06
4.99656e-06
1.92855e-06
5.1083e-06
1.53096e-06
5.24597e-06
1.14738e-06
5.40021e-06
7.89215e-07
5.5605e-06
4.66971e-07
1.71744e-07
5.71795e-06
1.19138e-06
6.50289e-06
2.21588e-06
4.48455e-06
2.98188e-06
3.98744e-06
3.51381e-06
4.08479e-06
3.87315e-06
4.31677e-06
4.11292e-06
4.51926e-06
4.27057e-06
4.6416e-06
4.37109e-06
4.67456e-06
4.43129e-06
4.62337e-06
4.46316e-06
4.49774e-06
4.47596e-06
4.30805e-06
4.47752e-06
4.06394e-06
4.475e-06
3.77379e-06
4.47535e-06
3.4445e-06
4.48561e-06
3.08171e-06
4.51317e-06
2.69022e-06
4.56544e-06
2.27535e-06
4.6484e-06
1.84559e-06
4.76248e-06
1.4169e-06
4.89997e-06
1.00994e-06
5.04787e-06
6.41348e-07
5.1929e-06
3.21938e-07
3.67486e-08
5.32776e-06
1.25377e-06
5.24885e-06
2.26487e-06
3.47345e-06
2.9467e-06
3.30566e-06
3.35685e-06
3.67466e-06
3.60228e-06
4.07135e-06
3.75419e-06
4.36737e-06
3.85192e-06
4.5439e-06
3.91572e-06
4.61078e-06
3.95621e-06
4.58291e-06
3.97959e-06
4.47439e-06
3.99036e-06
4.29731e-06
3.99257e-06
4.06176e-06
3.99048e-06
3.77589e-06
3.98903e-06
3.44598e-06
3.99425e-06
3.07651e-06
4.01388e-06
2.6706e-06
4.05767e-06
2.23158e-06
4.13553e-06
1.76773e-06
4.25074e-06
1.3017e-06
4.39128e-06
8.69459e-07
4.53429e-06
4.98374e-07
4.66515e-06
1.911e-07
-7.25535e-08
4.77435e-06
1.39153e-06
3.8579e-06
2.41244e-06
2.4528e-06
2.99569e-06
2.72246e-06
3.24473e-06
3.42564e-06
3.34466e-06
3.97139e-06
3.3912e-06
4.3208e-06
3.41964e-06
4.51544e-06
3.44062e-06
4.5898e-06
3.45597e-06
4.56756e-06
3.46504e-06
4.46532e-06
3.46715e-06
4.2952e-06
3.46242e-06
4.06649e-06
3.45204e-06
3.78628e-06
3.4385e-06
3.45951e-06
3.42622e-06
3.08879e-06
3.42296e-06
2.67387e-06
3.44183e-06
2.2127e-06
3.50134e-06
1.70821e-06
3.61263e-06
1.19043e-06
3.75658e-06
7.25549e-07
3.89306e-06
3.61918e-07
4.00552e-06
7.86555e-08
-1.53731e-07
4.08661e-06
1.4625e-06
2.39589e-06
2.55168e-06
1.36394e-06
3.13113e-06
2.14322e-06
3.1756e-06
3.38124e-06
3.11057e-06
4.03644e-06
3.05234e-06
4.37904e-06
3.01658e-06
4.55121e-06
2.99859e-06
4.60779e-06
2.99005e-06
4.57612e-06
2.98361e-06
4.47177e-06
2.97397e-06
4.30485e-06
2.95769e-06
4.08279e-06
2.93285e-06
3.81114e-06
2.89893e-06
3.49345e-06
2.85739e-06
3.13034e-06
2.81394e-06
2.71733e-06
2.78325e-06
2.24339e-06
2.7956e-06
1.69588e-06
2.88242e-06
1.10362e-06
3.03627e-06
5.71741e-07
3.15281e-06
2.45409e-07
3.23678e-06
-5.30578e-09
-1.98342e-07
3.28131e-06
1.81858e-06
5.77875e-07
2.76723e-06
4.15718e-07
3.38783e-06
1.52289e-06
3.09056e-06
3.67872e-06
2.88407e-06
4.24309e-06
2.75838e-06
4.50485e-06
2.6849e-06
4.62479e-06
2.64354e-06
4.64926e-06
2.61917e-06
4.60059e-06
2.60076e-06
4.49027e-06
2.58037e-06
4.32532e-06
2.5522e-06
4.11104e-06
2.51175e-06
3.85166e-06
2.4553e-06
3.54997e-06
2.37996e-06
3.20573e-06
2.28527e-06
2.81208e-06
2.17922e-06
2.34948e-06
2.08951e-06
1.78563e-06
2.10533e-06
1.08785e-06
2.23315e-06
4.43975e-07
2.29156e-06
1.87018e-07
2.32357e-06
-3.73047e-08
-2.02599e-07
2.32777e-06
6.29889e-07
1.58566e-06
2.4669e-06
2.6336e-06
2.60072e-06
2.52814e-06
2.46918e-06
2.42937e-06
2.40222e-06
2.37954e-06
2.35399e-06
2.31929e-06
2.26979e-06
2.19996e-06
2.10403e-06
1.9759e-06
1.80985e-06
1.59744e-06
1.34473e-06
1.18465e-06
1.09174e-06
1.06699e-06
1.06622e-06
3.64686e-06
-3.77676e-06
8.63202e-06
-4.98516e-06
1.48594e-05
-6.22733e-06
-6.67989e-06
2.15393e-05
2.75441e-06
-2.81698e-06
8.95779e-07
-3.12651e-06
-2.31039e-06
-3.02116e-06
-2.48855e-06
-6.50172e-06
-9.14968e-06
3.95551e-07
-1.27795e-05
5.03345e-07
-1.65389e-05
7.38185e-07
1.14397e-06
-2.01714e-05
-1.8401e-05
3.92946e-06
-2.19516e-05
4.05402e-06
-2.52722e-05
4.05871e-06
3.94016e-06
-2.80683e-05
-2.42757e-05
7.8458e-06
-2.79992e-05
7.77754e-06
-3.13452e-05
7.40467e-06
6.75343e-06
-3.41585e-05
-3.02812e-05
1.19314e-05
-3.39419e-05
1.14382e-05
-3.70798e-05
1.05426e-05
9.4523e-06
-3.97786e-05
-3.68051e-05
1.7054e-05
-4.07151e-05
1.53481e-05
-4.32255e-05
1.30529e-05
1.16315e-05
-4.54047e-05
-3.8608e-05
2.08426e-05
-4.21659e-05
1.89056e-05
-4.58594e-05
1.67461e-05
1.50756e-05
-4.93038e-05
-3.27852e-05
2.02315e-05
-3.1883e-05
1.80033e-05
-3.32362e-05
1.80991e-05
1.88607e-05
-3.70214e-05
-2.17203e-05
2.1317e-05
-2.37269e-05
2.00104e-05
-2.60372e-05
2.04099e-05
2.2351e-05
-2.95272e-05
-8.72984e-06
2.29497e-05
-1.09818e-05
2.22627e-05
-1.27906e-05
2.22191e-05
2.2948e-05
-1.33871e-05
6.82882e-07
2.31502e-05
-1.89807e-08
2.29645e-05
-5.67943e-07
2.27683e-05
2.27522e-05
-3.71984e-07
6.37849e-06
2.22486e-05
6.98111e-06
2.2362e-05
7.51044e-06
2.22389e-05
2.19522e-05
8.31053e-06
9.50415e-06
2.05843e-05
1.10073e-05
2.08587e-05
1.24026e-05
2.08435e-05
2.05625e-05
1.37922e-05
1.08082e-05
1.85016e-05
1.28298e-05
1.8837e-05
1.47583e-05
1.89149e-05
1.87171e-05
1.66036e-05
1.08518e-05
1.62575e-05
1.30854e-05
1.66033e-05
1.52591e-05
1.67411e-05
1.66324e-05
1.73438e-05
1.00522e-05
1.40305e-05
1.22968e-05
1.43586e-05
1.4509e-05
1.45289e-05
1.44895e-05
1.66518e-05
8.74465e-06
1.19284e-05
1.08765e-05
1.22268e-05
1.29939e-05
1.24114e-05
1.24161e-05
1.50673e-05
7.20823e-06
1.00133e-05
9.15772e-06
1.02772e-05
1.1109e-05
1.04602e-05
1.0489e-05
1.3036e-05
5.65614e-06
8.30946e-06
7.39286e-06
8.54055e-06
9.13592e-06
8.71713e-06
8.75507e-06
1.087e-05
4.26941e-06
6.82959e-06
5.78011e-06
7.02972e-06
7.30504e-06
7.19232e-06
7.23063e-06
8.82954e-06
3.15328e-06
5.56842e-06
4.44401e-06
5.73908e-06
5.74828e-06
5.88804e-06
5.92047e-06
7.05857e-06
2.37321e-06
4.51143e-06
3.45811e-06
4.65405e-06
4.5607e-06
4.78557e-06
4.81028e-06
5.67099e-06
1.9391e-06
3.63231e-06
2.84279e-06
3.75046e-06
3.75976e-06
3.86862e-06
3.88449e-06
4.68572e-06
1.84582e-06
2.9078e-06
2.59012e-06
3.00607e-06
3.34926e-06
3.10965e-06
3.11777e-06
4.11611e-06
2.04767e-06
2.31639e-06
2.65591e-06
2.39796e-06
3.27492e-06
2.4907e-06
2.49077e-06
3.9021e-06
2.48525e-06
1.84102e-06
2.97763e-06
1.90551e-06
3.48371e-06
1.98479e-06
1.97794e-06
3.9967e-06
3.07167e-06
1.45641e-06
3.47226e-06
1.50505e-06
3.88185e-06
1.57528e-06
1.56178e-06
4.29821e-06
3.74406e-06
1.14525e-06
4.06861e-06
1.18048e-06
4.40379e-06
1.2403e-06
1.22176e-06
4.74398e-06
4.42313e-06
8.92806e-07
4.68693e-06
9.168e-07
4.957e-06
9.70337e-07
9.46872e-07
5.23209e-06
5.04505e-06
6.88123e-07
5.25875e-06
7.0308e-07
5.4807e-06
7.48559e-07
7.21717e-07
5.70603e-06
5.54674e-06
5.20003e-07
5.72267e-06
5.2724e-07
5.90277e-06
5.68586e-07
5.38916e-07
6.08576e-06
5.89358e-06
3.81063e-07
6.03907e-06
3.81762e-07
6.19035e-06
4.17473e-07
3.86857e-07
6.34258e-06
6.0564e-06
2.63972e-07
6.17918e-06
2.59056e-07
6.30405e-06
2.92739e-07
2.6219e-07
6.42889e-06
6.02759e-06
1.64719e-07
6.1311e-06
1.55593e-07
6.2381e-06
1.85862e-07
1.5748e-07
6.34298e-06
5.80279e-06
7.98815e-08
5.89077e-06
6.76379e-08
5.97882e-06
9.79461e-08
7.28421e-08
6.0636e-06
5.39797e-06
9.65754e-09
5.46962e-06
-3.94424e-09
5.54216e-06
2.55003e-08
5.16511e-09
5.60998e-06
4.82855e-06
-4.45315e-08
4.882e-06
-5.73934e-08
4.93318e-06
-2.55524e-08
-4.06613e-08
4.97912e-06
4.12032e-06
-7.8237e-08
4.15009e-06
-8.70628e-08
4.17706e-06
-5.24691e-08
-6.14404e-08
4.19795e-06
3.28975e-06
-8.66724e-08
3.29183e-06
-8.92031e-08
3.28463e-06
-4.51714e-08
-4.29312e-08
3.26618e-06
2.32766e-06
-8.65786e-08
2.31198e-06
-7.34484e-08
2.27607e-06
-9.23712e-09
2.43635e-08
2.2088e-06
1.07785e-06
1.08066e-06
1.07853e-06
1.07482e-06
6.15442e-06
-1.15951e-05
-2.90389e-06
5.14961e-06
-8.38642e-06
-6.57536e-06
-9.79075e-06
-5.50251e-06
-8.2941e-06
4.44406e-06
-7.51208e-06
-4.63392e-07
-6.90427e-06
-9.23295e-06
-6.0652e-06
-1.16091e-05
-3.27679e-06
-6.66152e-06
-1.02025e-07
-7.24494e-06
2.89174e-06
-8.32555e-06
5.71387e-06
-8.01983e-06
8.91172e-06
-5.71681e-06
1.23792e-05
-1.95433e-06
1.53189e-05
1.86033e-06
1.77793e-05
6.51182e-06
1.6657e-05
1.51856e-05
8.56522e-06
2.9135e-05
4.21543e-05
-1.67882e-05
-1.30864e-06
-1.59711e-05
4.33248e-06
-1.86651e-05
-3.88136e-06
-1.98621e-05
-4.30552e-06
-1.66602e-05
1.24215e-06
-1.60721e-05
-1.05147e-06
-1.70842e-05
-8.2209e-06
-1.69109e-05
-1.17824e-05
-1.32899e-05
-1.02826e-05
-9.3052e-06
-1.12296e-05
-5.5154e-06
-1.21153e-05
-2.01281e-06
-1.15224e-05
1.46404e-06
-9.19366e-06
4.56435e-06
-5.05464e-06
6.72438e-06
-2.99702e-07
7.88838e-06
5.34781e-06
6.06997e-06
1.7004e-05
1.40527e-06
3.37997e-05
4.35595e-05
-2.56145e-05
4.13443e-06
-2.516e-05
3.87804e-06
-2.79308e-05
-1.11057e-06
-2.95499e-05
-2.68641e-06
-2.76231e-05
-6.84671e-07
-2.55102e-05
-3.1643e-06
-2.54809e-05
-8.25022e-06
-2.508e-05
-1.21832e-05
-2.16676e-05
-1.3695e-05
-1.79234e-05
-1.49738e-05
-1.45347e-05
-1.5504e-05
-1.16419e-05
-1.44152e-05
-9.03458e-06
-1.1801e-05
-6.76025e-06
-7.32896e-06
-5.3785e-06
-1.68146e-06
-5.5891e-06
5.55841e-06
-5.92034e-06
1.73352e-05
-3.81764e-06
3.1697e-05
3.97419e-05
-3.22948e-05
8.36088e-06
-3.411e-05
5.6933e-06
-3.67438e-05
1.52319e-06
-3.85497e-05
-8.80469e-07
-3.73238e-05
-1.91058e-06
-3.55341e-05
-4.95403e-06
-3.42188e-05
-9.56547e-06
-3.30811e-05
-1.3321e-05
-3.07648e-05
-1.60113e-05
-2.81138e-05
-1.76248e-05
-2.5686e-05
-1.79318e-05
-2.36409e-05
-1.64604e-05
-2.18367e-05
-1.36052e-05
-1.98786e-05
-9.28711e-06
-1.79608e-05
-3.59924e-06
-1.62258e-05
3.82339e-06
-1.28828e-05
1.39922e-05
-6.76955e-06
2.55837e-05
3.29723e-05
-3.88541e-05
1.30566e-05
-4.18104e-05
8.64966e-06
-4.44667e-05
4.17946e-06
-4.60247e-05
6.77559e-07
-4.57207e-05
-2.21458e-06
-4.47055e-05
-5.96926e-06
-4.37893e-05
-1.04816e-05
-4.25736e-05
-1.45367e-05
-4.11285e-05
-1.74564e-05
-3.93427e-05
-1.94106e-05
-3.74076e-05
-1.98669e-05
-3.52359e-05
-1.86321e-05
-3.2811e-05
-1.603e-05
-3.0027e-05
-1.20711e-05
-2.68014e-05
-6.82492e-06
-2.28498e-05
-1.28214e-07
-1.71195e-05
8.26198e-06
-8.89984e-06
1.7364e-05
2.40725e-05
-4.49314e-05
1.82094e-05
-4.84036e-05
1.21219e-05
-5.10368e-05
6.81261e-06
-5.26197e-05
2.26049e-06
-5.28912e-05
-1.94306e-06
-5.25199e-05
-6.34056e-06
-5.19184e-05
-1.10831e-05
-5.10247e-05
-1.54304e-05
-4.97031e-05
-1.8778e-05
-4.80809e-05
-2.10327e-05
-4.60946e-05
-2.18533e-05
-4.35899e-05
-2.11368e-05
-4.05628e-05
-1.90571e-05
-3.69146e-05
-1.57194e-05
-3.24994e-05
-1.12401e-05
-2.69364e-05
-5.69129e-06
-1.95413e-05
8.66907e-07
-1.00668e-05
7.88948e-06
1.40057e-05
-5.06447e-05
2.34492e-05
-5.40231e-05
1.55002e-05
-5.65731e-05
9.36264e-06
-5.81642e-05
3.85159e-06
-5.87028e-05
-1.40443e-06
-5.87663e-05
-6.27704e-06
-5.83647e-05
-1.14847e-05
-5.74735e-05
-1.63217e-05
-5.623e-05
-2.00215e-05
-5.45557e-05
-2.2707e-05
-5.23056e-05
-2.41034e-05
-4.93879e-05
-2.40545e-05
-4.5749e-05
-2.2696e-05
-4.13321e-05
-2.01362e-05
-3.60056e-05
-1.65667e-05
-2.94622e-05
-1.22347e-05
-2.11291e-05
-7.46622e-06
-1.09126e-05
-2.32702e-06
3.09306e-06
-5.44891e-05
2.86344e-05
-5.77196e-05
1.87306e-05
-6.04681e-05
1.2111e-05
-6.222e-05
5.60344e-06
-6.28146e-05
-8.09956e-07
-6.32751e-05
-5.8165e-06
-6.31238e-05
-1.1636e-05
-6.22017e-05
-1.72437e-05
-6.09462e-05
-2.1277e-05
-5.91116e-05
-2.45416e-05
-5.65594e-05
-2.66557e-05
-5.32233e-05
-2.73907e-05
-4.90306e-05
-2.68887e-05
-4.39869e-05
-2.518e-05
-3.80268e-05
-2.25268e-05
-3.09514e-05
-1.93102e-05
-2.2414e-05
-1.60036e-05
-1.19366e-05
-1.28044e-05
-8.84358e-06
-5.24882e-05
4.41006e-05
-5.848e-05
2.4722e-05
-6.19488e-05
1.55797e-05
-6.36154e-05
7.26994e-06
-6.43153e-05
-1.10098e-07
-6.57107e-05
-4.42111e-06
-6.59017e-05
-1.14452e-05
-6.49039e-05
-1.82416e-05
-6.37953e-05
-2.23855e-05
-6.19138e-05
-2.64231e-05
-5.91128e-05
-2.94567e-05
-5.54508e-05
-3.10527e-05
-5.08316e-05
-3.15079e-05
-4.53043e-05
-3.07073e-05
-3.89005e-05
-2.89306e-05
-3.1535e-05
-2.66756e-05
-2.29537e-05
-2.45849e-05
-1.26244e-05
-2.31338e-05
-2.14679e-05
-3.80767e-05
5.26503e-05
-4.71854e-05
3.38305e-05
-5.44091e-05
2.2803e-05
-5.9666e-05
1.25265e-05
-6.31858e-05
3.4094e-06
-6.69213e-05
-6.85687e-07
-6.63116e-05
-1.20549e-05
-6.51323e-05
-1.94208e-05
-6.48754e-05
-2.26425e-05
-6.29398e-05
-2.83587e-05
-6.00595e-05
-3.23369e-05
-5.6327e-05
-3.47851e-05
-5.14057e-05
-3.64291e-05
-4.55339e-05
-3.65791e-05
-3.8748e-05
-3.57165e-05
-3.09089e-05
-3.45147e-05
-2.17938e-05
-3.36999e-05
-1.21345e-05
-3.2793e-05
-3.36023e-05
-1.4041e-05
5.3305e-05
-2.0297e-05
4.0087e-05
-2.93368e-05
3.18428e-05
-4.11795e-05
2.43692e-05
-5.17946e-05
1.40244e-05
-5.6766e-05
4.2854e-06
-6.01884e-05
-8.63278e-06
-6.26344e-05
-1.69751e-05
-6.62323e-05
-1.90446e-05
-6.25485e-05
-3.20425e-05
-5.93548e-05
-3.55306e-05
-5.54799e-05
-3.866e-05
-5.06679e-05
-4.12409e-05
-4.49429e-05
-4.23039e-05
-3.84211e-05
-4.2238e-05
-3.07805e-05
-4.21549e-05
-2.13105e-05
-4.31696e-05
-1.19167e-05
-4.21865e-05
-4.55189e-05
-1.31136e-07
5.30645e-05
-3.24158e-06
4.3198e-05
-7.88187e-06
3.64834e-05
-1.26364e-05
2.9124e-05
-1.76727e-05
1.90607e-05
-2.34798e-05
1.00923e-05
-3.25426e-05
4.29707e-07
-4.3049e-05
-6.46904e-06
-5.01078e-05
-1.19861e-05
-5.72359e-05
-2.49144e-05
-5.73724e-05
-3.5394e-05
-5.40321e-05
-4.19993e-05
-5.00181e-05
-4.52539e-05
-4.47702e-05
-4.75507e-05
-3.84209e-05
-4.85861e-05
-3.11934e-05
-4.93816e-05
-2.29348e-05
-5.14269e-05
-1.40178e-05
-5.11028e-05
-5.95371e-05
1.08334e-05
5.05418e-05
1.01241e-05
4.39073e-05
8.5828e-06
3.80246e-05
6.3922e-06
3.13145e-05
2.65006e-06
2.28028e-05
-1.80977e-06
1.45521e-05
-7.41188e-06
6.03167e-06
-1.20552e-05
-1.82597e-06
-1.36039e-05
-1.04379e-05
-1.63671e-05
-2.21516e-05
-2.16686e-05
-3.00929e-05
-3.03946e-05
-3.32735e-05
-3.80998e-05
-3.75482e-05
-4.03113e-05
-4.53385e-05
-3.66783e-05
-5.22184e-05
-3.14946e-05
-5.45648e-05
-2.65037e-05
-5.6418e-05
-1.98332e-05
-5.77743e-05
-7.93706e-05
1.72686e-05
4.70653e-05
1.88191e-05
4.23566e-05
1.93524e-05
3.74911e-05
1.88786e-05
3.17882e-05
1.68666e-05
2.48146e-05
1.38727e-05
1.75459e-05
1.01259e-05
9.77824e-06
7.67547e-06
6.24303e-07
6.98714e-06
-9.74973e-06
4.43874e-06
-1.96036e-05
1.3224e-07
-2.5787e-05
-7.42277e-06
-2.57199e-05
-1.3258e-05
-3.17143e-05
-1.32537e-05
-4.53442e-05
-1.11331e-05
-5.43404e-05
-7.15912e-06
-5.85399e-05
-4.9102e-06
-5.86688e-05
5.58853e-07
-6.32445e-05
-7.88124e-05
2.0828e-05
4.28409e-05
2.3668e-05
3.95164e-05
2.55014e-05
3.56574e-05
2.63274e-05
3.09619e-05
2.5894e-05
2.52477e-05
2.44927e-05
1.8947e-05
2.24589e-05
1.18119e-05
2.06015e-05
2.48166e-06
1.87838e-05
-7.93205e-06
1.55125e-05
-1.63325e-05
1.06153e-05
-2.089e-05
8.08263e-06
-2.31877e-05
5.80945e-06
-2.94422e-05
5.48322e-06
-4.5019e-05
5.70963e-06
-5.45678e-05
5.18855e-06
-5.80198e-05
5.65052e-06
-5.91312e-05
6.50171e-06
-6.40965e-05
-7.23106e-05
2.19995e-05
3.81851e-05
2.56236e-05
3.5892e-05
2.83658e-05
3.2915e-05
3.0239e-05
2.90885e-05
3.11456e-05
2.4341e-05
3.12852e-05
1.88072e-05
3.08914e-05
1.22057e-05
2.94832e-05
3.88987e-06
2.73273e-05
-5.77608e-06
2.42022e-05
-1.32074e-05
2.08159e-05
-1.75037e-05
1.90379e-05
-2.14098e-05
1.8784e-05
-2.91885e-05
1.61584e-05
-4.23936e-05
1.31985e-05
-5.16081e-05
1.03301e-05
-5.51516e-05
8.74963e-06
-5.75509e-05
6.39469e-06
-6.17413e-05
-6.5916e-05
2.14479e-05
3.3389e-05
2.54782e-05
3.18615e-05
2.87946e-05
2.95985e-05
3.14108e-05
2.64722e-05
3.32951e-05
2.24566e-05
3.45515e-05
1.75507e-05
3.51886e-05
1.15685e-05
3.48386e-05
4.23999e-06
3.28422e-05
-3.77969e-06
3.01418e-05
-1.05069e-05
2.80954e-05
-1.54573e-05
2.72819e-05
-2.05962e-05
2.63571e-05
-2.82637e-05
2.25228e-05
-3.85594e-05
1.76151e-05
-4.67003e-05
1.36527e-05
-5.1189e-05
1.03223e-05
-5.42203e-05
6.14437e-06
-5.75634e-05
-5.97713e-05
1.97688e-05
2.86876e-05
2.391e-05
2.77202e-05
2.75001e-05
2.60083e-05
3.0536e-05
2.34361e-05
3.29915e-05
2.00011e-05
3.4861e-05
1.56812e-05
3.60362e-05
1.03934e-05
3.61628e-05
4.11336e-06
3.501e-05
-2.62682e-06
3.32295e-05
-8.72632e-06
3.17898e-05
-1.40175e-05
3.07998e-05
-1.9606e-05
2.91527e-05
-2.66166e-05
2.55052e-05
-3.49117e-05
2.0686e-05
-4.1881e-05
1.60369e-05
-4.65398e-05
1.15625e-05
-4.97459e-05
6.40157e-06
-5.24019e-05
-5.33696e-05
1.74571e-05
2.42667e-05
2.14865e-05
2.36907e-05
2.5101e-05
2.23937e-05
2.82775e-05
2.02596e-05
3.09687e-05
1.73098e-05
3.3111e-05
1.35389e-05
3.45696e-05
8.93483e-06
3.50999e-05
3.58311e-06
3.46259e-05
-2.15272e-06
3.35704e-05
-7.67074e-06
3.24544e-05
-1.29015e-05
3.12533e-05
-1.84048e-05
2.93249e-05
-2.4688e-05
2.58797e-05
-3.14664e-05
2.14128e-05
-3.7414e-05
1.66649e-05
-4.17918e-05
1.17514e-05
-4.48321e-05
6.23748e-06
-4.68878e-05
-4.71319e-05
1.49023e-05
2.02345e-05
1.86637e-05
1.99292e-05
2.21194e-05
1.8938e-05
2.52278e-05
1.71511e-05
2.79243e-05
1.46133e-05
3.01211e-05
1.1342e-05
3.16905e-05
7.36553e-06
3.24859e-05
2.78779e-06
3.24702e-05
-2.13696e-06
3.18768e-05
-7.07735e-06
3.09651e-05
-1.19896e-05
2.96761e-05
-1.71157e-05
2.76244e-05
-2.26362e-05
2.44485e-05
-2.82904e-05
2.03474e-05
-3.33127e-05
1.57476e-05
-3.71918e-05
1.08076e-05
-3.98921e-05
5.4565e-06
-4.15363e-05
-4.16752e-05
1.24007e-05
1.66635e-05
1.57976e-05
1.65324e-05
1.8972e-05
1.57635e-05
2.18718e-05
1.42513e-05
2.44237e-05
1.20614e-05
2.65358e-05
9.22998e-06
2.80986e-05
5.80283e-06
2.90104e-05
1.87598e-06
2.92497e-05
-2.3761e-06
2.89277e-05
-6.75529e-06
2.8153e-05
-1.12149e-05
2.68657e-05
-1.58283e-05
2.48443e-05
-2.06148e-05
2.19012e-05
-2.53472e-05
1.81481e-05
-2.95595e-05
1.3849e-05
-3.28926e-05
9.19865e-06
-3.52414e-05
4.36359e-06
-3.67011e-05
-3.73115e-05
1.01594e-05
1.35628e-05
1.31449e-05
1.3547e-05
1.59704e-05
1.2938e-05
1.85794e-05
1.16425e-05
2.08973e-05
9.74351e-06
2.28372e-05
7.29009e-06
2.43067e-05
4.33341e-06
2.52289e-05
9.53852e-07
2.55775e-05
-2.7246e-06
2.53938e-05
-6.57144e-06
2.47098e-05
-1.05308e-05
2.3472e-05
-1.45904e-05
2.15531e-05
-1.86957e-05
1.88641e-05
-2.2658e-05
1.54797e-05
-2.6175e-05
1.15904e-05
-2.90031e-05
7.41806e-06
-3.10691e-05
3.28063e-06
-3.25634e-05
-3.40306e-05
8.30666e-06
1.09274e-05
1.08734e-05
1.09803e-05
1.33261e-05
1.04853e-05
1.56083e-05
9.36028e-06
1.76492e-05
7.70272e-06
1.93701e-05
5.56925e-06
2.06929e-05
3.01064e-06
2.15543e-05
9.2577e-08
2.1921e-05
-3.09114e-06
2.1796e-05
-6.44637e-06
2.11754e-05
-9.91005e-06
2.00156e-05
-1.34304e-05
1.82457e-05
-1.69258e-05
1.5831e-05
-2.02432e-05
1.28379e-05
-2.31817e-05
9.42696e-06
-2.5592e-05
5.8344e-06
-2.74763e-05
2.43753e-06
-2.91663e-05
-3.1593e-05
6.89854e-06
8.71479e-06
9.06992e-06
8.80907e-06
1.11594e-05
8.39585e-06
1.31135e-05
7.40628e-06
1.48679e-05
5.94832e-06
1.63541e-05
4.08317e-06
1.75058e-05
1.85903e-06
1.8268e-05
-6.69435e-07
1.8603e-05
-3.42608e-06
1.84954e-05
-6.33864e-06
1.79265e-05
-9.341e-06
1.68636e-05
-1.23674e-05
1.52707e-05
-1.53327e-05
1.31451e-05
-1.81174e-05
1.05545e-05
-2.0591e-05
7.64321e-06
-2.26805e-05
4.63766e-06
-2.44706e-05
1.89131e-06
-2.64197e-05
-2.97015e-05
5.9454e-06
6.88578e-06
7.75887e-06
6.99573e-06
9.51346e-06
6.64134e-06
1.11599e-05
5.75996e-06
1.26415e-05
4.46674e-06
1.38994e-05
2.82543e-06
1.48774e-05
8.81077e-07
1.55267e-05
-1.31857e-06
1.58095e-05
-3.70879e-06
1.57021e-05
-6.23109e-06
1.51825e-05
-8.82126e-06
1.42284e-05
-1.14131e-05
1.28252e-05
-1.39294e-05
1.09887e-05
-1.62807e-05
8.78597e-06
-1.8388e-05
6.34484e-06
-2.02392e-05
3.86152e-06
-2.1987e-05
1.6201e-06
-2.4178e-05
-2.80813e-05
5.40944e-06
5.3787e-06
6.91021e-06
5.49511e-06
8.36882e-06
5.18282e-06
9.74045e-06
4.38842e-06
1.0976e-05
3.23126e-06
1.20255e-05
1.77607e-06
1.28416e-05
6.51498e-08
1.338e-05
-1.85687e-06
1.36065e-05
-3.93509e-06
1.34947e-05
-6.11914e-06
1.30246e-05
-8.35103e-06
1.21822e-05
-1.05705e-05
1.09655e-05
-1.27126e-05
9.39836e-06
-1.47133e-05
7.54252e-06
-1.6532e-05
5.50262e-06
-1.81991e-05
3.42868e-06
-1.99129e-05
1.51699e-06
-2.22661e-05
-2.6564e-05
5.22428e-06
4.15141e-06
6.45805e-06
4.26152e-06
7.66213e-06
3.97885e-06
8.79615e-06
3.25452e-06
9.8178e-06
2.20973e-06
1.06851e-05
9.089e-07
1.13575e-05
-6.07141e-07
1.1795e-05
-2.29421e-06
1.19677e-05
-4.10758e-06
1.1851e-05
-6.00232e-06
1.14282e-05
-7.92808e-06
1.06907e-05
-9.83277e-06
9.6425e-06
-1.16642e-05
8.30804e-06
-1.33787e-05
6.73778e-06
-1.49615e-05
5.01048e-06
-1.64716e-05
3.23113e-06
-1.81333e-05
1.52467e-06
-2.05593e-05
-2.50393e-05
5.30123e-06
3.14869e-06
6.31326e-06
3.24966e-06
7.30344e-06
2.9888e-06
8.2362e-06
2.32188e-06
9.0759e-06
1.37015e-06
9.7874e-06
1.97543e-07
1.03347e-05
-1.15427e-06
1.06832e-05
-2.64262e-06
1.0807e-05
-4.2312e-06
1.06849e-05
-5.87999e-06
1.03028e-05
-7.54587e-06
9.65519e-06
-9.18494e-06
8.74729e-06
-1.07562e-05
7.59936e-06
-1.22305e-05
6.24897e-06
-1.3611e-05
4.74908e-06
-1.49715e-05
3.16367e-06
-1.65477e-05
1.55998e-06
-1.89555e-05
-2.3479e-05
5.55449e-06
2.3385e-06
6.38109e-06
2.42324e-06
7.19207e-06
2.17795e-06
7.95601e-06
1.55806e-06
8.64264e-06
6.83661e-07
9.22182e-06
-3.81491e-07
9.66057e-06
-1.59287e-06
9.93099e-06
-2.91288e-06
1.00103e-05
-4.31031e-06
9.88031e-06
-5.74987e-06
9.52917e-06
-7.19456e-06
8.95201e-06
-8.60758e-06
8.15272e-06
-9.95669e-06
7.14551e-06
-1.12232e-05
5.95443e-06
-1.24197e-05
4.61167e-06
-1.36286e-05
3.15312e-06
-1.5089e-05
1.6129e-06
-1.74148e-05
-2.18661e-05
5.89284e-06
1.67805e-06
6.56593e-06
1.75035e-06
7.22795e-06
1.51607e-06
7.85107e-06
9.35079e-07
8.40908e-06
1.25793e-07
8.87499e-06
-8.47253e-07
9.21971e-06
-1.93743e-06
9.42108e-06
-3.11408e-06
9.45908e-06
-4.34815e-06
9.31796e-06
-5.60857e-06
8.98682e-06
-6.86325e-06
8.46052e-06
-8.0811e-06
7.74034e-06
-9.23634e-06
6.83424e-06
-1.03169e-05
5.75594e-06
-1.13412e-05
4.52131e-06
-1.23937e-05
3.14458e-06
-1.3712e-05
1.63429e-06
-1.59045e-05
-2.02315e-05
6.23626e-06
1.14814e-06
6.78267e-06
1.20415e-06
7.32088e-06
9.78006e-07
7.82622e-06
4.29875e-07
8.27557e-06
-3.23409e-07
8.64344e-06
-1.21498e-06
8.90708e-06
-2.20092e-06
9.04729e-06
-3.25413e-06
9.04672e-06
-4.34743e-06
8.89121e-06
-5.4529e-06
8.57036e-06
-6.54225e-06
8.07817e-06
-7.58876e-06
7.41331e-06
-8.57131e-06
6.57866e-06
-9.48204e-06
5.57951e-06
-1.03418e-05
4.42178e-06
-1.12359e-05
3.10911e-06
-1.23992e-05
1.64175e-06
-1.44367e-05
-1.85898e-05
6.51719e-06
7.17012e-07
6.95941e-06
7.62135e-07
7.39495e-06
5.42609e-07
7.80148e-06
2.34872e-08
8.15795e-06
-6.79747e-07
8.44185e-06
-1.49874e-06
8.63544e-06
-2.39436e-06
8.72174e-06
-3.3403e-06
8.68546e-06
-4.31101e-06
8.51356e-06
-5.28086e-06
8.19588e-06
-6.22442e-06
7.72554e-06
-7.11827e-06
7.09899e-06
-7.94462e-06
6.31547e-06
-8.69837e-06
5.37587e-06
-9.40212e-06
4.27961e-06
-1.01394e-05
3.02272e-06
-1.11421e-05
1.59725e-06
-1.30113e-05
-1.69923e-05
6.68598e-06
3.73917e-07
7.04172e-06
4.06594e-07
7.39137e-06
1.93106e-07
7.71451e-06
-2.99531e-07
7.9916e-06
-9.56708e-07
8.20424e-06
-1.71125e-06
8.33765e-06
-2.52765e-06
8.37697e-06
-3.3795e-06
8.30845e-06
-4.24236e-06
8.11994e-06
-5.09223e-06
7.80143e-06
-5.90579e-06
7.34538e-06
-6.66211e-06
6.74683e-06
-7.34595e-06
6.00296e-06
-7.95439e-06
5.11162e-06
-8.51065e-06
4.07066e-06
-9.0984e-06
2.8761e-06
-9.94751e-06
1.52429e-06
-1.16591e-05
-1.54681e-05
6.7067e-06
9.63919e-08
6.99043e-06
1.23057e-07
7.26809e-06
-8.44241e-08
7.52083e-06
-5.52147e-07
7.73066e-06
-1.16642e-06
7.88332e-06
-1.8638e-06
7.96574e-06
-2.60997e-06
7.96488e-06
-3.37853e-06
7.8683e-06
-4.14569e-06
7.66469e-06
-4.88853e-06
7.34429e-06
-5.5853e-06
6.89926e-06
-6.21699e-06
6.32388e-06
-6.77049e-06
5.61438e-06
-7.2448e-06
4.76877e-06
-7.66499e-06
3.78475e-06
-8.11428e-06
2.65848e-06
-8.82112e-06
1.38731e-06
-1.03881e-05
-1.40805e-05
6.55896e-06
-1.19332e-07
6.78198e-06
-9.9784e-08
6.99915e-06
-3.01475e-07
7.1924e-06
-7.45293e-07
7.34603e-06
-1.31995e-06
7.44854e-06
-1.96623e-06
7.48839e-06
-2.64974e-06
7.45401e-06
-3.34408e-06
7.33418e-06
-4.02579e-06
7.11838e-06
-4.67267e-06
6.79729e-06
-5.26416e-06
6.36322e-06
-5.78287e-06
5.81044e-06
-6.21766e-06
5.13543e-06
-6.56975e-06
4.33658e-06
-6.86609e-06
3.41516e-06
-7.19289e-06
2.37299e-06
-7.77896e-06
1.21971e-06
-9.23449e-06
-1.2861e-05
6.23304e-06
-2.88527e-07
6.40475e-06
-2.7133e-07
6.57121e-06
-4.67822e-07
6.71452e-06
-8.88504e-07
6.82159e-06
-1.42695e-06
6.88267e-06
-2.02724e-06
6.88768e-06
-2.65469e-06
6.82638e-06
-3.28272e-06
6.68854e-06
-3.88789e-06
6.46444e-06
-4.44853e-06
6.14536e-06
-4.94505e-06
5.72419e-06
-5.36166e-06
5.19588e-06
-5.68932e-06
4.55805e-06
-5.9319e-06
3.81245e-06
-6.12049e-06
2.96473e-06
-6.34512e-06
2.02112e-06
-6.8353e-06
9.96941e-07
-8.21054e-06
-1.18638e-05
5.73055e-06
-4.08888e-07
5.85766e-06
-3.98286e-07
5.98108e-06
-5.91137e-07
6.08234e-06
-9.89692e-07
6.15083e-06
-1.49537e-06
6.17816e-06
-2.05451e-06
6.1557e-06
-2.63217e-06
6.07421e-06
-3.20117e-06
5.92425e-06
-3.7379e-06
5.69669e-06
-4.22093e-06
5.38337e-06
-4.6317e-06
4.97793e-06
-4.95621e-06
4.47669e-06
-5.18806e-06
3.87968e-06
-5.33488e-06
3.19262e-06
-5.43339e-06
2.43153e-06
-5.58407e-06
1.60792e-06
-6.01173e-06
7.44863e-07
-7.34714e-06
-1.11191e-05
5.05727e-06
-4.86849e-07
5.14514e-06
-4.86027e-07
5.23186e-06
-6.77771e-07
5.29737e-06
-1.05514e-06
5.33347e-06
-1.53141e-06
5.33396e-06
-2.05495e-06
5.29138e-06
-2.58955e-06
5.1972e-06
-3.10696e-06
5.04238e-06
-3.58305e-06
4.81801e-06
-3.99653e-06
4.51607e-06
-4.32974e-06
4.13057e-06
-4.5707e-06
3.65877e-06
-4.71625e-06
3.10337e-06
-4.77948e-06
2.47896e-06
-4.80901e-06
1.81746e-06
-4.92252e-06
1.12926e-06
-5.32345e-06
4.26299e-07
-6.64445e-06
-1.06926e-05
4.22198e-06
-5.10741e-07
4.27675e-06
-5.40693e-07
4.33235e-06
-7.33296e-07
4.36495e-06
-1.08768e-06
4.37298e-06
-1.53939e-06
4.35299e-06
-2.03492e-06
4.29832e-06
-2.53485e-06
4.20064e-06
-3.00925e-06
4.051e-06
-3.4334e-06
3.84037e-06
-3.78589e-06
3.56026e-06
-4.04961e-06
3.20387e-06
-4.2143e-06
2.7675e-06
-4.27988e-06
2.25427e-06
-4.26625e-06
1.68918e-06
-4.24389e-06
1.14533e-06
-4.37871e-06
6.23619e-07
-4.80185e-06
1.31594e-07
-6.1521e-06
-1.05612e-05
3.23069e-06
-4.75162e-07
3.27848e-06
-5.88428e-07
3.29858e-06
-7.53371e-07
3.29435e-06
-1.08345e-06
3.27542e-06
-1.52046e-06
3.24137e-06
-2.00089e-06
3.18425e-06
-2.47776e-06
3.09511e-06
-2.92014e-06
2.96513e-06
-3.30346e-06
2.78534e-06
-3.60615e-06
2.5467e-06
-3.81103e-06
2.24068e-06
-3.90835e-06
1.85941e-06
-3.89868e-06
1.39955e-06
-3.80646e-06
8.94281e-07
-3.73872e-06
5.18867e-07
-4.00338e-06
1.65654e-07
-4.44863e-06
-7.24345e-08
-5.91449e-06
-1.06339e-05
2.11057e-06
-3.76924e-07
2.20034e-06
-6.78208e-07
2.17343e-06
-7.26491e-07
2.10437e-06
-1.01444e-06
2.0568e-06
-1.47296e-06
2.01726e-06
-1.96142e-06
1.96989e-06
-2.43047e-06
1.90434e-06
-2.85467e-06
1.81273e-06
-3.21195e-06
1.68757e-06
-3.48108e-06
1.52066e-06
-3.64421e-06
1.30258e-06
-3.69037e-06
1.02115e-06
-3.61736e-06
6.59872e-07
-3.44529e-06
2.50462e-07
-3.32942e-06
5.27402e-08
-3.80579e-06
-6.45144e-08
-4.33166e-06
4.08153e-08
-6.02003e-06
-1.05931e-05
1.09889e-06
1.02646e-06
8.57807e-07
7.56083e-07
7.12684e-07
6.88438e-07
6.67116e-07
6.40992e-07
6.05859e-07
5.58316e-07
4.94566e-07
4.09564e-07
2.94273e-07
1.3145e-07
-5.92918e-08
-1.01576e-07
-1.10153e-07
5.54689e-07
)
;

boundaryField
{
    leftWall
    {
        type            calculated;
        value           uniform 0;
    }
    rightWall
    {
        type            calculated;
        value           uniform 0;
    }
    lowerWall
    {
        type            calculated;
        value           uniform 0;
    }
    atmosphere
    {
        type            calculated;
        value           nonuniform List<scalar> 
46
(
-5.18622e-08
-5.39928e-07
6.41766e-07
3.51214e-06
4.27606e-06
4.57753e-06
4.68382e-06
4.68914e-06
4.62781e-06
4.51301e-06
4.35093e-06
4.14579e-06
3.90121e-06
3.61985e-06
3.3017e-06
2.94024e-06
2.51556e-06
1.99806e-06
1.34059e-06
6.04071e-07
2.79938e-07
-1.25475e-08
-2.01855e-07
-9.81995e-08
-7.63057e-08
-7.11214e-09
2.80736e-08
-4.01007e-07
-6.05788e-07
-5.57855e-07
-9.12736e-07
-1.42958e-06
-1.9372e-06
-2.40917e-06
-2.82857e-06
-3.17684e-06
-3.43357e-06
-3.5805e-06
-3.60541e-06
-3.5021e-06
-3.28251e-06
-3.13872e-06
-3.76356e-06
-4.32312e-06
-6.68491e-06
-1.00384e-05
)
;
    }
    defaultFaces
    {
        type            empty;
    }
}


// ************************************************************************* //
