/*--------------------------------*- C++ -*----------------------------------*\
  =========                 |
  \\      /  F ield         | OpenFOAM: The Open Source CFD Toolbox
   \\    /   O peration     | Website:  https://openfoam.org
    \\  /    A nd           | Version:  13
     \\/     M anipulation  |
\*---------------------------------------------------------------------------*/
FoamFile
{
    format      ascii;
    class       volVectorField;
    location    "2.8";
    object      U;
}
// * * * * * * * * * * * * * * * * * * * * * * * * * * * * * * * * * * * * * //

dimensions      [0 1 -1 0 0 0 0];

internalField   nonuniform List<vector> 
2268
(
(-0.00978052 0.00420749 0)
(-0.0201835 0.00328836 0)
(-0.0307912 0.00303309 0)
(-0.0420851 0.00303879 0)
(-0.0528174 0.00298682 0)
(-0.0627678 0.00278913 0)
(-0.0715827 0.00248835 0)
(-0.0791652 0.00218479 0)
(-0.0855566 0.0018858 0)
(-0.090693 0.00152528 0)
(-0.094455 0.00111106 0)
(-0.0968206 0.000683069 0)
(-0.097777 0.000228942 0)
(-0.0971948 -0.000258337 0)
(-0.094893 -0.000784128 0)
(-0.090682 -0.00140291 0)
(-0.0843795 -0.00209533 0)
(-0.075894 -0.0028184 0)
(-0.0652143 -0.00357852 0)
(-0.0524151 -0.00437188 0)
(-0.0379063 -0.00505978 0)
(-0.0237425 -0.0052098 0)
(-0.0127057 -0.00671453 0)
(-0.0081336 0.00982092 0)
(-0.0182716 0.00835621 0)
(-0.0292931 0.00830438 0)
(-0.0409794 0.00809012 0)
(-0.0519729 0.00762934 0)
(-0.0620737 0.0069156 0)
(-0.0710106 0.00603784 0)
(-0.0786831 0.00514627 0)
(-0.0850765 0.00424879 0)
(-0.0901169 0.00327367 0)
(-0.0937249 0.00225819 0)
(-0.0959049 0.00123387 0)
(-0.0966069 0.000134322 0)
(-0.095641 -0.00109269 0)
(-0.0928208 -0.00245267 0)
(-0.0880107 -0.00395548 0)
(-0.0811292 -0.00555012 0)
(-0.0721992 -0.00716828 0)
(-0.061318 -0.00876111 0)
(-0.0487234 -0.0101548 0)
(-0.0349049 -0.0109339 0)
(-0.0218467 -0.0104368 0)
(-0.0104282 -0.0111006 0)
(-0.00673653 0.0154273 0)
(-0.0179741 0.0136234 0)
(-0.0290565 0.0136676 0)
(-0.0405798 0.0132927 0)
(-0.0513542 0.0124712 0)
(-0.0612351 0.0112602 0)
(-0.0699845 0.00979525 0)
(-0.0774839 0.00828161 0)
(-0.0836654 0.0067448 0)
(-0.0884359 0.00510319 0)
(-0.0917483 0.00340875 0)
(-0.0936205 0.00174681 0)
(-0.0939716 -5.2577e-05 0)
(-0.0925881 -0.00207607 0)
(-0.0893151 -0.00428365 0)
(-0.0840937 -0.00664668 0)
(-0.0769372 -0.00908148 0)
(-0.0679535 -0.0114882 0)
(-0.0573058 -0.0137741 0)
(-0.0452948 -0.0156573 0)
(-0.0323697 -0.0165987 0)
(-0.0201842 -0.0160926 0)
(-0.00873685 -0.0176511 0)
(-0.00529583 0.0211831 0)
(-0.0181203 0.0194311 0)
(-0.0291931 0.0193426 0)
(-0.0404011 0.0187205 0)
(-0.0508074 0.0175187 0)
(-0.0603374 0.0158125 0)
(-0.068785 0.0137612 0)
(-0.0760105 0.0116108 0)
(-0.0818962 0.00938271 0)
(-0.0863441 0.00700046 0)
(-0.0893109 0.00463137 0)
(-0.0908223 0.00222587 0)
(-0.0907875 -0.000386931 0)
(-0.0889715 -0.00329822 0)
(-0.0852748 -0.00641512 0)
(-0.0797152 -0.00966663 0)
(-0.072381 -0.0129355 0)
(-0.0634376 -0.0160961 0)
(-0.0530756 -0.0190239 0)
(-0.0416075 -0.0213703 0)
(-0.0294165 -0.0225265 0)
(-0.0178926 -0.0221079 0)
(-0.00652577 -0.0236597 0)
(-0.00460896 0.0248191 0)
(-0.0183695 0.0242291 0)
(-0.0293279 0.0239327 0)
(-0.0400848 0.023123 0)
(-0.049996 0.0217025 0)
(-0.059054 0.0197038 0)
(-0.0671085 0.0172682 0)
(-0.0740183 0.0146319 0)
(-0.0795833 0.0118124 0)
(-0.0836616 0.00877432 0)
(-0.0863264 0.00567266 0)
(-0.0875366 0.00252519 0)
(-0.0870979 -0.000956178 0)
(-0.0848499 -0.00480564 0)
(-0.08076 -0.00884285 0)
(-0.0749158 -0.0129708 0)
(-0.0674631 -0.0170375 0)
(-0.0586003 -0.0209045 0)
(-0.0485256 -0.0244305 0)
(-0.037552 -0.0271886 0)
(-0.0260402 -0.0285388 0)
(-0.0151824 -0.0281466 0)
(-0.00424111 -0.0288646 0)
(-0.00692271 0.0283096 0)
(-0.0192454 0.0288512 0)
(-0.029537 0.0282328 0)
(-0.0395149 0.0270904 0)
(-0.0486727 0.0253033 0)
(-0.0570488 0.0228937 0)
(-0.0646064 0.0200053 0)
(-0.0711647 0.016867 0)
(-0.0763712 0.0135043 0)
(-0.0802034 0.00992832 0)
(-0.0826466 0.00627671 0)
(-0.0835342 0.00250736 0)
(-0.0827277 -0.00168529 0)
(-0.080089 -0.00632676 0)
(-0.0756897 -0.0111682 0)
(-0.0696653 -0.0160681 0)
(-0.0621921 -0.0208344 0)
(-0.0534809 -0.0253074 0)
(-0.0437049 -0.0292983 0)
(-0.0332016 -0.0323173 0)
(-0.0223803 -0.0336961 0)
(-0.0122311 -0.0330826 0)
(-0.00244084 -0.0326083 0)
(-0.0113456 0.0400632 0)
(-0.0195302 0.0336111 0)
(-0.029042 0.0321031 0)
(-0.0377404 0.0305606 0)
(-0.0457246 0.0284702 0)
(-0.0531249 0.0257817 0)
(-0.060066 0.0226224 0)
(-0.0662744 0.0191418 0)
(-0.0711387 0.0152794 0)
(-0.0746531 0.0112285 0)
(-0.0769958 0.00713167 0)
(-0.0777534 0.00265414 0)
(-0.0766515 -0.00225512 0)
(-0.0738225 -0.00758081 0)
(-0.069367 -0.0130501 0)
(-0.0633863 -0.0185206 0)
(-0.0560941 -0.0237731 0)
(-0.0476716 -0.0286548 0)
(-0.0383441 -0.0329496 0)
(-0.0285692 -0.0361544 0)
(-0.0188846 -0.0376867 0)
(-0.00995325 -0.0372269 0)
(-0.00282632 -0.0363126 0)
(-0.00800858 0.048375 0)
(-0.0167539 0.0429545 0)
(-0.0234154 0.0405009 0)
(-0.0286352 0.0381141 0)
(-0.0334026 0.0352053 0)
(-0.0381369 0.0317669 0)
(-0.0432083 0.0278048 0)
(-0.0487513 0.0231224 0)
(-0.0543001 0.0178536 0)
(-0.0591971 0.0127154 0)
(-0.063003 0.00741001 0)
(-0.0652263 0.00216555 0)
(-0.0652767 -0.00339774 0)
(-0.0631583 -0.00926075 0)
(-0.0592302 -0.0151672 0)
(-0.0536633 -0.0211022 0)
(-0.0468195 -0.0267597 0)
(-0.0389185 -0.0320351 0)
(-0.0302483 -0.0366475 0)
(-0.0213823 -0.0398429 0)
(-0.0129736 -0.0410294 0)
(-0.00541536 -0.0392827 0)
(-0.00358504 -0.0362312 0)
(-0.0101273 0.00581207 0)
(-0.0193475 0.00658489 0)
(-0.0367258 0.00511871 0)
(-0.0459429 0.000463467 0)
(-0.0434179 -0.00509587 0)
(-0.0383547 0.00156061 0)
(-0.0397946 -0.00114757 0)
(-0.0351373 -0.00260468 0)
(-0.0289489 -0.00338473 0)
(-0.0191119 -0.00740146 0)
(-0.00615138 -0.00137822 0)
(-0.0155182 0.00743959 0)
(-0.0223795 -0.00225833 0)
(-0.0120971 -0.00438254 0)
(-0.00570778 -0.00184728 0)
(-0.00154661 -0.00203192 0)
(0.00140762 -0.000989223 0)
(0.00150186 -0.001514 0)
(0.00544478 0.00142198 0)
(-0.00829149 0.00661322 0)
(-0.00876567 0.00940472 0)
(-0.0228229 0.00983967 0)
(-0.0333881 0.00474724 0)
(-0.0389434 -0.00276945 0)
(-0.0379985 -0.000802392 0)
(-0.0330526 -0.00269234 0)
(-0.0272975 -0.00402238 0)
(-0.0220544 -0.00366785 0)
(-0.0207294 -0.00670788 0)
(-0.0184504 -0.00243211 0)
(-0.011751 0.00389394 0)
(-0.00536367 -0.00343083 0)
(-0.00404484 -0.00380263 0)
(-0.0039948 -0.00238875 0)
(-0.00226143 -0.00195526 0)
(-0.00175103 -0.00054537 0)
(-0.00212191 -0.00012643 0)
(-0.00404172 0.00164973 0)
(0.00140323 0.00488207 0)
(0.0036667 0.0120124 0)
(-0.00994324 0.0141284 0)
(-0.0147318 0.00787957 0)
(-0.0193097 -0.000306385 0)
(-0.0245497 -0.00156395 0)
(-0.0230436 -0.00407457 0)
(-0.0187736 -0.00555949 0)
(-0.0112242 -0.00492467 0)
(-0.0133854 -0.00570564 0)
(-0.0168934 -0.00383985 0)
(-0.00747748 -1.18018e-05 0)
(0.000655893 -0.00466148 0)
(-0.0015225 -0.00329565 0)
(-0.00300367 -0.00243769 0)
(-0.00303295 -0.00175154 0)
(-0.00390951 -0.000384564 0)
(-0.00338138 0.000349406 0)
(-0.00764561 -0.00197392 0)
(-0.00436644 0.00995526 0)
(-0.000115728 0.0148704 0)
(-0.00966206 0.0173598 0)
(-0.00146432 0.00654774 0)
(0.00549067 0.00194493 0)
(-0.00318329 0.000918635 0)
(-0.00692961 -0.00432955 0)
(-0.00265622 -0.00640856 0)
(0.00844605 -0.00766907 0)
(0.00626842 -0.00208342 0)
(-0.00243367 -0.00372332 0)
(0.00297824 -0.00287799 0)
(0.00410844 -0.0049293 0)
(-0.00447738 -0.00209325 0)
(-0.00654833 -0.00183307 0)
(-0.00422878 -0.000756328 0)
(-0.000288501 -4.39228e-05 0)
(0.00882771 0.000706955 0)
(0.0160694 -0.00446131 0)
(-0.0213023 0.00357936 0)
(-0.0161997 0.0153217 0)
(-0.0140761 0.0153918 0)
(-0.000149022 0.000286001 0)
(0.0103844 -0.000435074 0)
(0.0139445 0.00449113 0)
(0.0153758 -0.00642098 0)
(0.0254787 -0.0119869 0)
(0.0317511 -0.0115739 0)
(0.0345395 0.000714008 0)
(0.0275918 -0.00282209 0)
(0.0272825 -0.00249136 0)
(0.00798134 -2.05981e-05 0)
(-0.0223391 0.0021269 0)
(-0.0223292 -0.00334349 0)
(-0.00299169 -0.00623232 0)
(0.0208996 -0.00715514 0)
(0.0455805 -0.0104135 0)
(0.0790654 0.0140723 0)
(-0.0181763 0.0140384 0)
(-0.0108166 0.016392 0)
(-0.000974676 0.0101467 0)
(0.00661414 -0.00279773 0)
(0.00762485 -0.00403175 0)
(0.0142521 0.000993454 0)
(0.0240344 -0.00978277 0)
(0.033688 -0.016447 0)
(0.0357393 -0.0114438 0)
(0.034806 0.000233419 0)
(0.0359199 -0.00243468 0)
(0.0477975 -0.0023944 0)
(0.0152159 0.0194039 0)
(-0.0374608 0.00821549 0)
(-0.0201118 -0.0133924 0)
(0.00506431 -0.0181438 0)
(0.0316529 -0.020496 0)
(0.0513925 -0.0254863 0)
(0.0756604 0.0475967 0)
(0.00628827 0.0207099 0)
(0.00886631 0.012681 0)
(0.018163 0.00500183 0)
(0.0220141 -0.00208335 0)
(0.0125284 -0.0036792 0)
(0.01517 -0.00360323 0)
(0.0269496 -0.0136041 0)
(0.0318336 -0.0179217 0)
(0.0275702 -0.00943562 0)
(0.0235995 -0.000287383 0)
(0.0256002 -0.00429268 0)
(0.032854 -0.00386068 0)
(0.0136725 0.053771 0)
(-0.0210487 0.0105219 0)
(-0.0043872 -0.0213738 0)
(0.0123628 -0.0271585 0)
(0.0319062 -0.0297098 0)
(0.0384998 -0.0299471 0)
(0.0564473 0.0700542 0)
(0.0315935 0.0106418 0)
(0.0285774 0.0122648 0)
(0.036029 1.65465e-06 0)
(0.0388766 -0.000281457 0)
(0.0246156 0.00066904 0)
(0.0212615 -0.00604054 0)
(0.0266578 -0.0159982 0)
(0.024156 -0.0160974 0)
(0.013848 -0.0063148 0)
(0.0103218 -0.000662135 0)
(0.0112826 -0.00558815 0)
(0.011439 -0.00320255 0)
(0.00417363 0.0611007 0)
(0.000457241 0.00886841 0)
(0.010911 -0.0261757 0)
(0.017359 -0.0325569 0)
(0.0267424 -0.034403 0)
(0.0196553 -0.0287908 0)
(0.0321306 0.0851449 0)
(-0.00530782 0.0517873 0)
(-0.0110264 0.0451033 0)
(-0.0131457 0.0411019 0)
(-0.0135674 0.0385543 0)
(-0.0130542 0.0360362 0)
(-0.0120687 0.0333714 0)
(-0.0111827 0.0306597 0)
(-0.0109835 0.0273946 0)
(-0.0115368 0.0230412 0)
(-0.0123788 0.0178409 0)
(-0.0132606 0.0119476 0)
(-0.0140328 0.0045078 0)
(-0.0145858 -0.00393601 0)
(-0.0147076 -0.0126855 0)
(-0.0140617 -0.0211364 0)
(-0.0123403 -0.0290237 0)
(-0.00916717 -0.0360638 0)
(-0.00469269 -0.0422608 0)
(0.000736405 -0.0472132 0)
(0.00668871 -0.050433 0)
(0.0121446 -0.0508792 0)
(0.0163083 -0.0457163 0)
(0.0100213 -0.0324212 0)
(-0.00774583 0.0591637 0)
(-0.007551 0.0461366 0)
(-0.00528395 0.0387116 0)
(-0.00197616 0.0350693 0)
(0.0019143 0.0316681 0)
(0.00652828 0.0283232 0)
(0.0112666 0.025659 0)
(0.0153595 0.0229407 0)
(0.018675 0.0192268 0)
(0.0214806 0.0145824 0)
(0.0240879 0.00913479 0)
(0.0266041 0.00307327 0)
(0.0289283 -0.00375721 0)
(0.0310235 -0.0112625 0)
(0.0330794 -0.0193162 0)
(0.0353179 -0.0277202 0)
(0.0379415 -0.0359082 0)
(0.0408971 -0.0432863 0)
(0.0438363 -0.0489749 0)
(0.0462945 -0.0520852 0)
(0.0481922 -0.0513343 0)
(0.0499721 -0.043892 0)
(0.0525889 -0.0287895 0)
(0.000460506 0.0628274 0)
(0.00201674 0.0444003 0)
(0.00376103 0.0345508 0)
(0.00702699 0.0302862 0)
(0.0115203 0.0260478 0)
(0.0171864 0.0218198 0)
(0.0232815 0.0195219 0)
(0.0288958 0.0176431 0)
(0.0339385 0.0145058 0)
(0.038709 0.0102056 0)
(0.0432279 0.00515812 0)
(0.0474473 -0.000650149 0)
(0.0513389 -0.0070343 0)
(0.0546356 -0.013849 0)
(0.0572969 -0.0213932 0)
(0.0594082 -0.0294383 0)
(0.0609855 -0.0371889 0)
(0.0617679 -0.0438961 0)
(0.0613012 -0.0486379 0)
(0.0594272 -0.0509324 0)
(0.0559559 -0.0496976 0)
(0.0516818 -0.0424686 0)
(0.0474719 -0.0260291 0)
(0.00532755 0.0567014 0)
(0.0101997 0.0425825 0)
(0.0134045 0.0324421 0)
(0.0171244 0.0270285 0)
(0.0215499 0.0215945 0)
(0.0258786 0.0167898 0)
(0.0304015 0.0142221 0)
(0.0357524 0.0124648 0)
(0.0414799 0.00956923 0)
(0.0469405 0.00552337 0)
(0.0520298 0.000785737 0)
(0.0566658 -0.00456096 0)
(0.0608597 -0.0106911 0)
(0.0646593 -0.0169403 0)
(0.0673705 -0.0236035 0)
(0.0682807 -0.0304972 0)
(0.0673659 -0.0372368 0)
(0.0649774 -0.0428076 0)
(0.0611399 -0.0458672 0)
(0.0551086 -0.046131 0)
(0.0469104 -0.0431816 0)
(0.0375375 -0.035397 0)
(0.0295526 -0.0199948 0)
(0.00255327 0.0557508 0)
(0.0119757 0.0359988 0)
(0.0190815 0.0278747 0)
(0.0243718 0.0224964 0)
(0.0285623 0.0176287 0)
(0.0310637 0.0140782 0)
(0.0335561 0.01025 0)
(0.0381914 0.00696624 0)
(0.0440544 0.00385843 0)
(0.0498031 6.47135e-05 0)
(0.0550184 -0.00437546 0)
(0.0597619 -0.00924446 0)
(0.0639901 -0.0151667 0)
(0.0673528 -0.0205393 0)
(0.0692373 -0.0253287 0)
(0.0687028 -0.0296485 0)
(0.065405 -0.0342383 0)
(0.0604754 -0.0383626 0)
(0.0543505 -0.0393432 0)
(0.0466429 -0.0373299 0)
(0.0372507 -0.0327058 0)
(0.0271943 -0.0252532 0)
(0.0184451 -0.0136632 0)
(0.0109894 0.0399017 0)
(0.0148001 0.0271109 0)
(0.0175072 0.0223088 0)
(0.0202601 0.0179959 0)
(0.0227278 0.0143491 0)
(0.0255264 0.011319 0)
(0.0293524 0.00596251 0)
(0.0343407 0.000875168 0)
(0.0402454 -0.00275821 0)
(0.0463957 -0.00623104 0)
(0.0523815 -0.0102307 0)
(0.0580653 -0.0145421 0)
(0.0628226 -0.019253 0)
(0.0660503 -0.0231089 0)
(0.0675576 -0.0257957 0)
(0.0673408 -0.0276513 0)
(0.0650753 -0.0296425 0)
(0.0600047 -0.0317446 0)
(0.0522588 -0.0311675 0)
(0.0426797 -0.0277755 0)
(0.03203 -0.0224208 0)
(0.0212436 -0.0152158 0)
(0.0121405 -0.00654849 0)
(0.00681792 0.0293275 0)
(0.0107536 0.0252264 0)
(0.0116249 0.0211507 0)
(0.0127994 0.0163131 0)
(0.0149789 0.0116736 0)
(0.0189084 0.00702904 0)
(0.0239838 0.00078522 0)
(0.0294832 -0.00507014 0)
(0.0356172 -0.00951538 0)
(0.0423873 -0.01327 0)
(0.0492763 -0.0170321 0)
(0.0556894 -0.0206985 0)
(0.0610358 -0.0239802 0)
(0.0647102 -0.0259273 0)
(0.0666019 -0.0268998 0)
(0.0667162 -0.0268432 0)
(0.0645868 -0.0263243 0)
(0.0594967 -0.0250548 0)
(0.0513157 -0.0219321 0)
(0.0408371 -0.0170083 0)
(0.0291374 -0.0109962 0)
(0.0175116 -0.00453713 0)
(0.00748469 0.00173084 0)
(0.00259436 0.0198556 0)
(0.00833824 0.0217787 0)
(0.00805166 0.0188458 0)
(0.00822879 0.0138148 0)
(0.0103116 0.00821767 0)
(0.0145838 0.00229512 0)
(0.0201056 -0.00391477 0)
(0.026131 -0.0097785 0)
(0.032671 -0.0144459 0)
(0.0398054 -0.0182757 0)
(0.0471189 -0.0216481 0)
(0.0539457 -0.0244693 0)
(0.0596042 -0.0263948 0)
(0.063727 -0.0269086 0)
(0.0661205 -0.0264309 0)
(0.0664875 -0.0249123 0)
(0.064385 -0.0225103 0)
(0.0591164 -0.0190447 0)
(0.0504388 -0.0140819 0)
(0.039167 -0.00799256 0)
(0.0266544 -0.00179035 0)
(0.0142341 0.00369122 0)
(0.00357308 0.00795374 0)
(0.0114939 0.0196209 0)
(0.0151253 0.0218613 0)
(0.012572 0.0199304 0)
(0.0106078 0.0137411 0)
(0.0113449 0.00648896 0)
(0.0153838 -0.000818648 0)
(0.0212978 -0.00745311 0)
(0.0274125 -0.0134901 0)
(0.033764 -0.0185692 0)
(0.040868 -0.0226918 0)
(0.0483064 -0.0259969 0)
(0.0552647 -0.0283228 0)
(0.0608852 -0.0293836 0)
(0.06481 -0.0288303 0)
(0.0668404 -0.0271698 0)
(0.0665625 -0.0242711 0)
(0.0635135 -0.0203257 0)
(0.0569169 -0.0150556 0)
(0.0466891 -0.00824156 0)
(0.0340996 -0.000529451 0)
(0.0209963 0.00607388 0)
(0.00866698 0.0106947 0)
(-0.00119949 0.013795 0)
(-0.0114861 -0.00520312 0)
(0.00568492 0.0165838 0)
(0.0128851 0.0197624 0)
(0.0152657 0.0130887 0)
(0.0167241 0.00470519 0)
(0.0200248 -0.00368419 0)
(0.0248717 -0.0101991 0)
(0.0307646 -0.0159178 0)
(0.0370521 -0.0213434 0)
(0.0435739 -0.025976 0)
(0.050015 -0.029457 0)
(0.0556853 -0.0314898 0)
(0.0598249 -0.0317854 0)
(0.0622281 -0.030236 0)
(0.0624609 -0.0270763 0)
(0.0598914 -0.0217167 0)
(0.0542052 -0.0137884 0)
(0.0453362 -0.00274683 0)
(0.0348088 0.0100127 0)
(0.0246168 0.0203778 0)
(0.0156962 0.026641 0)
(0.00778668 0.028004 0)
(0.00213868 0.0253602 0)
(-0.00114907 0.00959277 0)
(-0.00801834 0.0156959 0)
(-0.00804975 0.0248994 0)
(-0.00560375 0.0158362 0)
(-0.00307489 -0.000932928 0)
(-0.000533443 -0.0183594 0)
(0.00363232 -0.0317519 0)
(0.009985 -0.041391 0)
(0.0165621 -0.0485532 0)
(0.0210055 -0.0535464 0)
(0.0231084 -0.0559735 0)
(0.0237263 -0.0547086 0)
(0.0232616 -0.0498978 0)
(0.0217472 -0.0420581 0)
(0.0189972 -0.0313438 0)
(0.0148936 -0.0176891 0)
(0.00967544 -0.00200854 0)
(0.00389074 0.0137871 0)
(-0.00143071 0.0271147 0)
(-0.00531023 0.0360028 0)
(-0.00736994 0.0406008 0)
(-0.0075346 0.041263 0)
(-0.00621465 0.0363781 0)
(-0.00148633 0.0106497 0)
(-0.00876749 0.0167676 0)
(-0.0102693 0.0168967 0)
(-0.00977848 0.0108202 0)
(-0.0103089 0.000240988 0)
(-0.0113488 -0.012704 0)
(-0.0105301 -0.0261445 0)
(-0.00733271 -0.0360087 0)
(-0.00381234 -0.0404814 0)
(-0.00231953 -0.0413785 0)
(-0.00383286 -0.0416533 0)
(-0.00683006 -0.0404776 0)
(-0.0103753 -0.0371819 0)
(-0.0140908 -0.0316071 0)
(-0.0177836 -0.0236977 0)
(-0.0211893 -0.0136083 0)
(-0.0238744 -0.00202875 0)
(-0.0253197 0.00952587 0)
(-0.0252851 0.019182 0)
(-0.0240256 0.0255474 0)
(-0.0218869 0.0286407 0)
(-0.0190195 0.0291434 0)
(-0.0152063 0.0265486 0)
(-0.00962415 0.0215377 0)
(-0.0113726 0.0218628 0)
(-0.0134806 0.016613 0)
(-0.0142867 0.0106161 0)
(-0.0162583 0.00201373 0)
(-0.0190327 -0.010642 0)
(-0.0208056 -0.026141 0)
(-0.0210391 -0.0366324 0)
(-0.0210296 -0.0404576 0)
(-0.0219448 -0.0385499 0)
(-0.0249838 -0.036674 0)
(-0.0293441 -0.0347156 0)
(-0.0338271 -0.0314104 0)
(-0.0379586 -0.0262708 0)
(-0.0414129 -0.0192055 0)
(-0.0437857 -0.0105079 0)
(-0.0446324 -0.000847719 0)
(-0.0436434 0.00866781 0)
(-0.0409467 0.0166211 0)
(-0.0371103 0.0220134 0)
(-0.032797 0.0246153 0)
(-0.0282167 0.0247936 0)
(-0.0227889 0.0230393 0)
(-0.0116898 0.03199 0)
(-0.0125774 0.0248347 0)
(-0.0154878 0.017481 0)
(-0.017286 0.0119405 0)
(-0.0196305 0.0048151 0)
(-0.0228703 -0.00769746 0)
(-0.0265857 -0.023858 0)
(-0.0302798 -0.034849 0)
(-0.0335118 -0.0387044 0)
(-0.0366572 -0.0359226 0)
(-0.0404352 -0.0324616 0)
(-0.0448221 -0.0301573 0)
(-0.0491056 -0.0269687 0)
(-0.0528472 -0.0223723 0)
(-0.0557084 -0.0162255 0)
(-0.057286 -0.00888471 0)
(-0.0572006 -0.000926603 0)
(-0.0552845 0.00678441 0)
(-0.0517153 0.0132242 0)
(-0.0469917 0.0176291 0)
(-0.0417169 0.0197701 0)
(-0.0361985 0.0199025 0)
(-0.0297093 0.018656 0)
(-0.00965653 0.0426917 0)
(-0.0117877 0.0300955 0)
(-0.016289 0.0207296 0)
(-0.0194168 0.014572 0)
(-0.0220329 0.0077467 0)
(-0.0249605 -0.00423383 0)
(-0.0295895 -0.0191575 0)
(-0.0355286 -0.03034 0)
(-0.0413403 -0.0345542 0)
(-0.0463237 -0.0322468 0)
(-0.0504811 -0.0288631 0)
(-0.0543596 -0.0265516 0)
(-0.0578933 -0.0237569 0)
(-0.0609296 -0.0198672 0)
(-0.063073 -0.0147837 0)
(-0.0639829 -0.00886767 0)
(-0.0633703 -0.00253358 0)
(-0.0611383 0.00358853 0)
(-0.0574557 0.0087849 0)
(-0.0527041 0.0124692 0)
(-0.0473758 0.0143901 0)
(-0.0417783 0.0145987 0)
(-0.0351047 0.0136564 0)
(-0.00713246 0.0509831 0)
(-0.0101845 0.0359374 0)
(-0.0159116 0.0251981 0)
(-0.0201994 0.0179915 0)
(-0.0232 0.0104062 0)
(-0.0260801 -0.000654035 0)
(-0.0306194 -0.0132766 0)
(-0.0372634 -0.0235998 0)
(-0.044417 -0.028253 0)
(-0.0504289 -0.0272807 0)
(-0.0548304 -0.0250537 0)
(-0.0582088 -0.0231384 0)
(-0.0612197 -0.0208308 0)
(-0.0636279 -0.0176567 0)
(-0.0651949 -0.0136166 0)
(-0.0656424 -0.00901508 0)
(-0.0647863 -0.00414006 0)
(-0.0625864 0.000557955 0)
(-0.0591714 0.00458005 0)
(-0.054824 0.00749971 0)
(-0.0499348 0.00907531 0)
(-0.0447386 0.00926456 0)
(-0.0383974 0.00848208 0)
(-0.00555397 0.0576422 0)
(-0.00875312 0.0419647 0)
(-0.0145157 0.030535 0)
(-0.0190904 0.0219946 0)
(-0.0224794 0.0133547 0)
(-0.0257775 0.0030527 0)
(-0.0304197 -0.00763161 0)
(-0.0366671 -0.0164336 0)
(-0.0436039 -0.0211971 0)
(-0.0495675 -0.0220388 0)
(-0.05395 -0.0212027 0)
(-0.0573413 -0.0200397 0)
(-0.0600554 -0.0183029 0)
(-0.0621068 -0.0158623 0)
(-0.063328 -0.0127953 0)
(-0.0635511 -0.00931853 0)
(-0.0626858 -0.00565842 0)
(-0.0607218 -0.00213267 0)
(-0.0577683 0.000900571 0)
(-0.0540376 0.0031364 0)
(-0.0498178 0.00436457 0)
(-0.0452975 0.00447676 0)
(-0.0395874 0.00378077 0)
(-0.00430623 0.0631983 0)
(-0.00720398 0.0473703 0)
(-0.0121492 0.0356914 0)
(-0.0163503 0.0260564 0)
(-0.0199161 0.0167676 0)
(-0.0235604 0.00707066 0)
(-0.0281463 -0.00232648 0)
(-0.0338486 -0.0100241 0)
(-0.0399431 -0.0149195 0)
(-0.0453939 -0.0169405 0)
(-0.049703 -0.0173997 0)
(-0.0530317 -0.0170236 0)
(-0.0556282 -0.0159899 0)
(-0.0575068 -0.0143184 0)
(-0.0585852 -0.0121403 0)
(-0.0587883 -0.00962904 0)
(-0.0580765 -0.00696793 0)
(-0.0564699 -0.00439262 0)
(-0.0540656 -0.00215956 0)
(-0.05102 -0.000497519 0)
(-0.0475697 0.000417984 0)
(-0.0438237 0.000444671 0)
(-0.0388823 -0.000191536 0)
(-0.00274166 0.0674075 0)
(-0.00504448 0.0517397 0)
(-0.00897284 0.0399643 0)
(-0.0126111 0.0298593 0)
(-0.0160797 0.0203775 0)
(-0.0197598 0.0111652 0)
(-0.0241001 0.00262781 0)
(-0.0291586 -0.00444442 0)
(-0.0344563 -0.00939645 0)
(-0.039315 -0.0122696 0)
(-0.0433504 -0.0136503 0)
(-0.0465793 -0.0140797 0)
(-0.0490895 -0.0137792 0)
(-0.0508939 -0.0128639 0)
(-0.0519611 -0.0114884 0)
(-0.0522632 -0.00980592 0)
(-0.0517969 -0.00797298 0)
(-0.0505991 -0.00616901 0)
(-0.0487592 -0.00458213 0)
(-0.0464024 -0.00338486 0)
(-0.0437032 -0.0027283 0)
(-0.0407478 -0.00277833 0)
(-0.0366002 -0.00336151 0)
(-0.00102553 0.0698576 0)
(-0.00255902 0.0548766 0)
(-0.00545329 0.0433357 0)
(-0.00842681 0.033222 0)
(-0.0115594 0.0238495 0)
(-0.0150031 0.0150608 0)
(-0.0189478 0.00710601 0)
(-0.0233655 0.000429361 0)
(-0.0279378 -0.00461334 0)
(-0.0322138 -0.00801518 0)
(-0.0359127 -0.0101153 0)
(-0.0389643 -0.0112515 0)
(-0.0413774 -0.0116345 0)
(-0.0431475 -0.0114163 0)
(-0.0442607 -0.01075 0)
(-0.0447142 -0.00977704 0)
(-0.0445233 -0.00863178 0)
(-0.0437347 -0.00745521 0)
(-0.0424281 -0.00638921 0)
(-0.0407003 -0.00556738 0)
(-0.038701 -0.00512319 0)
(-0.0364618 -0.00523631 0)
(-0.0330503 -0.00576674 0)
(0.000503894 0.0704359 0)
(-0.000180929 0.0567762 0)
(-0.00206327 0.0458134 0)
(-0.00430701 0.0360136 0)
(-0.00693061 0.0269416 0)
(-0.00994287 0.0185564 0)
(-0.0133793 0.0110303 0)
(-0.0171617 0.00462398 0)
(-0.0210679 -0.000469559 0)
(-0.024792 -0.00423865 0)
(-0.02811 -0.00686878 0)
(-0.0309286 -0.00858342 0)
(-0.0332136 -0.00956252 0)
(-0.0349446 -0.00995472 0)
(-0.0361111 -0.0099014 0)
(-0.0367186 -0.00952882 0)
(-0.0367896 -0.00895311 0)
(-0.0363715 -0.00828747 0)
(-0.0355353 -0.00764169 0)
(-0.0343609 -0.00712275 0)
(-0.0329545 -0.0068501 0)
(-0.031345 -0.00701625 0)
(-0.0285843 -0.00749694 0)
(0.00160218 0.0694077 0)
(0.00172555 0.0575226 0)
(0.000814895 0.0474095 0)
(-0.000661341 0.0381337 0)
(-0.00266196 0.0294927 0)
(-0.0051116 0.0215211 0)
(-0.00796117 0.0143572 0)
(-0.0111084 0.008169 0)
(-0.0143755 0.00306926 0)
(-0.0175589 -0.000937258 0)
(-0.0204712 -0.00394909 0)
(-0.023012 -0.00611903 0)
(-0.025129 -0.0075908 0)
(-0.0267914 -0.00849624 0)
(-0.0279857 -0.00895796 0)
(-0.0287166 -0.00908587 0)
(-0.0290062 -0.00897896 0)
(-0.0288986 -0.00872902 0)
(-0.028454 -0.00842286 0)
(-0.0277313 -0.00814847 0)
(-0.0268256 -0.00801643 0)
(-0.0257238 -0.00822781 0)
(-0.0234991 -0.00866559 0)
(0.00217153 0.0673087 0)
(0.00299885 0.0572676 0)
(0.00295398 0.0481393 0)
(0.00224782 0.0395294 0)
(0.000940366 0.0314054 0)
(-0.000866598 0.0238674 0)
(-0.00307948 0.0170514 0)
(-0.00558477 0.0110765 0)
(-0.00823548 0.00601965 0)
(-0.0108719 0.00188373 0)
(-0.0133581 -0.00138896 0)
(-0.0155842 -0.00389909 0)
(-0.0174925 -0.00575888 0)
(-0.0190455 -0.00707805 0)
(-0.0202249 -0.00795954 0)
(-0.0210308 -0.00849617 0)
(-0.0214808 -0.00877049 0)
(-0.0216115 -0.00885675 0)
(-0.0214726 -0.0088248 0)
(-0.0211116 -0.00874831 0)
(-0.0205888 -0.00873197 0)
(-0.0199012 -0.00898499 0)
(-0.0181208 -0.00938744 0)
(0.00227185 0.0646648 0)
(0.00366223 0.0562329 0)
(0.00433447 0.0480794 0)
(0.00434643 0.0401822 0)
(0.00373825 0.0326265 0)
(0.0026077 0.0255546 0)
(0.001057 0.0190941 0)
(-0.000805527 0.0133496 0)
(-0.00285266 0.00838712 0)
(-0.00495212 0.00421125 0)
(-0.00699049 0.000782484 0)
(-0.00887475 -0.00196105 0)
(-0.0105379 -0.00410812 0)
(-0.0119399 -0.00574549 0)
(-0.0130573 -0.0069568 0)
(-0.0138845 -0.00781797 0)
(-0.0144324 -0.00839613 0)
(-0.01473 -0.00875083 0)
(-0.0148152 -0.00893813 0)
(-0.0147187 -0.00902128 0)
(-0.0144977 -0.00910097 0)
(-0.0141165 -0.00939096 0)
(-0.0126821 -0.00976934 0)
(0.00206256 0.0618969 0)
(0.00385251 0.0546464 0)
(0.00507826 0.0473509 0)
(0.00571762 0.0401432 0)
(0.00576541 0.0331608 0)
(0.00529133 0.0265653 0)
(0.0043868 0.0204831 0)
(0.00315051 0.0150059 0)
(0.00169057 0.0101878 0)
(0.000116512 0.00604243 0)
(-0.00147242 0.00254777 0)
(-0.00299841 -0.000335388 0)
(-0.00439047 -0.00267578 0)
(-0.00560692 -0.00454217 0)
(-0.00662021 -0.00599996 0)
(-0.00741891 -0.00710903 0)
(-0.00800748 -0.00792219 0)
(-0.00840536 -0.0084861 0)
(-0.00864086 -0.00884569 0)
(-0.00873738 -0.00905581 0)
(-0.00872113 -0.00921263 0)
(-0.00857661 -0.00953826 0)
(-0.00742224 -0.00990009 0)
(0.00171954 0.0592725 0)
(0.00375684 0.0527092 0)
(0.00538062 0.0460889 0)
(0.00653604 0.0394976 0)
(0.00716039 0.0330635 0)
(0.00728413 0.0269412 0)
(0.00697735 0.0212475 0)
(0.00632241 0.0160648 0)
(0.00540973 0.011442 0)
(0.00433188 0.00739575 0)
(0.00317571 0.00391384 0)
(0.00201376 0.000967313 0)
(0.000906195 -0.00148599 0)
(-0.000100833 -0.00350417 0)
(-0.00097824 -0.00513469 0)
(-0.00170909 -0.00642258 0)
(-0.00229065 -0.00740921 0)
(-0.00273551 -0.00812996 0)
(-0.00306155 -0.00862031 0)
(-0.00327794 -0.00892783 0)
(-0.00341622 -0.00914646 0)
(-0.00342527 -0.0094986 0)
(-0.00247268 -0.00985903 0)
(0.00138414 0.0568979 0)
(0.00355209 0.0505707 0)
(0.00544985 0.0444258 0)
(0.00700799 0.0383513 0)
(0.00811007 0.0324183 0)
(0.00874644 0.0267522 0)
(0.00896199 0.0214506 0)
(0.00882086 0.0165829 0)
(0.00839728 0.0121915 0)
(0.00776941 0.00829399 0)
(0.00701255 0.00488609 0)
(0.00619387 0.00194783 0)
(0.00536453 -0.000544703 0)
(0.00457282 -0.00264192 0)
(0.00384901 -0.00437808 0)
(0.00321327 -0.00578539 0)
(0.00267304 -0.00689243 0)
(0.00222372 -0.00772483 0)
(0.00185519 -0.00831023 0)
(0.00156119 -0.00869076 0)
(0.00133899 -0.00895532 0)
(0.00120739 -0.00932983 0)
(0.00198467 -0.00968479 0)
(0.00114619 0.0547548 0)
(0.00337978 0.0483202 0)
(0.00546603 0.0424722 0)
(0.00732657 0.0368126 0)
(0.00880345 0.0313248 0)
(0.0098535 0.0260889 0)
(0.0104987 0.0211746 0)
(0.0107862 0.0166339 0)
(0.0107762 0.0125004 0)
(0.0105348 0.00878976 0)
(0.0101276 0.00550222 0)
(0.0096154 0.00262573 0)
(0.00904436 0.000147794 0)
(0.00846018 -0.00197196 0)
(0.00789302 -0.00375803 0)
(0.00736458 -0.00523125 0)
(0.00688652 -0.00641069 0)
(0.00645874 -0.00731384 0)
(0.00607841 -0.00796166 0)
(0.00575234 -0.00839192 0)
(0.00546676 -0.00869048 0)
(0.00526756 -0.00908189 0)
(0.00590617 -0.00942366 0)
(0.00104993 0.0527451 0)
(0.00333121 0.0459906 0)
(0.00556195 0.0403079 0)
(0.00764635 0.0349794 0)
(0.00940227 0.0298858 0)
(0.0107643 0.0250524 0)
(0.011738 0.0205153 0)
(0.012358 0.0163058 0)
(0.0126739 0.012446 0)
(0.0127425 0.00894786 0)
(0.0126219 0.00581394 0)
(0.0123663 0.00303865 0)
(0.0120189 0.00061713 0)
(0.0116201 -0.00148015 0)
(0.0111994 -0.00327141 0)
(0.0107782 -0.00476802 0)
(0.0103699 -0.00598088 0)
(0.00997957 -0.00692103 0)
(0.00960849 -0.00760372 0)
(0.00926343 -0.00806277 0)
(0.00895799 -0.00838214 0)
(0.00870605 -0.00878323 0)
(0.009216 -0.00911453 0)
(0.00110747 0.0507305 0)
(0.00345837 0.0435703 0)
(0.00582208 0.037981 0)
(0.00807496 0.0329315 0)
(0.010027 0.0281972 0)
(0.0116036 0.0237451 0)
(0.0128034 0.0195748 0)
(0.0136551 0.0156951 0)
(0.0142026 0.0121156 0)
(0.0144971 0.00884387 0)
(0.0145911 0.00588357 0)
(0.014534 0.00323446 0)
(0.0143648 0.000898647 0)
(0.0141193 -0.00114403 0)
(0.0138241 -0.00290655 0)
(0.013499 -0.00439263 0)
(0.0131578 -0.00560706 0)
(0.0128071 -0.00655585 0)
(0.0124525 -0.00725046 0)
(0.0121097 -0.00772081 0)
(0.0117804 -0.00804784 0)
(0.0115074 -0.00845222 0)
(0.011921 -0.00876795 0)
(0.00131395 0.0485562 0)
(0.00377999 0.0410167 0)
(0.00629099 0.0355127 0)
(0.00867667 0.0307305 0)
(0.010755 0.026345 0)
(0.0124558 0.0222653 0)
(0.013782 0.0184552 0)
(0.0147643 0.0149012 0)
(0.0154471 0.0116013 0)
(0.0158802 0.00855905 0)
(0.0161133 0.00577978 0)
(0.0161917 0.00326868 0)
(0.0161506 0.0010352 0)
(0.0160203 -0.000932846 0)
(0.0158233 -0.00264301 0)
(0.0155759 -0.00409333 0)
(0.0152902 -0.00528439 0)
(0.0149747 -0.00621916 0)
(0.0146369 -0.00690669 0)
(0.0142904 -0.00737419 0)
(0.0139591 -0.00770005 0)
(0.0136542 -0.0080988 0)
(0.0139632 -0.00839589 0)
(0.00165683 0.0460694 0)
(0.00429886 0.0382696 0)
(0.00698517 0.0329058 0)
(0.00948064 0.0284233 0)
(0.0116245 0.0244052 0)
(0.0133651 0.0207059 0)
(0.0147215 0.0172559 0)
(0.015736 0.0140227 0)
(0.0164595 0.0109954 0)
(0.0169449 0.00817583 0)
(0.0172418 0.00557303 0)
(0.0173929 0.00319923 0)
(0.0174289 0.00107248 0)
(0.0173743 -0.000811844 0)
(0.0172457 -0.00245546 0)
(0.0170538 -0.00385245 0)
(0.016808 -0.0050014 0)
(0.0165157 -0.00590448 0)
(0.0161867 -0.00656998 0)
(0.0158414 -0.00702343 0)
(0.0154909 -0.00734008 0)
(0.0151657 -0.00772932 0)
(0.0153826 -0.00800327 0)
(0.00212355 0.043125 0)
(0.00500544 0.0352597 0)
(0.00790316 0.0301528 0)
(0.0104899 0.0260494 0)
(0.0126412 0.0224487 0)
(0.0143394 0.0191558 0)
(0.0156329 0.0160732 0)
(0.0165845 0.0131553 0)
(0.0172582 0.0103873 0)
(0.017714 0.00777395 0)
(0.0180035 0.00533156 0)
(0.0181678 0.00308224 0)
(0.0182332 0.00105502 0)
(0.0182173 -0.000746441 0)
(0.0181282 -0.00231745 0)
(0.0179694 -0.00364991 0)
(0.0177456 -0.00474313 0)
(0.0174635 -0.00560102 0)
(0.0171342 -0.00623299 0)
(0.0167746 -0.00666438 0)
(0.0164153 -0.00696687 0)
(0.0160544 -0.00733944 0)
(0.0161681 -0.00759605 0)
(0.0027052 0.0395906 0)
(0.00588966 0.0319171 0)
(0.00903155 0.0272459 0)
(0.0116859 0.0236487 0)
(0.0137821 0.020547 0)
(0.0153537 0.0177027 0)
(0.0164927 0.0150002 0)
(0.0172913 0.0123897 0)
(0.0178315 0.00986086 0)
(0.0181828 0.00742748 0)
(0.0184006 0.00511818 0)
(0.0185251 0.00296899 0)
(0.0185779 0.001023 0)
(0.0185686 -0.000705345 0)
(0.0184944 -0.00220436 0)
(0.0183489 -0.00346597 0)
(0.0181307 -0.00449345 0)
(0.0178442 -0.00529579 0)
(0.0175018 -0.00588623 0)
(0.0171277 -0.00629033 0)
(0.0167417 -0.00657447 0)
(0.0163564 -0.00693125 0)
(0.0163851 -0.00717195 0)
(0.00340359 0.0353416 0)
(0.00693729 0.0281761 0)
(0.0103449 0.0241862 0)
(0.0130286 0.0212716 0)
(0.0149947 0.0187779 0)
(0.0163508 0.0164358 0)
(0.0172468 0.0141263 0)
(0.0178105 0.01181 0)
(0.0181439 0.00949165 0)
(0.0183263 0.00720219 0)
(0.0184171 0.00498815 0)
(0.0184563 0.00290374 0)
(0.0184619 0.00101031 0)
(0.0184342 -0.000662811 0)
(0.0183563 -0.00209568 0)
(0.0182088 -0.00328319 0)
(0.0179823 -0.00423716 0)
(0.0176795 -0.00497577 0)
(0.017315 -0.00551912 0)
(0.0169127 -0.00589402 0)
(0.0165081 -0.00616259 0)
(0.0160921 -0.00649975 0)
(0.0160343 -0.00673857 0)
(0.00424092 0.0302575 0)
(0.00813565 0.0239876 0)
(0.0117981 0.020995 0)
(0.0144465 0.0189862 0)
(0.0161902 0.0172293 0)
(0.0172393 0.0154439 0)
(0.0178134 0.0135329 0)
(0.0180764 0.0114879 0)
(0.0181465 0.00934246 0)
(0.0181102 0.00715266 0)
(0.0180294 0.00498726 0)
(0.0179455 0.00292288 0)
(0.0178758 0.00104296 0)
(0.0178119 -0.000600684 0)
(0.0177188 -0.00197726 0)
(0.0175594 -0.00308905 0)
(0.0173151 -0.00396254 0)
(0.0169859 -0.0046305 0)
(0.01659 -0.0051241 0)
(0.0161604 -0.00547216 0)
(0.0157293 -0.00572864 0)
(0.0152954 -0.00605853 0)
(0.015174 -0.0062999 0)
(0.0052735 0.0242145 0)
(0.00945346 0.0193414 0)
(0.0133048 0.0177279 0)
(0.0158158 0.0168852 0)
(0.0172292 0.015996 0)
(0.0178912 0.0148065 0)
(0.018091 0.0132824 0)
(0.0180177 0.0114737 0)
(0.0177951 0.00945715 0)
(0.0175095 0.00731901 0)
(0.017224 0.00515225 0)
(0.0169841 0.00305574 0)
(0.0168142 0.0011398 0)
(0.0167017 -0.00050932 0)
(0.0165877 -0.00184197 0)
(0.0164108 -0.00287673 0)
(0.0161421 -0.00366297 0)
(0.0157802 -0.00425331 0)
(0.0153483 -0.00469651 0)
(0.0148859 -0.00502543 0)
(0.0144373 -0.00528354 0)
(0.0139965 -0.00561254 0)
(0.0138218 -0.00587699 0)
(0.00656733 0.0171377 0)
(0.0108015 0.0143226 0)
(0.0146883 0.0145003 0)
(0.0169213 0.0150976 0)
(0.0179078 0.0151699 0)
(0.0181495 0.0145747 0)
(0.0179785 0.0133999 0)
(0.0175833 0.011783 0)
(0.0170763 0.00985292 0)
(0.0165353 0.00772559 0)
(0.0160221 0.00551245 0)
(0.0155924 0.00332918 0)
(0.0152936 0.00131442 0)
(0.0151203 -0.000385158 0)
(0.0149812 -0.00168641 0)
(0.0147792 -0.00264272 0)
(0.0144815 -0.00333407 0)
(0.014082 -0.00384094 0)
(0.0136087 -0.00423507 0)
(0.0131181 -0.00455685 0)
(0.012659 -0.00483143 0)
(0.012225 -0.00518877 0)
(0.012021 -0.00547868 0)
(0.00803515 0.00902979 0)
(0.0118932 0.00921399 0)
(0.0155718 0.0115558 0)
(0.0174236 0.0137877 0)
(0.0179689 0.0148068 0)
(0.0178633 0.0147343 0)
(0.017415 0.0138448 0)
(0.0167789 0.0123773 0)
(0.0160419 0.0105086 0)
(0.0152661 0.00837463 0)
(0.0145101 0.00609085 0)
(0.0138472 0.00377268 0)
(0.0133769 0.00157497 0)
(0.0131205 -0.00024948 0)
(0.0129411 -0.00152822 0)
(0.0126944 -0.00240495 0)
(0.0123554 -0.00299973 0)
(0.0119126 -0.00341138 0)
(0.0113997 -0.00375933 0)
(0.010885 -0.00409135 0)
(0.010421 -0.00441049 0)
(0.0100069 -0.00479864 0)
(0.00977567 -0.00514092 0)
(0.00829681 -0.000822937 0)
(0.0117933 0.00437569 0)
(0.0152155 0.00898713 0)
(0.0168687 0.012969 0)
(0.0171761 0.0147913 0)
(0.0169618 0.0151356 0)
(0.016438 0.014483 0)
(0.0157094 0.0131582 0)
(0.0148398 0.0113687 0)
(0.0138776 0.00925769 0)
(0.0128732 0.00692833 0)
(0.0119131 0.00446257 0)
(0.0111869 0.00197841 0)
(0.0107861 5.97227e-05 0)
(0.0105382 -0.00119195 0)
(0.0101922 -0.00200264 0)
(0.00979005 -0.00251365 0)
(0.00928861 -0.00285719 0)
(0.00873742 -0.00316784 0)
(0.00821205 -0.00353853 0)
(0.00777861 -0.00390565 0)
(0.00736965 -0.00432289 0)
(0.00711346 -0.00472889 0)
(0.00555935 -0.0103274 0)
(0.00900596 -0.000415018 0)
(0.012683 0.00656104 0)
(0.0150362 0.0123069 0)
(0.0155275 0.0148358 0)
(0.015596 0.0156533 0)
(0.0152585 0.0153449 0)
(0.0146129 0.0142746 0)
(0.0137307 0.0126744 0)
(0.0126597 0.0107037 0)
(0.0114316 0.00846031 0)
(0.0101036 0.00597442 0)
(0.00912181 0.00321043 0)
(0.00838847 0.000597396 0)
(0.00783771 -0.000676768 0)
(0.00729888 -0.00149532 0)
(0.00675493 -0.00196217 0)
(0.00613204 -0.00219113 0)
(0.005621 -0.00248505 0)
(0.00515424 -0.00293173 0)
(0.00480144 -0.00335956 0)
(0.00444212 -0.00377903 0)
(0.00414161 -0.00427175 0)
(-0.00201793 -0.0110884 0)
(0.00341423 -0.00513975 0)
(0.0075703 -0.000429209 0)
(0.0121949 0.00944079 0)
(0.013682 0.0132252 0)
(0.0144049 0.0149001 0)
(0.0144075 0.0152209 0)
(0.0139297 0.0145886 0)
(0.0131062 0.0133117 0)
(0.0120107 0.0116046 0)
(0.0106623 0.00958978 0)
(0.00902159 0.00721942 0)
(0.0075704 0.00349448 0)
(0.00518886 0.00167888 0)
(0.00450285 6.90088e-05 0)
(0.00384601 -0.000951143 0)
(0.00325449 -0.00130387 0)
(0.00241649 -0.00183048 0)
(0.00207187 -0.00232469 0)
(0.00180448 -0.00299333 0)
(0.00165324 -0.00356296 0)
(0.00152368 -0.00398843 0)
(0.00134896 -0.00442534 0)
(0.00340605 -0.0365909 0)
(0.0219631 -0.0431127 0)
(0.039265 -0.0461522 0)
(0.057906 -0.0399382 0)
(0.0522154 -0.0221986 0)
(0.0466316 -0.0238035 0)
(0.0369804 -0.025134 0)
(0.0291276 -0.0232896 0)
(0.0429116 -0.0148147 0)
(0.0381231 -0.00934219 0)
(0.0314601 -0.00931859 0)
(0.025985 -0.0129595 0)
(0.0259347 -0.00776365 0)
(0.0243742 -0.00199309 0)
(0.0232656 -0.00104795 0)
(0.0212426 -0.00441255 0)
(0.0148164 -0.00559614 0)
(0.0135814 -0.00212348 0)
(0.0127257 -0.000688531 0)
(0.0113739 -0.000685139 0)
(0.0080119 -0.00143049 0)
(0.00599488 0.000888966 0)
(0.00429344 0.00219246 0)
(0.00257455 0.00283449 0)
(0.00251043 0.00473617 0)
(5.42759e-05 0.00607243 0)
(-0.00193681 0.00678642 0)
(-0.00369418 0.00703673 0)
(-0.00164444 0.00913225 0)
(-0.00398252 0.00956677 0)
(-0.00566905 0.00964242 0)
(-0.00712328 0.00942799 0)
(-0.00533168 0.0125083 0)
(-0.0071578 0.0113786 0)
(-0.00849429 0.0106879 0)
(-0.00993043 0.0105561 0)
(-0.000132085 0.0188149 0)
(-0.00229004 0.0156475 0)
(-0.00406022 0.0147166 0)
(-0.00643628 0.0143143 0)
(-0.00797868 0.0294162 0)
(-0.00855905 0.0257567 0)
(-0.00941756 0.0249422 0)
(-0.00983643 0.0258854 0)
(-0.0155262 0.0231313 0)
(-0.0153196 0.0207052 0)
(-0.0151196 0.0196642 0)
(-0.0146315 0.0201336 0)
(-0.0221258 0.0206696 0)
(-0.0210766 0.0193383 0)
(-0.0199698 0.0181811 0)
(-0.0187222 0.017473 0)
(-0.0283243 0.0174875 0)
(-0.0266654 0.0165847 0)
(-0.024875 0.0153684 0)
(-0.0230234 0.0141257 0)
(-0.0334571 0.0132054 0)
(-0.0314685 0.0124859 0)
(-0.0293358 0.0113609 0)
(-0.027216 0.0099726 0)
(-0.0368962 0.00861374 0)
(-0.0349036 0.00804833 0)
(-0.0327989 0.00707102 0)
(-0.0307298 0.005766 0)
(-0.0384837 0.00437652 0)
(-0.036734 0.00394185 0)
(-0.0348718 0.00316021 0)
(-0.0330428 0.00202979 0)
(-0.0383198 0.000795424 0)
(-0.036886 0.000499279 0)
(-0.0353707 -8.4836e-05 0)
(-0.0338884 -0.00100478 0)
(-0.0365599 -0.00201876 0)
(-0.0354953 -0.00217898 0)
(-0.0343317 -0.00256868 0)
(-0.0331784 -0.00329328 0)
(-0.033513 -0.00410184 0)
(-0.0327533 -0.00412706 0)
(-0.031919 -0.00434596 0)
(-0.0310905 -0.00489646 0)
(-0.0294265 -0.00553848 0)
(-0.0289649 -0.00544567 0)
(-0.0284007 -0.00551361 0)
(-0.0278115 -0.0059262 0)
(-0.0246654 -0.00643866 0)
(-0.0244027 -0.00623753 0)
(-0.0240606 -0.00618554 0)
(-0.0236962 -0.00649448 0)
(-0.0194785 -0.00691397 0)
(-0.0194063 -0.00662056 0)
(-0.0192234 -0.00647261 0)
(-0.0189895 -0.00671651 0)
(-0.014198 -0.00708861 0)
(-0.014219 -0.00671758 0)
(-0.0141599 -0.00650034 0)
(-0.014055 -0.00669822 0)
(-0.0089812 -0.00705232 0)
(-0.0091132 -0.00662843 0)
(-0.00913319 -0.00635597 0)
(-0.00907369 -0.00652441 0)
(-0.00407509 -0.00687344 0)
(-0.00424137 -0.00640681 0)
(-0.00432492 -0.00609259 0)
(-0.00433744 -0.00624102 0)
(0.000447678 -0.00658657 0)
(0.000214505 -0.00608361 0)
(9.34088e-05 -0.00573112 0)
(7.38433e-05 -0.00587004 0)
(0.00439614 -0.00623704 0)
(0.00418788 -0.00570605 0)
(0.00403317 -0.00533228 0)
(0.00394418 -0.00546575 0)
(0.00781284 -0.00585767 0)
(0.00756693 -0.00530975 0)
(0.00739672 -0.00492261 0)
(0.00731224 -0.00505858 0)
(0.0105804 -0.00545703 0)
(0.0103636 -0.00488972 0)
(0.0101743 -0.00448883 0)
(0.0100403 -0.00462923 0)
(0.0127508 -0.00504061 0)
(0.0125115 -0.00445205 0)
(0.012322 -0.00404398 0)
(0.0122062 -0.00418973 0)
(0.0142465 -0.004636 0)
(0.0140515 -0.00403436 0)
(0.0138585 -0.00362095 0)
(0.0137135 -0.00376445 0)
(0.0151637 -0.00426301 0)
(0.0149619 -0.00366369 0)
(0.0147812 -0.00324836 0)
(0.0146708 -0.00336876 0)
(0.0154631 -0.00391449 0)
(0.0153087 -0.00333672 0)
(0.0151357 -0.00291791 0)
(0.0150073 -0.0030056 0)
(0.0152363 -0.00359057 0)
(0.0150822 -0.00304363 0)
(0.0149252 -0.00263179 0)
(0.0148324 -0.0026703 0)
(0.0144615 -0.00329549 0)
(0.0143477 -0.00279646 0)
(0.0141998 -0.00238955 0)
(0.0141003 -0.00237809 0)
(0.0132268 -0.00304522 0)
(0.013115 -0.00259616 0)
(0.0129782 -0.00220458 0)
(0.0129127 -0.00213543 0)
(0.0115281 -0.00283222 0)
(0.0114477 -0.00243393 0)
(0.0113255 -0.00205498 0)
(0.0112644 -0.00195136 0)
(0.00939602 -0.00266764 0)
(0.00935562 -0.00231191 0)
(0.00927955 -0.00196344 0)
(0.00927682 -0.00182739 0)
(0.0068417 -0.00254421 0)
(0.00688722 -0.00229347 0)
(0.00692725 -0.00196864 0)
(0.00700919 -0.00177725 0)
(0.00393367 -0.00226814 0)
(0.00412758 -0.0023164 0)
(0.004323 -0.00202347 0)
(0.00456188 -0.00161697 0)
(0.00129744 -0.0034143 0)
(0.00137777 -0.00354627 0)
(0.00147244 -0.00329618 0)
(0.00156936 -0.00281016 0)
(0.0675547 -0.0030422 0)
(0.0560101 0.0147203 0)
(0.0550444 -0.00445096 0)
(0.0540902 0.00389627 0)
(0.044825 0.00971161 0)
(0.0343367 -0.00428002 0)
(0.0249714 -0.0139073 0)
(0.00957726 -0.00784876 0)
(-0.003637 -0.00181817 0)
(-0.00655704 -0.000233097 0)
(-0.00869226 -0.00438593 0)
(-0.0139895 0.000536144 0)
(-0.00150886 0.0424489 0)
(0.0203794 0.00339284 0)
(0.0243396 -0.0271202 0)
(0.0195952 -0.0335285 0)
(0.0134213 -0.0328466 0)
(-0.00878815 -0.0202796 0)
(-0.00412982 0.0941165 0)
(0.0291425 0.00058298 0)
(0.0418836 0.0152458 0)
(0.0454262 -0.00139879 0)
(0.043242 0.00676154 0)
(0.043343 0.014005 0)
(0.0379775 0.00800357 0)
(0.0210758 0.00382969 0)
(0.0017665 0.00805225 0)
(-0.00931782 0.00497803 0)
(-0.0145283 0.00262814 0)
(-0.0187313 -0.000826512 0)
(-0.0216375 0.0017269 0)
(-0.00596938 0.0181217 0)
(0.0152979 -0.00488579 0)
(0.015805 -0.0218453 0)
(0.00365567 -0.0220921 0)
(-0.0156122 -0.0146535 0)
(-0.0432738 -0.000225108 0)
(-0.0378281 0.0675309 0)
(0.022679 -0.00766772 0)
(0.0290822 0.00826636 0)
(0.0290079 0.00190912 0)
(0.0262266 0.00562024 0)
(0.0302033 0.0114687 0)
(0.0269794 0.0189858 0)
(0.0118888 0.020625 0)
(-0.00153183 0.0186345 0)
(-0.0105277 0.0122749 0)
(-0.0160642 0.00646497 0)
(-0.0194688 0.00156783 0)
(-0.0207378 -0.000724186 0)
(-0.0114766 0.000963395 0)
(-0.00123029 -0.00990899 0)
(-0.00550082 -0.01436 0)
(-0.0191349 -0.00588948 0)
(-0.0346423 0.0049814 0)
(-0.0482151 0.00545425 0)
(-0.0492538 0.0142898 0)
(0.0162557 -0.00563907 0)
(0.0150252 0.00562972 0)
(0.0141915 0.00588988 0)
(0.0118659 0.00491471 0)
(0.0104007 0.00984859 0)
(0.00778394 0.026531 0)
(0.0029055 0.0316476 0)
(-0.00492783 0.0273118 0)
(-0.0108255 0.0183161 0)
(-0.013626 0.00948634 0)
(-0.0155823 0.00340464 0)
(-0.0171195 -0.00202041 0)
(-0.0160183 -0.00569358 0)
(-0.0160004 -0.00965886 0)
(-0.0209066 -0.00649969 0)
(-0.0259454 0.00365831 0)
(-0.0272403 0.0113631 0)
(-0.0252623 0.00271117 0)
(-0.0165734 -0.0261623 0)
(0.00772816 -0.00024117 0)
(0.00484829 0.00601142 0)
(0.00406408 0.00815324 0)
(0.00152935 0.00797019 0)
(-0.00230822 0.0133057 0)
(-0.00363052 0.0267438 0)
(-0.00293723 0.0337929 0)
(-0.00328844 0.0310666 0)
(-0.00478884 0.0208805 0)
(-0.00738863 0.0116931 0)
(-0.0104525 0.00538204 0)
(-0.0134945 -4.55495e-05 0)
(-0.0159804 -0.00390484 0)
(-0.0187899 -0.00589592 0)
(-0.0219805 -0.00345312 0)
(-0.0220944 0.00203228 0)
(-0.0168201 0.00501173 0)
(-0.00884786 -0.00364453 0)
(0.00216741 -0.0247386 0)
(-0.000613065 0.00382092 0)
(-0.00328951 0.00725372 0)
(-0.00408192 0.00922453 0)
(-0.00576387 0.0107794 0)
(-0.00818296 0.0158641 0)
(-0.00819787 0.0249428 0)
(-0.00504473 0.0311317 0)
(-0.0017584 0.0295988 0)
(-0.00103678 0.0218661 0)
(-0.00324893 0.0142805 0)
(-0.00668881 0.00827009 0)
(-0.0104079 0.00315056 0)
(-0.0139539 -0.000716977 0)
(-0.0170929 -0.00295784 0)
(-0.0189681 -0.0027116 0)
(-0.0173672 -0.00170613 0)
(-0.0112022 -0.00332897 0)
(-0.00347809 -0.0113242 0)
(0.00512679 -0.0247041 0)
(-0.0065797 0.00744069 0)
(-0.00909792 0.00874658 0)
(-0.00978255 0.0100973 0)
(-0.0104077 0.012194 0)
(-0.010892 0.0166374 0)
(-0.00954965 0.0231076 0)
(-0.0059428 0.0277917 0)
(-0.00217698 0.0274923 0)
(-0.000787957 0.0228871 0)
(-0.00223786 0.0172946 0)
(-0.00532906 0.0120267 0)
(-0.00900882 0.00702262 0)
(-0.0124512 0.0025509 0)
(-0.0149004 -0.000880953 0)
(-0.0155524 -0.0029935 0)
(-0.0132294 -0.00563348 0)
(-0.00758293 -0.010505 0)
(-0.000980364 -0.0179297 0)
(0.00549738 -0.0237169 0)
(-0.00981858 0.00924065 0)
(-0.0123254 0.0091727 0)
(-0.0130889 0.00994958 0)
(-0.0131215 0.011965 0)
(-0.0127107 0.015598 0)
(-0.0106874 0.0200841 0)
(-0.00693575 0.0237276 0)
(-0.00331534 0.0244429 0)
(-0.00181633 0.022317 0)
(-0.00300719 0.0188814 0)
(-0.00596013 0.0148479 0)
(-0.00948213 0.0102047 0)
(-0.0124044 0.00508679 0)
(-0.013657 0.000100615 0)
(-0.0124136 -0.00425881 0)
(-0.00855695 -0.00935694 0)
(-0.00337311 -0.015184 0)
(0.000346349 -0.0208592 0)
(0.00189245 -0.0205705 0)
(-0.0127831 0.011363 0)
(-0.0158588 0.0101894 0)
(-0.0171111 0.0100492 0)
(-0.017445 0.0114911 0)
(-0.016521 0.0142681 0)
(-0.0136783 0.0179585 0)
(-0.00922303 0.0208144 0)
(-0.00511399 0.0221632 0)
(-0.00359938 0.0215469 0)
(-0.0048618 0.0195309 0)
(-0.00777315 0.0163176 0)
(-0.0108719 0.0118349 0)
(-0.0130512 0.00619614 0)
(-0.0132467 7.48671e-05 0)
(-0.0103561 -0.00579555 0)
(-0.0047094 -0.0115901 0)
(0.0010486 -0.0168675 0)
(0.00355187 -0.0208715 0)
(0.000824537 -0.019169 0)
(-0.00993777 0.0146457 0)
(-0.0136917 0.0109119 0)
(-0.0170736 0.00955205 0)
(-0.0186691 0.0103669 0)
(-0.0181654 0.012885 0)
(-0.0149058 0.0142057 0)
(-0.00982032 0.0168125 0)
(-0.00565421 0.018227 0)
(-0.0044979 0.0183288 0)
(-0.00639569 0.0172951 0)
(-0.00941737 0.0151366 0)
(-0.0113466 0.0111692 0)
(-0.0121946 0.00512872 0)
(-0.0119562 -0.00182069 0)
(-0.00781131 -0.00951401 0)
(-0.00107785 -0.0161987 0)
(0.00592405 -0.0201804 0)
(0.0106722 -0.0194553 0)
(0.0153279 -0.0184155 0)
(-0.0089465 0.0261304 0)
(-0.0118938 0.0216207 0)
(-0.0152402 0.0183657 0)
(-0.0159202 0.0137449 0)
(-0.00922778 0.00806593 0)
(0.00106186 0.00703551 0)
(0.00932338 0.00997642 0)
(0.00941214 0.0221101 0)
(-0.000154449 0.0298224 0)
(-0.00959239 0.031907 0)
(-0.0113338 0.0256843 0)
(-0.00640732 0.0162331 0)
(-0.000813694 0.00704669 0)
(0.00636623 -0.00472628 0)
(0.0113212 -0.0191675 0)
(0.0102949 -0.0219835 0)
(0.00390624 -0.0276546 0)
(-0.00493864 -0.0254571 0)
(-0.017907 -0.0033799 0)
(-0.0112271 0.020062 0)
(-0.0107746 0.0181024 0)
(-0.00861262 0.0157558 0)
(-0.0053357 0.0085921 0)
(-0.000638218 0.00057504 0)
(0.00483338 0.000555898 0)
(0.00882139 0.00778126 0)
(0.010049 0.0251972 0)
(0.00830344 0.0338652 0)
(0.00579544 0.032738 0)
(0.00833924 0.0187304 0)
(0.0171998 0.00404867 0)
(0.0287393 -0.00273542 0)
(0.036735 -0.0145229 0)
(0.0340004 -0.0211029 0)
(0.0274249 -0.0180105 0)
(0.0218007 -0.0244134 0)
(0.0138472 -0.0120832 0)
(0.0182659 -0.0221952 0)
(-0.0141613 0.0164526 0)
(-0.0107259 0.0141436 0)
(-0.00505783 0.0111401 0)
(0.000594177 0.00451226 0)
(0.00384071 -0.00256084 0)
(0.00503967 -0.00215901 0)
(0.00567136 0.00699267 0)
(0.00897834 0.023824 0)
(0.0148927 0.0323454 0)
(0.0208686 0.0295323 0)
(0.0259116 0.0133552 0)
(0.0299208 -0.00361825 0)
(0.0340499 -0.010534 0)
(0.0357736 -0.0133149 0)
(0.0333131 -0.00914286 0)
(0.0300338 -0.00921003 0)
(0.0255752 -0.011261 0)
(0.0206643 -0.00902772 0)
(0.0170339 0.00426655 0)
(-0.0178805 0.0117784 0)
(-0.0136214 0.00878278 0)
(-0.00790787 0.00520571 0)
(-0.00294572 6.09737e-05 0)
(-0.000340789 -0.00426279 0)
(0.000281656 -0.003333 0)
(0.00131472 0.00455224 0)
(0.00591167 0.0167906 0)
(0.0140409 0.0241651 0)
(0.0229228 0.0223973 0)
(0.0289187 0.00967417 0)
(0.0298385 -0.00504234 0)
(0.0278034 -0.011377 0)
(0.0252678 -0.01193 0)
(0.0233114 -0.00793099 0)
(0.0219311 -0.00658619 0)
(0.0191572 -0.00723584 0)
(0.0144711 -0.00301869 0)
(0.00804701 0.0151803 0)
(-0.0219846 0.00704002 0)
(-0.0181354 0.00399024 0)
(-0.0133899 0.000726559 0)
(-0.00958846 -0.00289183 0)
(-0.00763291 -0.00517731 0)
(-0.00695608 -0.00370087 0)
(-0.00555966 0.00234354 0)
(-0.00115975 0.0106312 0)
(0.00635187 0.015794 0)
(0.0144312 0.0144284 0)
(0.0197242 0.00612272 0)
(0.0201007 -0.00350784 0)
(0.0172055 -0.00846741 0)
(0.0138611 -0.0090103 0)
(0.0114269 -0.00671525 0)
(0.00987686 -0.00503236 0)
(0.00755636 -0.00344104 0)
(0.00374382 0.00190701 0)
(-0.00116781 0.0204398 0)
(-0.0257966 0.00257557 0)
(-0.022805 -8.20296e-05 0)
(-0.0192111 -0.002682 0)
(-0.0165253 -0.0050796 0)
(-0.0151473 -0.00613266 0)
(-0.0145072 -0.00448791 0)
(-0.013148 4.85406e-05 0)
(-0.00958396 0.0058547 0)
(-0.0038334 0.00964027 0)
(0.00232222 0.00912174 0)
(0.00628136 0.00430413 0)
(0.00648359 -0.00172244 0)
(0.00402713 -0.00531918 0)
(0.000884978 -0.00606824 0)
(-0.00168284 -0.00483609 0)
(-0.00346292 -0.00324918 0)
(-0.00514447 -0.0011771 0)
(-0.00672151 0.00382103 0)
(-0.00850092 0.0170923 0)
(-0.0286398 -0.00118005 0)
(-0.0265916 -0.00323968 0)
(-0.0240549 -0.00510292 0)
(-0.0223013 -0.00656549 0)
(-0.0214538 -0.00685205 0)
(-0.0210173 -0.00525304 0)
(-0.020012 -0.00181452 0)
(-0.0175352 0.00232186 0)
(-0.0136499 0.00518318 0)
(-0.00956072 0.00535152 0)
(-0.00697478 0.00280734 0)
(-0.0069382 -0.000649527 0)
(-0.00888196 -0.00295049 0)
(-0.0114787 -0.00359828 0)
(-0.0137017 -0.00295502 0)
(-0.0151061 -0.00186222 0)
(-0.0156057 -0.000360346 0)
(-0.0144791 0.00240325 0)
(-0.0128482 0.0080914 0)
(-0.0300673 -0.00413107 0)
(-0.0289117 -0.00553704 0)
(-0.0272524 -0.0067009 0)
(-0.0262298 -0.00744578 0)
(-0.0258424 -0.00723646 0)
(-0.0257002 -0.00571272 0)
(-0.0251651 -0.00301598 0)
(-0.0237081 7.609e-05 0)
(-0.0213902 0.00237666 0)
(-0.0189781 0.00301302 0)
(-0.0175293 0.00196441 0)
(-0.0176801 0.000184468 0)
(-0.0191225 -0.00116858 0)
(-0.0210034 -0.0016991 0)
(-0.0225106 -0.00160445 0)
(-0.0230598 -0.00140611 0)
(-0.0221132 -0.00144003 0)
(-0.0186465 -0.00211919 0)
(-0.0141598 -0.00468686 0)
(-0.029952 -0.0063145 0)
(-0.029548 -0.00710031 0)
(-0.0285772 -0.00765135 0)
(-0.0281028 -0.00784519 0)
(-0.0280817 -0.00729488 0)
(-0.0282247 -0.00582351 0)
(-0.0281205 -0.00359016 0)
(-0.027457 -0.00112581 0)
(-0.0262749 0.000839392 0)
(-0.0250318 0.0017691 0)
(-0.0243429 0.00160753 0)
(-0.0245653 0.000836243 0)
(-0.0255074 4.96307e-05 0)
(-0.0265997 -0.000536548 0)
(-0.0271969 -0.00109697 0)
(-0.0266806 -0.00209572 0)
(-0.0243774 -0.00417757 0)
(-0.0193688 -0.00864865 0)
(-0.0129944 -0.0190628 0)
(-0.0283551 -0.00783487 0)
(-0.0285593 -0.0080787 0)
(-0.0281026 -0.00811868 0)
(-0.0280173 -0.00789167 0)
(-0.0282587 -0.00709691 0)
(-0.0286179 -0.00565014 0)
(-0.0288274 -0.00369921 0)
(-0.0286926 -0.00161263 0)
(-0.0282315 0.000139879 0)
(-0.0276948 0.0012134 0)
(-0.027417 0.00151899 0)
(-0.0275734 0.00125636 0)
(-0.0280181 0.000682035 0)
(-0.0283494 -0.000157901 0)
(-0.0280555 -0.00149213 0)
(-0.0265666 -0.00383534 0)
(-0.0232687 -0.00804675 0)
(-0.0175561 -0.0159046 0)
(-0.0103282 -0.0318357 0)
(-0.0255219 -0.00881972 0)
(-0.0261708 -0.00861379 0)
(-0.0260802 -0.00824362 0)
(-0.0262553 -0.00769907 0)
(-0.026661 -0.00672768 0)
(-0.02715 -0.0052905 0)
(-0.0275431 -0.00351741 0)
(-0.0277091 -0.00167465 0)
(-0.0276434 -8.38037e-05 0)
(-0.0274695 0.00101111 0)
(-0.0273511 0.00149534 0)
(-0.0273549 0.00140043 0)
(-0.027357 0.000775269 0)
(-0.027064 -0.000468744 0)
(-0.0260818 -0.00263616 0)
(-0.0239583 -0.006289 0)
(-0.0202595 -0.0123832 0)
(-0.0146534 -0.0228109 0)
(-0.00773711 -0.041841 0)
(-0.0217272 -0.00939199 0)
(-0.022701 -0.0088283 0)
(-0.0228576 -0.00813933 0)
(-0.0231918 -0.00736104 0)
(-0.0236825 -0.00626624 0)
(-0.024225 -0.00483766 0)
(-0.0246956 -0.00318921 0)
(-0.0249981 -0.00152479 0)
(-0.0251112 -8.25393e-05 0)
(-0.0250846 0.000945027 0)
(-0.0249855 0.001424 0)
(-0.0248228 0.00128503 0)
(-0.0244923 0.000450112 0)
(-0.0237827 -0.00126687 0)
(-0.0224116 -0.0042234 0)
(-0.0200755 -0.00899566 0)
(-0.0164995 -0.0165659 0)
(-0.0115936 -0.0288436 0)
(-0.00573787 -0.0498068 0)
(-0.0173124 -0.00965894 0)
(-0.0184907 -0.00882011 0)
(-0.0188071 -0.00789143 0)
(-0.0192297 -0.00694748 0)
(-0.0197485 -0.00577305 0)
(-0.0202913 -0.00436099 0)
(-0.0207693 -0.00281343 0)
(-0.0211081 -0.00129701 0)
(-0.0212773 -3.08883e-06 0)
(-0.0212874 0.000902561 0)
(-0.0211564 0.00127256 0)
(-0.0208681 0.000978434 0)
(-0.0203424 -0.000133856 0)
(-0.0194339 -0.00231095 0)
(-0.0179664 -0.00592456 0)
(-0.0157564 -0.011556 0)
(-0.0126776 -0.0201824 0)
(-0.00872158 -0.0336978 0)
(-0.00414564 -0.0559891 0)
(-0.0125582 -0.00970953 0)
(-0.0138742 -0.00866355 0)
(-0.0142887 -0.00756011 0)
(-0.014751 -0.00650515 0)
(-0.0152642 -0.00528656 0)
(-0.0157778 -0.00390191 0)
(-0.0162272 -0.00244534 0)
(-0.0165531 -0.00106125 0)
(-0.0167232 8.58758e-05 0)
(-0.0167301 0.000844621 0)
(-0.0165706 0.00106016 0)
(-0.0162239 0.000571028 0)
(-0.0156343 -0.000820064 0)
(-0.0147151 -0.00338333 0)
(-0.0133736 -0.00749319 0)
(-0.0115187 -0.0137244 0)
(-0.00909769 -0.023036 0)
(-0.00617755 -0.0373372 0)
(-0.0028878 -0.0605118 0)
(-0.00776622 -0.00961137 0)
(-0.00914401 -0.00841 0)
(-0.00961625 -0.00718504 0)
(-0.0100918 -0.00606159 0)
(-0.0105826 -0.00482575 0)
(-0.0110571 -0.00347805 0)
(-0.0114672 -0.00210707 0)
(-0.0117657 -0.000843505 0)
(-0.011923 0.000164481 0)
(-0.0119268 0.00077441 0)
(-0.0117682 0.000829167 0)
(-0.0114318 0.000150732 0)
(-0.0108861 -0.00147802 0)
(-0.0100934 -0.00432796 0)
(-0.00901751 -0.0087749 0)
(-0.00762705 -0.0153776 0)
(-0.00593776 -0.0250854 0)
(-0.00398571 -0.0398307 0)
(-0.00181806 -0.0636036 0)
(-0.0031322 -0.00940941 0)
(-0.0045461 -0.00810103 0)
(-0.00505256 -0.00679148 0)
(-0.00552496 -0.00563052 0)
(-0.00598983 -0.00439584 0)
(-0.00642857 -0.00309085 0)
(-0.00680487 -0.00179991 0)
(-0.00708155 -0.000644385 0)
(-0.00723447 0.000238543 0)
(-0.00725282 0.000713465 0)
(-0.00713057 0.000624726 0)
(-0.00686124 -0.000211788 0)
(-0.00643564 -0.00201516 0)
(-0.0058513 -0.00505298 0)
(-0.00510813 -0.00969387 0)
(-0.00422122 -0.016483 0)
(-0.00321525 -0.0263641 0)
(-0.00215574 -0.0413239 0)
(-0.000980111 -0.0654988 0)
(0.00112731 -0.00912848 0)
(-0.000268401 -0.00776491 0)
(-0.000791084 -0.00639888 0)
(-0.00125948 -0.00521539 0)
(-0.00170218 -0.00399526 0)
(-0.00211676 -0.00273545 0)
(-0.00247305 -0.0015172 0)
(-0.00274273 -0.00045543 0)
(-0.00290806 0.00032099 0)
(-0.00296313 0.000683601 0)
(-0.00290766 0.000480278 0)
(-0.00274425 -0.000472251 0)
(-0.00248249 -0.00238501 0)
(-0.0021411 -0.00552135 0)
(-0.00174672 -0.0102387 0)
(-0.00133574 -0.0170695 0)
(-0.000964171 -0.0269606 0)
(-0.000648207 -0.0419589 0)
(-0.000270238 -0.0664056 0)
(0.00491049 -0.00880303 0)
(0.00354106 -0.00739115 0)
(0.00302652 -0.00598849 0)
(0.00255858 -0.00479555 0)
(0.00212167 -0.00359731 0)
(0.00171854 -0.00238299 0)
(0.00136708 -0.00122996 0)
(0.00108779 -0.00024775 0)
(0.000892524 0.00044222 0)
(0.000781591 0.000718994 0)
(0.000749383 0.000435191 0)
(0.000785525 -0.00058671 0)
(0.00086811 -0.00254833 0)
(0.000964281 -0.00570442 0)
(0.00103281 -0.010401 0)
(0.00101757 -0.0171642 0)
(0.000877274 -0.0269519 0)
(0.000562008 -0.0418818 0)
(0.000252858 -0.0664356 0)
(0.00813932 -0.00845393 0)
(0.00682052 -0.00699743 0)
(0.00630351 -0.00557535 0)
(0.00583091 -0.00438906 0)
(0.00539289 -0.00321264 0)
(0.0049871 -0.00203725 0)
(0.00462447 -0.000937424 0)
(0.00431988 -1.76604e-05 0)
(0.00408 0.000607334 0)
(0.00390021 0.000823846 0)
(0.00377089 0.00048943 0)
(0.00367422 -0.000564994 0)
(0.00358188 -0.00253154 0)
(0.00345561 -0.00565402 0)
(0.00324183 -0.0102677 0)
(0.0028812 -0.0168934 0)
(0.00230958 -0.0265051 0)
(0.00153483 -0.0412789 0)
(0.000757339 -0.0658201 0)
(0.0107956 -0.00806759 0)
(0.00951135 -0.00658998 0)
(0.00898652 -0.00515653 0)
(0.00850527 -0.00397745 0)
(0.00805732 -0.00282182 0)
(0.00763703 -0.0016803 0)
(0.00725105 -0.000624174 0)
(0.00691024 0.000246554 0)
(0.00661636 0.000825063 0)
(0.00636162 0.00100284 0)
(0.00613472 0.000643569 0)
(0.00591344 -0.000412231 0)
(0.00566687 -0.00234782 0)
(0.0053526 -0.00539466 0)
(0.0049143 -0.00987852 0)
(0.00428256 -0.016316 0)
(0.00341365 -0.0256923 0)
(0.00226899 -0.0402441 0)
(0.00111204 -0.0646823 0)
(0.0128295 -0.00765004 0)
(0.0115964 -0.00616486 0)
(0.0110592 -0.00472681 0)
(0.0105626 -0.00355438 0)
(0.0100981 -0.00241651 0)
(0.00965496 -0.00130217 0)
(0.00923745 -0.000279981 0)
(0.00885366 0.000554416 0)
(0.00850136 0.00110284 0)
(0.00817211 0.00125864 0)
(0.00785437 0.000893692 0)
(0.00752476 -0.000141551 0)
(0.00715226 -0.00202515 0)
(0.00669473 -0.00497265 0)
(0.0060935 -0.00930037 0)
(0.00528123 -0.0155193 0)
(0.00418586 -0.024625 0)
(0.0028107 -0.0388945 0)
(0.00144242 -0.0631544 0)
(0.0142763 -0.0072055 0)
(0.0130752 -0.005719 0)
(0.0125231 -0.00428259 0)
(0.0120105 -0.00311653 0)
(0.011525 -0.00199215 0)
(0.0110547 -0.000898097 0)
(0.010602 9.90542e-05 0)
(0.0101722 0.000908567 0)
(0.00976136 0.00143923 0)
(0.00936297 0.00158459 0)
(0.00896605 0.00122538 0)
(0.00854912 0.000221834 0)
(0.00808379 -0.00159971 0)
(0.00752919 -0.00443966 0)
(0.0068307 -0.00860099 0)
(0.00591076 -0.0145867 0)
(0.00471459 -0.0233946 0)
(0.00317286 -0.0373447 0)
(0.00164634 -0.0613401 0)
(0.0151174 -0.00673995 0)
(0.0139667 -0.00525271 0)
(0.0134013 -0.00382351 0)
(0.0128726 -0.00266272 0)
(0.0123669 -0.00154686 0)
(0.0118694 -0.000466326 0)
(0.0113819 0.000513727 0)
(0.010907 0.00130885 0)
(0.0104416 0.00182948 0)
(0.00998244 0.0019712 0)
(0.00952063 0.00162198 0)
(0.00903953 0.000650917 0)
(0.0085136 -0.00110868 0)
(0.00790954 -0.00384728 0)
(0.00717517 -0.00784573 0)
(0.00623404 -0.0135955 0)
(0.00499107 -0.0220918 0)
(0.00340519 -0.0356743 0)
(0.00186811 -0.0593248 0)
(0.0154 -0.00625617 0)
(0.014295 -0.00476991 0)
(0.0137241 -0.00335286 0)
(0.0131877 -0.00219525 0)
(0.0126664 -0.00108215 0)
(0.012146 -8.34623e-06 0)
(0.0116277 0.000962265 0)
(0.0111126 0.00175171 0)
(0.0106006 0.00226704 0)
(0.010091 0.0024079 0)
(0.00957881 0.00206696 0)
(0.00905405 0.00112037 0)
(0.00849916 -0.000587866 0)
(0.00788923 -0.00324431 0)
(0.00717728 -0.00709621 0)
(0.00627617 -0.0126182 0)
(0.00510178 -0.02079 0)
(0.00351008 -0.0339698 0)
(0.00199484 -0.0571832 0)
(0.0151285 -0.00576622 0)
(0.0140952 -0.00428055 0)
(0.0135344 -0.00287908 0)
(0.0130018 -0.00172104 0)
(0.0124759 -0.000603701 0)
(0.0119417 0.000470509 0)
(0.0114006 0.00144061 0)
(0.0108547 0.00222997 0)
(0.0103069 0.00274381 0)
(0.00975838 0.00288406 0)
(0.00920934 0.00254538 0)
(0.00865867 0.00160928 0)
(0.00809937 -7.03267e-05 0)
(0.00752053 -0.00267354 0)
(0.00687845 -0.00640806 0)
(0.00608945 -0.0117205 0)
(0.0050167 -0.0195647 0)
(0.00352324 -0.032289 0)
(0.0021824 -0.054974 0)
(0.0143557 -0.00528476 0)
(0.0134078 -0.00380227 0)
(0.012877 -0.00241759 0)
(0.01237 -0.00125377 0)
(0.0118553 -0.000122881 0)
(0.0113209 0.00095929 0)
(0.0107708 0.00193829 0)
(0.0102087 0.00273276 0)
(0.00963851 0.00324932 0)
(0.00906331 0.00338872 0)
(0.00848909 0.00304483 0)
(0.00792391 0.00210058 0)
(0.00737668 0.000419684 0)
(0.00685295 -0.00216935 0)
(0.0063178 -0.00582696 0)
(0.00567546 -0.0109582 0)
(0.00480059 -0.0184727 0)
(0.0034193 -0.0307018 0)
(0.00229882 -0.0527496 0)
(0.0131059 -0.0048378 0)
(0.012273 -0.00336113 0)
(0.0118055 -0.00199099 0)
(0.0113512 -0.000813289 0)
(0.0108712 0.000344213 0)
(0.0103549 0.00144356 0)
(0.00981659 0.00243888 0)
(0.0092587 0.00324636 0)
(0.00868314 0.00377213 0)
(0.00809441 0.00391329 0)
(0.00750348 0.00355849 0)
(0.00692979 0.00258832 0)
(0.00639613 0.000868648 0)
(0.00593867 -0.0017539 0)
(0.00552767 -0.00537981 0)
(0.00506298 -0.0103688 0)
(0.00438158 -0.0175694 0)
(0.00319752 -0.0292607 0)
(0.00248421 -0.0505742 0)
(0.0114385 -0.00444817 0)
(0.0107467 -0.00298749 0)
(0.0103743 -0.00162957 0)
(0.0100119 -0.000426131 0)
(0.00959473 0.000777514 0)
(0.00912082 0.0019036 0)
(0.00862469 0.00292182 0)
(0.00809869 0.00375312 0)
(0.00753945 0.00429959 0)
(0.00695102 0.00445086 0)
(0.00634949 0.00408562 0)
(0.00576151 0.00307291 0)
(0.00522872 0.00127787 0)
(0.00483625 -0.00144856 0)
(0.00454737 -0.00507614 0)
(0.00423244 -0.00997724 0)
(0.00379455 -0.0169013 0)
(0.00280621 -0.0280572 0)
(0.0025662 -0.04853 0)
(0.00942907 -0.00416039 0)
(0.00888339 -0.00272935 0)
(0.00864292 -0.00139289 0)
(0.00842141 -0.000141739 0)
(0.00810447 0.00116272 0)
(0.00770089 0.00232225 0)
(0.00728885 0.00337105 0)
(0.00683268 0.00423919 0)
(0.0063161 0.00482393 0)
(0.00574179 0.00500205 0)
(0.00512737 0.0046358 0)
(0.00450989 0.00357652 0)
(0.00393826 0.00166106 0)
(0.00361281 -0.00129071 0)
(0.00344803 -0.00491136 0)
(0.00323747 -0.00980617 0)
(0.00299563 -0.0165486 0)
(0.00231127 -0.0272006 0)
(0.0027464 -0.0466957 0)
(0.0071422 -0.00382483 0)
(0.00675286 -0.00244031 0)
(0.00666561 -0.00117071 0)
(0.00667345 0.000148333 0)
(0.00650629 0.0014431 0)
(0.00618693 0.00260358 0)
(0.00591189 0.00368663 0)
(0.00557131 0.00461804 0)
(0.0051273 0.00527447 0)
(0.004577 0.00551579 0)
(0.0039411 0.00518525 0)
(0.00324795 0.00410493 0)
(0.00253974 0.00204518 0)
(0.00234617 -0.00121441 0)
(0.00237561 -0.00458012 0)
(0.00217463 -0.00955614 0)
(0.00218251 -0.0162553 0)
(0.00192455 -0.0264318 0)
(0.0032142 -0.0449508 0)
(0.00466474 -0.00362662 0)
(0.00435818 -0.00237618 0)
(0.00443924 -0.00128875 0)
(0.00453975 2.0217e-05 0)
(0.00469621 0.00209365 0)
(0.00467737 0.00325354 0)
(0.00462644 0.00443062 0)
(0.00444965 0.00551809 0)
(0.00409892 0.0063451 0)
(0.00357495 0.00675727 0)
(0.00289148 0.00658915 0)
(0.00204982 0.00564233 0)
(0.00113969 0.00357704 0)
(0.00143666 -0.00050835 0)
(0.00178555 -0.00440858 0)
(0.00131672 -0.00988076 0)
(0.00160972 -0.0172658 0)
(0.00224195 -0.0287053 0)
(0.00526517 -0.0489437 0)
(0.00159342 -0.00365329 0)
(0.00148846 -0.00262271 0)
(0.00167054 -0.00182414 0)
(0.00192356 -0.000298177 0)
(0.00313957 0.000345414 0)
(0.00360705 0.00194351 0)
(0.00378385 0.00328426 0)
(0.00374391 0.00456295 0)
(0.00346373 0.00557024 0)
(0.00295573 0.00614749 0)
(0.00223609 0.0061258 0)
(0.00130494 0.00524403 0)
(0.000257226 0.00248824 0)
(0.00064632 -0.00344055 0)
(0.000546391 -0.00293574 0)
(0.000264779 -0.00877784 0)
(0.000539349 -0.0164127 0)
(0.000811565 -0.0282696 0)
(0.00915766 -0.0319473 0)
)
;

boundaryField
{
    leftWall
    {
        type            noSlip;
    }
    rightWall
    {
        type            noSlip;
    }
    lowerWall
    {
        type            noSlip;
    }
    atmosphere
    {
        type            pressureInletOutletVelocity;
        value           nonuniform List<vector> 
46
(
(0 -0.0110884 0)
(0 -0.00513975 0)
(0 -0.000429209 0)
(0.0121949 0.00944079 0)
(0.013682 0.0132252 0)
(0.0144049 0.0149001 0)
(0.0144075 0.0152209 0)
(0.0139297 0.0145886 0)
(0.0131062 0.0133117 0)
(0.0120107 0.0116046 0)
(0.0106623 0.00958978 0)
(0.00902159 0.00721942 0)
(0.0075704 0.00349448 0)
(0.00518886 0.00167888 0)
(0.00450285 6.90088e-05 0)
(0 -0.000951143 0)
(0 -0.00130387 0)
(0 -0.00183048 0)
(0 -0.00232469 0)
(0 -0.00299333 0)
(0 -0.00356296 0)
(0 -0.00398843 0)
(0 -0.00442534 0)
(0 -0.0034143 0)
(0 -0.00354627 0)
(0 -0.00329618 0)
(0 -0.00281016 0)
(0 -0.00365329 0)
(0 -0.00262271 0)
(0 -0.00182414 0)
(0 -0.000298177 0)
(0.00313957 0.000345414 0)
(0.00360705 0.00194351 0)
(0.00378385 0.00328426 0)
(0.00374391 0.00456295 0)
(0.00346373 0.00557024 0)
(0.00295573 0.00614749 0)
(0.00223609 0.0061258 0)
(0.00130494 0.00524403 0)
(0.000257226 0.00248824 0)
(0 -0.00344055 0)
(0 -0.00293574 0)
(0 -0.00877784 0)
(0 -0.0164127 0)
(0 -0.0282696 0)
(0 -0.0319473 0)
)
;
    }
    defaultFaces
    {
        type            empty;
    }
}


// ************************************************************************* //
