/*--------------------------------*- C++ -*----------------------------------*\
  =========                 |
  \\      /  F ield         | OpenFOAM: The Open Source CFD Toolbox
   \\    /   O peration     | Website:  https://openfoam.org
    \\  /    A nd           | Version:  13
     \\/     M anipulation  |
\*---------------------------------------------------------------------------*/
FoamFile
{
    format      ascii;
    class       surfaceScalarField;
    location    "2.9";
    object      phi;
}
// * * * * * * * * * * * * * * * * * * * * * * * * * * * * * * * * * * * * * //

dimensions      [0 3 -1 0 0 0 0];

internalField   nonuniform List<scalar> 
4432
(
-9.88559e-07
9.88563e-07
-2.34173e-06
1.35317e-06
-3.83013e-06
1.48841e-06
-5.22591e-06
1.39579e-06
-6.45776e-06
1.23185e-06
-7.48031e-06
1.02257e-06
-8.27076e-06
7.90453e-07
-8.82835e-06
5.57599e-07
-9.16468e-06
3.36336e-07
-9.29595e-06
1.31268e-07
-9.236e-06
-5.99461e-08
-8.99311e-06
-2.42888e-07
-8.58253e-06
-4.10575e-07
-8.02334e-06
-5.59191e-07
-7.33527e-06
-6.88067e-07
-6.53316e-06
-8.02113e-07
-5.62798e-06
-9.05186e-07
-4.62778e-06
-1.0002e-06
-3.54503e-06
-1.08275e-06
-2.41718e-06
-1.12785e-06
-1.33946e-06
-1.07772e-06
-5.47401e-07
-7.92059e-07
-5.47399e-07
-1.19666e-06
2.18523e-06
-2.58462e-06
2.74115e-06
-4.00835e-06
2.91214e-06
-5.33656e-06
2.72401e-06
-6.49951e-06
2.39481e-06
-7.45919e-06
1.98224e-06
-8.19438e-06
1.52564e-06
-8.70114e-06
1.06437e-06
-8.98871e-06
6.2391e-07
-9.07114e-06
2.1369e-07
-8.95793e-06
-1.73159e-07
-8.6628e-06
-5.38013e-07
-8.20278e-06
-8.70598e-07
-7.60292e-06
-1.15905e-06
-6.88939e-06
-1.4016e-06
-6.0852e-06
-1.6063e-06
-5.21023e-06
-1.78016e-06
-4.28255e-06
-1.92788e-06
-3.32453e-06
-2.04077e-06
-2.37053e-06
-2.08185e-06
-1.47786e-06
-1.97039e-06
-6.90547e-07
-1.57937e-06
-1.23794e-06
-1.41305e-06
3.59828e-06
-2.8062e-06
4.13428e-06
-4.14548e-06
4.25141e-06
-5.37807e-06
3.95659e-06
-6.45282e-06
3.46956e-06
-7.33608e-06
2.86551e-06
-8.00792e-06
2.19748e-06
-8.46184e-06
1.51828e-06
-8.70431e-06
8.66387e-07
-8.7462e-06
2.55576e-07
-8.59615e-06
-3.23201e-07
-8.2684e-06
-8.65759e-07
-7.78417e-06
-1.35482e-06
-7.17183e-06
-1.77139e-06
-6.46079e-06
-2.11264e-06
-5.67775e-06
-2.38933e-06
-4.84723e-06
-2.61068e-06
-3.99248e-06
-2.78263e-06
-3.13823e-06
-2.89501e-06
-2.31183e-06
-2.90825e-06
-1.53829e-06
-2.74392e-06
-7.90166e-07
-2.32749e-06
-2.02811e-06
-1.57603e-06
5.17429e-06
-2.98298e-06
5.54121e-06
-4.24287e-06
5.51128e-06
-5.37785e-06
5.09155e-06
-6.36315e-06
4.45483e-06
-7.17143e-06
3.67377e-06
-7.78089e-06
2.80692e-06
-8.18463e-06
1.922e-06
-8.38722e-06
1.06897e-06
-8.39589e-06
2.6424e-07
-8.21765e-06
-5.01433e-07
-7.86818e-06
-1.21522e-06
-7.37189e-06
-1.8511e-06
-6.75901e-06
-2.38425e-06
-6.06045e-06
-2.81119e-06
-5.30434e-06
-3.14542e-06
-4.51753e-06
-3.39747e-06
-3.72575e-06
-3.57438e-06
-2.95386e-06
-3.66688e-06
-2.22226e-06
-3.63983e-06
-1.53259e-06
-3.43358e-06
-8.11115e-07
-3.04895e-06
-2.83921e-06
-1.68451e-06
6.85879e-06
-3.10222e-06
6.95891e-06
-4.28109e-06
6.69014e-06
-5.32002e-06
6.13047e-06
-6.21713e-06
5.35193e-06
-6.95238e-06
4.40902e-06
-7.50792e-06
3.36247e-06
-7.87224e-06
2.28632e-06
-8.04328e-06
1.24001e-06
-8.02661e-06
2.47565e-07
-7.82922e-06
-6.98812e-07
-7.46811e-06
-1.57633e-06
-6.96953e-06
-2.34968e-06
-6.36467e-06
-2.9891e-06
-5.68427e-06
-3.49159e-06
-4.9562e-06
-3.87347e-06
-4.20829e-06
-4.14537e-06
-3.4674e-06
-4.31527e-06
-2.75801e-06
-4.37626e-06
-2.09591e-06
-4.30193e-06
-1.47189e-06
-4.05759e-06
-7.92968e-07
-3.72786e-06
-3.63217e-06
-1.77143e-06
8.6302e-06
-3.13867e-06
8.32614e-06
-4.2315e-06
7.78297e-06
-5.17311e-06
7.07208e-06
-5.98551e-06
6.16433e-06
-6.6592e-06
5.0827e-06
-7.16854e-06
3.8718e-06
-7.49863e-06
2.6164e-06
-7.64739e-06
1.38877e-06
-7.61768e-06
2.17849e-07
-7.41318e-06
-9.03314e-07
-7.05229e-06
-1.93721e-06
-6.56579e-06
-2.83618e-06
-5.98142e-06
-3.57347e-06
-5.32785e-06
-4.14515e-06
-4.63145e-06
-4.56987e-06
-3.9201e-06
-4.85671e-06
-3.2215e-06
-5.01387e-06
-2.56053e-06
-5.03722e-06
-1.95136e-06
-4.91109e-06
-1.37732e-06
-4.63162e-06
-7.69382e-07
-4.3358e-06
-4.40155e-06
-1.88283e-06
1.0513e-05
-3.1044e-06
9.54768e-06
-4.05868e-06
8.73721e-06
-4.8883e-06
7.90166e-06
-5.59862e-06
6.87462e-06
-6.1986e-06
5.68265e-06
-6.66228e-06
4.33546e-06
-6.96991e-06
2.92401e-06
-7.10576e-06
1.52461e-06
-7.07396e-06
1.86048e-07
-6.88196e-06
-1.09531e-06
-6.54363e-06
-2.27554e-06
-6.08727e-06
-3.29252e-06
-5.53615e-06
-4.12458e-06
-4.9159e-06
-4.76539e-06
-4.25081e-06
-5.23493e-06
-3.5689e-06
-5.5386e-06
-2.89954e-06
-5.6832e-06
-2.27084e-06
-5.6659e-06
-1.69953e-06
-5.48238e-06
-1.17673e-06
-5.15441e-06
-7.17655e-07
-4.79485e-06
-5.11918e-06
-2.08328e-06
1.25962e-05
-2.78726e-06
1.02516e-05
-3.51855e-06
9.46847e-06
-4.1656e-06
8.54868e-06
-4.72727e-06
7.43627e-06
-5.19891e-06
6.15426e-06
-5.56906e-06
4.7056e-06
-5.84047e-06
3.19541e-06
-5.98746e-06
1.67158e-06
-5.97915e-06
1.77739e-07
-5.82543e-06
-1.24903e-06
-5.53537e-06
-2.56558e-06
-5.12695e-06
-3.70094e-06
-4.62192e-06
-4.62959e-06
-4.04151e-06
-5.34578e-06
-3.40917e-06
-5.86724e-06
-2.75029e-06
-6.19746e-06
-2.09562e-06
-6.33785e-06
-1.48036e-06
-6.28114e-06
-9.31081e-07
-6.03165e-06
-4.72111e-07
-5.61336e-06
-2.03983e-07
-5.06296e-06
-5.32314e-06
1.78043e-06
-1.78042e-06
3.02273e-06
-1.2423e-06
3.05443e-06
-3.17031e-08
2.4615e-06
5.92928e-07
1.54421e-06
9.17286e-07
2.166e-07
1.3276e-06
-6.76099e-07
8.92694e-07
-1.21519e-06
5.39089e-07
-1.34558e-06
1.30388e-07
-3.60523e-07
-9.85058e-07
-3.87331e-07
2.68086e-08
-1.60208e-06
1.21475e-06
-9.80081e-07
-6.22e-07
-2.09407e-07
-7.70672e-07
1.51657e-07
-3.61063e-07
3.44293e-07
-1.92635e-07
3.4958e-07
-5.28738e-09
3.71263e-07
-2.16821e-08
3.71262e-07
2.31872e-06
-4.09913e-06
3.63465e-06
-2.55823e-06
3.61894e-06
-1.59889e-08
2.37077e-06
1.84109e-06
1.14983e-06
2.13821e-06
5.98267e-07
1.87916e-06
3.87039e-08
1.45225e-06
-3.2798e-07
9.05769e-07
-6.98675e-07
5.0108e-07
-9.15768e-07
-7.67965e-07
-7.228e-07
-1.66156e-07
-1.8671e-08
5.10629e-07
1.71455e-07
-8.12122e-07
1.51675e-07
-7.50888e-07
1.85455e-07
-3.9484e-07
1.67915e-07
-1.75093e-07
9.19263e-08
7.07039e-08
-6.14467e-08
1.31693e-07
3.09818e-07
2.81036e-06
-6.90949e-06
3.81515e-06
-3.56302e-06
3.82646e-06
-2.72935e-08
3.21653e-06
2.45102e-06
2.33158e-06
3.02316e-06
1.49945e-06
2.71129e-06
8.92094e-07
2.0596e-06
5.48477e-07
1.24938e-06
5.19995e-07
5.2956e-07
-2.58275e-07
1.03028e-08
-2.27476e-07
-1.96958e-07
6.51404e-07
-3.68253e-07
7.05613e-07
-8.66333e-07
3.96792e-07
-4.42068e-07
2.25442e-07
-2.23492e-07
-1.07398e-09
5.14215e-08
-1.46425e-07
2.16053e-07
-4.7097e-07
4.56236e-07
-1.61157e-07
1.60149e-06
-8.51097e-06
2.35849e-06
-4.32002e-06
2.69456e-06
-3.63367e-07
3.62192e-06
1.52366e-06
3.84562e-06
2.79945e-06
2.58563e-06
3.97128e-06
2.08277e-06
2.56246e-06
2.0336e-06
1.29855e-06
2.70332e-06
-1.40157e-07
1.66567e-06
1.04796e-06
1.30799e-06
1.60727e-07
1.22286e-06
-2.83125e-07
9.3775e-07
-5.81215e-07
1.83021e-07
3.12669e-07
-8.42075e-09
-3.20393e-08
3.03267e-08
1.26861e-08
3.39037e-07
-9.26454e-08
1.01762e-06
-2.22334e-07
8.56484e-07
-5.77283e-07
-7.93369e-06
1.92331e-07
-5.08964e-06
9.64374e-07
-1.13541e-06
2.29999e-06
1.88051e-07
3.53104e-06
1.5684e-06
3.21174e-06
4.29059e-06
3.46322e-06
2.31097e-06
4.40019e-06
3.61575e-07
4.72389e-06
-4.63861e-07
4.74231e-06
1.02954e-06
4.18149e-06
7.21545e-07
3.18378e-06
7.14575e-07
2.1894e-07
2.38362e-06
-1.51642e-06
2.04802e-06
-6.87887e-07
-8.60573e-07
9.79484e-07
-1.65469e-06
2.81118e-06
-1.92435e-06
5.93998e-06
-3.35113e-06
6.79644e-06
-5.7793e-07
-7.35575e-06
-3.73114e-07
-5.29446e-06
6.42028e-07
-2.15055e-06
1.26123e-06
-4.31156e-07
2.15386e-06
6.75769e-07
3.075e-06
3.36946e-06
3.79321e-06
1.59276e-06
4.69075e-06
-5.35961e-07
4.86436e-06
-6.37473e-07
4.99529e-06
8.98616e-07
5.30533e-06
4.11511e-07
5.59474e-06
4.25174e-07
-5.67188e-07
8.54556e-06
-2.04463e-06
3.52548e-06
-2.59454e-07
-2.64574e-06
1.55955e-06
-3.47368e-06
3.64878e-06
-4.01358e-06
5.12587e-06
-4.82821e-06
1.19224e-05
5.04094e-07
-7.85984e-06
-9.70303e-09
-4.78066e-06
9.99575e-07
-3.15983e-06
1.48332e-06
-9.14897e-07
1.51195e-06
6.47136e-07
2.66502e-06
2.21639e-06
3.63431e-06
6.23477e-07
4.03954e-06
-9.41194e-07
3.74672e-06
-3.44639e-07
3.93812e-06
7.07223e-07
4.44551e-06
-9.58787e-08
4.47356e-06
3.97136e-07
6.9784e-08
1.29494e-05
-6.37149e-07
4.23242e-06
4.7382e-07
-3.7567e-06
1.7765e-06
-4.77634e-06
3.06258e-06
-5.29964e-06
3.48875e-06
-5.25436e-06
1.54111e-05
1.17293e-06
-9.03276e-06
3.83227e-07
-3.99096e-06
1.37788e-06
-4.15448e-06
1.94732e-06
-1.48434e-06
1.63383e-06
9.60629e-07
2.26529e-06
1.58494e-06
3.04301e-06
-1.54242e-07
2.69583e-06
-5.94018e-07
2.30818e-06
4.3021e-08
2.48994e-06
5.25465e-07
2.84396e-06
-4.49892e-07
2.58721e-06
6.53891e-07
6.3722e-07
1.48993e-05
8.7862e-07
3.99103e-06
1.234e-06
-4.11207e-06
1.6654e-06
-5.20774e-06
1.98501e-06
-5.61924e-06
1.52233e-06
-4.79168e-06
1.69335e-05
-1.57565e-06
1.41718e-05
-2.89165e-06
1.15676e-05
-3.52973e-06
1.01065e-05
-3.89902e-06
8.91794e-06
-4.08774e-06
7.62497e-06
-4.11247e-06
6.17898e-06
-4.09326e-06
4.68639e-06
-4.06967e-06
3.17182e-06
-3.98502e-06
1.58693e-06
-3.77419e-06
-3.30886e-08
-3.41148e-06
-1.61174e-06
-2.90421e-06
-3.07283e-06
-2.25407e-06
-4.35106e-06
-1.48779e-06
-5.39586e-06
-6.18349e-07
-6.2152e-06
3.43592e-07
-6.82916e-06
1.37185e-06
-7.22569e-06
2.4118e-06
-7.37777e-06
3.36068e-06
-7.22999e-06
4.09585e-06
-6.76679e-06
4.42114e-06
-5.93862e-06
3.85434e-06
-4.49614e-06
-1.79533e-06
3.26529e-07
-4.27172e-07
1.4599e-05
-3.82122e-07
1.15226e-05
-5.65922e-08
9.78101e-06
3.87832e-07
8.47354e-06
9.74252e-07
7.03857e-06
1.70333e-06
5.44992e-06
2.42898e-06
3.96074e-06
3.03764e-06
2.56318e-06
3.56365e-06
1.06092e-06
4.0574e-06
-5.26838e-07
4.52744e-06
-2.08178e-06
4.98273e-06
-3.52812e-06
5.43376e-06
-4.8021e-06
5.8702e-06
-5.8323e-06
6.29369e-06
-6.6387e-06
6.7169e-06
-7.25238e-06
7.11849e-06
-7.62729e-06
7.47059e-06
-7.72988e-06
7.65628e-06
-7.41569e-06
7.6162e-06
-6.72672e-06
7.33083e-06
-5.65325e-06
6.7937e-06
-3.95901e-06
-1.33266e-06
6.33102e-06
1.22405e-06
1.3375e-05
1.8562e-06
1.08904e-05
2.62521e-06
9.01203e-06
3.42495e-06
7.67383e-06
4.33175e-06
6.1318e-06
5.43161e-06
4.35009e-06
6.49408e-06
2.89829e-06
7.32075e-06
1.73652e-06
8.04489e-06
3.36791e-07
8.66616e-06
-1.1481e-06
9.14596e-06
-2.56158e-06
9.48465e-06
-3.86682e-06
9.73007e-06
-5.04752e-06
9.84414e-06
-5.94639e-06
9.83944e-06
-6.63403e-06
9.73736e-06
-7.15032e-06
9.49111e-06
-7.38106e-06
8.99346e-06
-7.23225e-06
8.24057e-06
-6.66282e-06
7.26211e-06
-5.74827e-06
6.12861e-06
-4.51976e-06
5.03182e-06
-2.86225e-06
-3.15236e-07
4.01438e-06
2.68541e-06
1.06896e-05
3.82817e-06
9.7477e-06
4.89113e-06
7.9491e-06
6.03332e-06
6.53165e-06
7.15732e-06
5.00782e-06
8.20903e-06
3.2984e-06
9.0633e-06
2.04403e-06
9.95636e-06
8.43473e-07
1.07069e-05
-4.13777e-07
1.12606e-05
-1.70172e-06
1.15804e-05
-2.88144e-06
1.16179e-05
-3.90427e-06
1.14654e-05
-4.89508e-06
1.12967e-05
-5.77767e-06
1.09186e-05
-6.25596e-06
1.01866e-05
-6.41836e-06
9.11167e-06
-6.30614e-06
7.82976e-06
-5.95037e-06
6.37369e-06
-5.20677e-06
4.77283e-06
-4.14743e-06
3.18612e-06
-2.93308e-06
1.82599e-06
-1.50213e-06
5.64524e-07
9.46201e-07
1.82951e-06
8.86011e-06
4.55609e-06
7.02112e-06
6.58001e-06
5.92519e-06
8.28391e-06
4.82776e-06
9.65128e-06
3.64046e-06
1.03831e-05
2.56662e-06
1.08963e-05
1.53082e-06
1.16691e-05
7.06675e-08
1.23192e-05
-1.06389e-06
1.26986e-05
-2.08109e-06
1.27865e-05
-2.96928e-06
1.25383e-05
-3.65608e-06
1.2057e-05
-4.41386e-06
1.15078e-05
-5.22847e-06
1.07013e-05
-5.44945e-06
9.46468e-06
-5.18175e-06
7.91081e-06
-4.75229e-06
6.35654e-06
-4.39613e-06
4.7484e-06
-3.59866e-06
3.06046e-06
-2.45951e-06
1.37423e-06
-1.24687e-06
-1.84797e-07
5.68743e-08
1.58887e-06
-1.20917e-06
2.58463e-06
6.27546e-06
5.30278e-06
4.30297e-06
7.44315e-06
3.78481e-06
9.09942e-06
3.17149e-06
1.02729e-05
2.467e-06
1.10022e-05
1.83734e-06
1.17264e-05
8.06625e-07
1.229e-05
-4.9302e-07
1.27704e-05
-1.5442e-06
1.30672e-05
-2.3779e-06
1.31512e-05
-3.05335e-06
1.30597e-05
-3.56458e-06
1.26694e-05
-4.02355e-06
1.18147e-05
-4.37378e-06
1.06914e-05
-4.32619e-06
9.38958e-06
-3.87992e-06
7.88298e-06
-3.24571e-06
6.02078e-06
-2.53395e-06
4.01975e-06
-1.59766e-06
2.02889e-06
-4.68677e-07
1.27408e-07
6.54578e-07
-1.50171e-06
1.68598e-06
2.66323e-06
-2.5761e-06
3.83875e-06
2.4367e-06
6.03865e-06
2.10306e-06
7.88035e-06
1.94311e-06
9.30261e-06
1.74923e-06
1.03585e-05
1.4111e-06
1.13024e-05
8.93397e-07
1.21004e-05
8.67125e-09
1.26351e-05
-1.02776e-06
1.30476e-05
-1.95671e-06
1.33563e-05
-2.68653e-06
1.34967e-05
-3.19378e-06
1.33482e-05
-3.41609e-06
1.28816e-05
-3.55695e-06
1.20209e-05
-3.51311e-06
1.08344e-05
-3.13967e-06
9.39547e-06
-2.44104e-06
7.69091e-06
-1.54116e-06
5.65435e-06
-4.97409e-07
3.4367e-06
6.19978e-07
1.18226e-06
1.78575e-06
-8.73231e-07
2.71006e-06
-2.5849e-06
3.39764e-06
3.86337e-06
-3.78505e-06
3.49223e-06
-1.05553e-06
6.17692e-06
-5.81644e-07
8.10675e-06
1.32867e-08
9.51728e-06
3.38711e-07
1.06431e-05
2.85322e-07
1.16113e-05
-7.48621e-08
1.24145e-05
-7.94487e-07
1.29804e-05
-1.59371e-06
1.3359e-05
-2.33524e-06
1.3597e-05
-2.92455e-06
1.366e-05
-3.25686e-06
1.34992e-05
-3.25526e-06
1.29955e-05
-3.0533e-06
1.20823e-05
-2.59984e-06
1.07818e-05
-1.83926e-06
9.15253e-06
-8.11747e-07
7.25357e-06
3.57794e-07
5.05231e-06
1.70386e-06
2.62641e-06
3.04588e-06
2.72163e-07
4.14001e-06
-1.83003e-06
4.81227e-06
-3.5361e-06
5.10373e-06
5.13458e-06
-4.8073e-06
3.71595e-06
-4.77153e-06
6.82119e-06
-3.68692e-06
8.86614e-06
-2.03167e-06
1.0262e-05
-1.05711e-06
1.14079e-05
-8.60649e-07
1.25639e-05
-1.2308e-06
1.35236e-05
-1.75423e-06
1.409e-05
-2.16008e-06
1.43431e-05
-2.58832e-06
1.43905e-05
-2.97193e-06
1.42311e-05
-3.09748e-06
1.38249e-05
-2.84902e-06
1.30579e-05
-2.28634e-06
1.18075e-05
-1.34939e-06
1.01013e-05
-1.33086e-07
8.06583e-06
1.22376e-06
5.77571e-06
2.64791e-06
3.36594e-06
4.11362e-06
1.03524e-06
5.37658e-06
-1.08541e-06
6.26065e-06
-2.90477e-06
6.63163e-06
-4.28797e-06
6.48692e-06
5.97728e-06
-5.13064e-06
4.37346e-06
-9.14524e-06
5.7801e-06
-5.09367e-06
7.96551e-06
-4.21715e-06
9.88928e-06
-2.98089e-06
1.13506e-05
-2.32193e-06
1.24862e-05
-2.36642e-06
1.33782e-05
-2.64623e-06
1.40321e-05
-2.81386e-06
1.43281e-05
-2.88418e-06
1.42064e-05
-2.85009e-06
1.37327e-05
-2.62356e-06
1.29225e-05
-2.03867e-06
1.17103e-05
-1.07388e-06
1.01033e-05
2.57753e-07
8.1909e-06
1.77946e-06
6.16841e-06
3.24632e-06
4.17482e-06
4.64147e-06
2.34536e-06
5.94299e-06
6.85795e-07
7.03602e-06
-8.29911e-07
7.77621e-06
-2.20889e-06
8.01047e-06
-3.37771e-06
7.65566e-06
6.76328e-06
-4.16396e-06
-1.89501e-06
-7.25044e-06
-1.21496e-06
-5.77391e-06
-7.64285e-07
-4.66797e-06
-1.57121e-07
-3.58814e-06
6.67556e-07
-3.14664e-06
1.75924e-06
-3.45807e-06
3.28647e-06
-4.17337e-06
5.02253e-06
-4.54977e-06
6.21161e-06
-4.07307e-06
6.59628e-06
-3.23454e-06
6.40048e-06
-2.42752e-06
5.78187e-06
-1.41981e-06
4.82764e-06
-1.19409e-07
3.64419e-06
1.44141e-06
2.39593e-06
3.02788e-06
1.21659e-06
4.42574e-06
2.66836e-07
5.59123e-06
-3.7064e-07
6.5804e-06
-7.33661e-07
7.3989e-06
-9.3744e-07
7.97987e-06
-1.13958e-06
8.21252e-06
-1.49283e-06
8.00844e-06
6.93178e-06
-1.66183e-06
-2.91469e-06
-4.33611e-06
-4.2418e-06
-4.44702e-06
-4.69274e-06
-4.21717e-06
-4.74642e-06
-3.53456e-06
-4.52785e-06
-3.36527e-06
-3.95179e-06
-4.03416e-06
-2.77477e-06
-5.35041e-06
-1.52349e-06
-5.80105e-06
-5.09168e-07
-5.08739e-06
-1.99143e-07
-3.54455e-06
-3.12431e-07
-2.31421e-06
-6.41325e-07
-1.09089e-06
-1.05692e-06
2.96219e-07
-1.4519e-06
1.83644e-06
-1.80272e-06
3.37876e-06
-2.09664e-06
4.71973e-06
-2.30442e-06
5.79906e-06
-2.38298e-06
6.659e-06
-2.30464e-06
7.32064e-06
-2.08545e-06
7.76081e-06
-1.79293e-06
7.92001e-06
-1.52812e-06
7.7438e-06
7.01824e-06
-1.61498e-06
-2.97299e-06
-1.36332e-06
-4.66938e-06
-2.7508e-06
-5.64639e-06
-3.24027e-06
-6.22345e-06
-2.95758e-06
-6.57876e-06
-3.01001e-06
-6.57395e-06
-4.03902e-06
-6.15883e-06
-5.76558e-06
-5.71075e-06
-6.2492e-06
-5.23071e-06
-5.56751e-06
-5.07386e-06
-3.70149e-06
-5.1424e-06
-2.24578e-06
-5.25229e-06
-9.81096e-07
-5.31456e-06
3.58394e-07
-5.26011e-06
1.78193e-06
-5.072e-06
3.19062e-06
-4.79945e-06
4.44719e-06
-4.48232e-06
5.48199e-06
-4.11197e-06
6.28873e-06
-3.6642e-06
6.87301e-06
-3.13023e-06
7.22709e-06
-2.53728e-06
7.32735e-06
-1.95513e-06
7.16171e-06
6.70072e-06
-1.63778e-06
-2.87679e-06
1.51315e-06
-4.51081e-06
-1.11695e-06
-5.64573e-06
-2.10546e-06
-6.40596e-06
-2.19741e-06
-7.00211e-06
-2.41391e-06
-7.4082e-06
-3.63298e-06
-7.84479e-06
-5.32903e-06
-8.05607e-06
-6.03799e-06
-8.22689e-06
-5.39678e-06
-8.30816e-06
-3.62032e-06
-8.36617e-06
-2.18788e-06
-8.37479e-06
-9.72584e-07
-8.27321e-06
2.56725e-07
-8.02847e-06
1.53711e-06
-7.62808e-06
2.79019e-06
-7.10249e-06
3.92159e-06
-6.4934e-06
4.87293e-06
-5.82126e-06
5.61667e-06
-5.09057e-06
6.14246e-06
-4.30615e-06
6.44294e-06
-3.49026e-06
6.51168e-06
-2.68788e-06
6.35958e-06
6.06018e-06
-2.04753e-06
-2.25279e-06
3.76589e-06
-3.96948e-06
5.99641e-07
-5.26543e-06
-8.0958e-07
-6.23118e-06
-1.23171e-06
-6.9025e-06
-1.74263e-06
-7.57885e-06
-2.95668e-06
-8.49883e-06
-4.40909e-06
-9.33608e-06
-5.20078e-06
-1.00098e-05
-4.72315e-06
-1.02942e-05
-3.33601e-06
-1.03639e-05
-2.11826e-06
-1.03179e-05
-1.0186e-06
-1.01405e-05
7.92851e-08
-9.81086e-06
1.2074e-06
-9.31994e-06
2.29925e-06
-8.68825e-06
3.28989e-06
-7.94962e-06
4.13432e-06
-7.1332e-06
4.80029e-06
-6.25933e-06
5.26868e-06
-5.34629e-06
5.53012e-06
-4.41894e-06
5.58453e-06
-3.5097e-06
5.45042e-06
5.24413e-06
-2.69382e-06
-1.65092e-06
5.41657e-06
-3.39158e-06
2.34017e-06
-4.86159e-06
6.60369e-07
-5.97154e-06
-1.21807e-07
-6.74196e-06
-9.72245e-07
-7.54602e-06
-2.15264e-06
-8.59703e-06
-3.35811e-06
-9.78066e-06
-4.01718e-06
-1.07097e-05
-3.79419e-06
-1.11208e-05
-2.92492e-06
-1.12714e-05
-1.96769e-06
-1.12497e-05
-1.04032e-06
-1.10749e-05
-9.55068e-08
-1.07356e-05
8.68076e-07
-1.0232e-05
1.79562e-06
-9.58388e-06
2.6418e-06
-8.81887e-06
3.36933e-06
-7.9661e-06
3.94754e-06
-7.05228e-06
4.35493e-06
-6.10287e-06
4.58087e-06
-5.1433e-06
4.62509e-06
-4.19816e-06
4.50542e-06
4.34504e-06
-3.29931e-06
-1.35899e-06
6.77556e-06
-2.93733e-06
3.91846e-06
-4.43598e-06
2.15898e-06
-5.55003e-06
9.92213e-07
-6.4364e-06
-8.58955e-08
-7.35303e-06
-1.23603e-06
-8.43722e-06
-2.27394e-06
-9.57659e-06
-2.87782e-06
-1.05003e-05
-2.87054e-06
-1.10464e-05
-2.37877e-06
-1.13012e-05
-1.71288e-06
-1.13535e-05
-9.88039e-07
-1.12288e-05
-2.20247e-07
-1.09289e-05
5.68248e-07
-1.04658e-05
1.33251e-06
-9.85847e-06
2.03446e-06
-9.13158e-06
2.64245e-06
-8.31251e-06
3.12848e-06
-7.42918e-06
3.47164e-06
-6.5082e-06
3.66003e-06
-5.57513e-06
3.69214e-06
-4.64864e-06
3.57892e-06
3.43673e-06
-3.74053e-06
-1.22954e-06
8.00493e-06
-2.5854e-06
5.27426e-06
-3.87925e-06
3.4528e-06
-4.95887e-06
2.07182e-06
-5.90197e-06
8.57187e-07
-6.85761e-06
-2.80397e-07
-7.89355e-06
-1.23802e-06
-8.92872e-06
-1.84266e-06
-9.79729e-06
-2.00198e-06
-1.03842e-05
-1.79188e-06
-1.07153e-05
-1.38173e-06
-1.08393e-05
-8.64103e-07
-1.07784e-05
-2.81113e-07
-1.05435e-05
3.33342e-07
-1.01492e-05
9.38273e-07
-9.61489e-06
1.50017e-06
-8.96307e-06
1.99064e-06
-8.21907e-06
2.38449e-06
-7.40939e-06
2.66201e-06
-6.5604e-06
2.81115e-06
-5.69472e-06
2.82653e-06
-4.82807e-06
2.71238e-06
2.57873e-06
-3.97036e-06
-1.03074e-06
9.03578e-06
-2.15056e-06
6.39409e-06
-3.24421e-06
4.54645e-06
-4.23874e-06
3.06634e-06
-5.16366e-06
1.7821e-06
-6.0928e-06
6.48748e-07
-7.05015e-06
-2.80677e-07
-7.97768e-06
-9.15133e-07
-8.76999e-06
-1.20967e-06
-9.3523e-06
-1.20957e-06
-9.72264e-06
-1.01139e-06
-9.8996e-06
-6.87128e-07
-9.89928e-06
-2.81412e-07
-9.73366e-06
1.67742e-07
-9.4177e-06
6.22333e-07
-8.96966e-06
1.05215e-06
-8.4101e-06
1.4311e-06
-7.76201e-06
1.73641e-06
-7.04971e-06
1.94974e-06
-6.29657e-06
2.05814e-06
-5.52419e-06
2.05425e-06
-4.74715e-06
1.93528e-06
1.80543e-06
-3.97405e-06
-7.61856e-07
9.79754e-06
-1.64645e-06
7.27867e-06
-2.55407e-06
5.45407e-06
-3.4332e-06
3.94548e-06
-4.28894e-06
2.63784e-06
-5.14758e-06
1.50739e-06
-6.0104e-06
5.82152e-07
-6.83284e-06
-9.26919e-08
-7.54626e-06
-4.9625e-07
-8.0996e-06
-6.56235e-07
-8.47909e-06
-6.31889e-07
-8.68938e-06
-4.76823e-07
-8.73862e-06
-2.32152e-07
-8.63665e-06
6.57986e-08
-8.39736e-06
3.83068e-07
-8.03696e-06
6.91774e-07
-7.57375e-06
9.67898e-07
-7.02809e-06
1.19076e-06
-6.42143e-06
1.34312e-06
-5.77545e-06
1.41227e-06
-5.1086e-06
1.38745e-06
-4.43464e-06
1.26145e-06
1.13892e-06
-3.76841e-06
-4.66238e-07
1.02639e-05
-1.12374e-06
7.93623e-06
-1.85123e-06
6.18159e-06
-2.59863e-06
4.6929e-06
-3.35329e-06
3.39251e-06
-4.11538e-06
2.2695e-06
-4.87334e-06
1.34012e-06
-5.59309e-06
6.27067e-07
-6.22692e-06
1.37583e-07
-6.73665e-06
-1.4649e-07
-7.10579e-06
-2.62742e-07
-7.33154e-06
-2.51059e-07
-7.4168e-06
-1.46873e-07
-7.36853e-06
1.75529e-08
-7.19807e-06
2.12633e-07
-6.91927e-06
4.13003e-07
-6.54803e-06
5.96675e-07
-6.10215e-06
7.44892e-07
-5.6005e-06
8.41492e-07
-5.06115e-06
8.73035e-07
-4.50183e-06
8.28234e-07
-3.93607e-06
6.9563e-07
5.79838e-07
-3.37716e-06
-1.92063e-07
1.0456e-05
-6.3516e-07
8.37937e-06
-1.1872e-06
6.73367e-06
-1.79259e-06
5.29832e-06
-2.42733e-06
4.02729e-06
-3.0777e-06
2.91988e-06
-3.72548e-06
1.98792e-06
-4.34217e-06
1.24377e-06
-4.89382e-06
6.89247e-07
-5.35084e-06
3.10539e-07
-5.69594e-06
8.23737e-08
-5.92253e-06
-2.44481e-08
-6.03037e-06
-3.90128e-08
-6.02374e-06
1.09513e-08
-5.91106e-06
9.99798e-08
-5.70366e-06
2.05625e-07
-5.41512e-06
3.08157e-07
-5.06062e-06
3.90397e-07
-4.65589e-06
4.36816e-07
-4.21772e-06
4.34961e-07
-3.76046e-06
3.71028e-07
-3.2964e-06
2.31686e-07
1.26515e-07
-2.84334e-06
3.20594e-08
1.04241e-05
-2.21885e-07
8.63343e-06
-6.05182e-07
7.11704e-06
-1.06348e-06
5.75667e-06
-1.56775e-06
4.5316e-06
-2.09753e-06
3.4497e-06
-2.6319e-06
2.5223e-06
-3.14586e-06
1.75775e-06
-3.61276e-06
1.15617e-06
-4.00952e-06
7.07318e-07
-4.32004e-06
3.92911e-07
-4.53556e-06
1.91091e-07
-4.65361e-06
7.9062e-08
-4.67618e-06
3.35523e-08
-4.60913e-06
3.29579e-08
-4.46125e-06
5.77681e-08
-4.24357e-06
9.04946e-08
-3.96865e-06
1.15497e-07
-3.65038e-06
1.1857e-07
-3.3019e-06
8.65947e-08
-2.93686e-06
6.08524e-09
-2.56657e-06
-1.38662e-07
-2.35543e-07
-2.20469e-06
1.75654e-07
1.02486e-05
9.21387e-08
8.71706e-06
-1.30943e-07
7.34021e-06
-4.42377e-07
6.06817e-06
-8.12044e-07
4.90131e-06
-1.21735e-06
3.85504e-06
-1.63692e-06
2.94191e-06
-2.04842e-06
2.16927e-06
-2.42968e-06
1.53745e-06
-2.76139e-06
1.03905e-06
-3.02918e-06
6.60724e-07
-3.22369e-06
3.85618e-07
-3.34093e-06
1.96331e-07
-3.38092e-06
7.35787e-08
-3.34724e-06
-6.93146e-10
-3.24632e-06
-4.31235e-08
-3.08684e-06
-6.89684e-08
-2.87896e-06
-9.23715e-08
-2.63383e-06
-1.26516e-07
-2.36352e-06
-1.83632e-07
-2.07814e-06
-2.79243e-07
-1.78732e-06
-4.29382e-07
-5.13568e-07
-1.50953e-06
2.59041e-07
9.98978e-06
3.1019e-07
8.66608e-06
2.31128e-07
7.41939e-06
6.00089e-08
6.23938e-06
-1.77175e-07
5.13856e-06
-4.59016e-07
4.13693e-06
-7.65263e-07
3.24819e-06
-1.07591e-06
2.47995e-06
-1.37191e-06
1.83348e-06
-1.63644e-06
1.3036e-06
-1.85631e-06
8.80622e-07
-2.02249e-06
5.51823e-07
-2.12966e-06
3.03529e-07
-2.17666e-06
1.20613e-07
-2.16503e-06
-1.22954e-08
-2.09908e-06
-1.09038e-07
-1.98529e-06
-1.82738e-07
-1.83174e-06
-2.459e-07
-1.64767e-06
-3.10569e-07
-1.44194e-06
-3.89262e-07
-1.22408e-06
-4.97013e-07
-9.99743e-07
-6.53754e-07
-7.23191e-07
-7.90283e-07
2.95369e-07
9.6946e-06
4.49883e-07
8.51174e-06
4.94175e-07
7.37523e-06
4.50466e-07
6.28318e-06
3.37671e-07
5.25143e-06
1.73593e-07
4.30106e-06
-2.4225e-08
3.44605e-06
-2.38295e-07
2.69405e-06
-4.51687e-07
2.0469e-06
-6.49398e-07
1.50134e-06
-8.19259e-07
1.05051e-06
-9.5234e-07
6.84935e-07
-1.0427e-06
3.93922e-07
-1.08825e-06
1.662e-07
-1.089e-06
-1.15137e-08
-1.04741e-06
-1.50595e-07
-9.68083e-07
-2.62045e-07
-8.57103e-07
-3.56873e-07
-7.21456e-07
-4.46174e-07
-5.69506e-07
-5.41129e-07
-4.10786e-07
-6.55685e-07
-2.58102e-07
-8.06358e-07
-8.91137e-07
-9.03547e-08
3.05312e-07
9.38961e-06
5.36789e-07
8.28049e-06
6.82701e-07
7.22948e-06
7.49325e-07
6.21667e-06
7.47372e-07
5.25346e-06
6.89856e-07
4.35864e-06
5.91175e-07
3.54478e-06
4.66434e-07
2.81883e-06
3.30454e-07
2.18292e-06
1.9664e-07
1.63519e-06
7.63348e-08
1.17085e-06
-2.17005e-08
7.83003e-07
-9.1271e-08
4.63528e-07
-1.2942e-07
2.04385e-07
-1.35068e-07
-5.82948e-09
-1.0923e-07
-1.76403e-07
-5.48301e-08
-3.16423e-07
2.37215e-08
-4.35402e-07
1.20936e-07
-5.4337e-07
2.31528e-07
-6.51627e-07
3.49394e-07
-7.73473e-07
4.72039e-07
-9.29008e-07
-9.9866e-07
5.79398e-07
3.07507e-07
9.0824e-06
5.96794e-07
7.99145e-06
8.24302e-07
7.00215e-06
9.82646e-07
6.05846e-06
1.07484e-06
5.16137e-06
1.10912e-06
4.32442e-06
1.0967e-06
3.55725e-06
1.05029e-06
2.86528e-06
9.82884e-07
2.25036e-06
9.06668e-07
1.71144e-06
8.32265e-07
1.24528e-06
7.68203e-07
8.471e-07
7.20704e-07
5.11063e-07
6.93439e-07
2.31688e-07
6.88169e-07
-5.24076e-10
7.04962e-07
-1.93163e-07
7.42161e-07
-3.53596e-07
7.96897e-07
-4.90128e-07
8.65469e-07
-6.11903e-07
9.42786e-07
-7.28864e-07
1.02518e-06
-8.55812e-07
1.10788e-06
-1.01166e-06
-1.06987e-06
1.17892e-06
3.1599e-07
8.76674e-06
6.51848e-07
7.65584e-06
9.44319e-07
6.70986e-06
1.17621e-06
5.82669e-06
1.34448e-06
4.99319e-06
1.45344e-06
4.21553e-06
1.51164e-06
3.4991e-06
1.52988e-06
2.84709e-06
1.51972e-06
2.26055e-06
1.49238e-06
1.73881e-06
1.45785e-06
1.27985e-06
1.42435e-06
8.80634e-07
1.39805e-06
5.37408e-07
1.38291e-06
2.4686e-07
1.38114e-06
1.28347e-09
1.39348e-06
-2.0547e-07
1.41923e-06
-3.79323e-07
1.45652e-06
-5.27394e-07
1.50249e-06
-6.5785e-07
1.55464e-06
-7.80923e-07
1.60839e-06
-9.09497e-07
1.65971e-06
-1.06296e-06
-1.11434e-06
1.70403e-06
3.39891e-07
8.42719e-06
7.18171e-07
7.27781e-06
1.06312e-06
6.36509e-06
1.35205e-06
5.53789e-06
1.57825e-06
4.76708e-06
1.74366e-06
4.0502e-06
1.85517e-06
3.38765e-06
1.92242e-06
2.77989e-06
1.95611e-06
2.2269e-06
1.96679e-06
1.72816e-06
1.96399e-06
1.28269e-06
1.95558e-06
8.89072e-07
1.94754e-06
5.45491e-07
1.94378e-06
2.50653e-07
1.94666e-06
-1.56333e-09
1.95719e-06
-2.15961e-07
1.97515e-06
-3.97257e-07
1.99949e-06
-5.51727e-07
2.02869e-06
-6.87009e-07
2.05974e-06
-8.11899e-07
2.09071e-06
-9.40394e-07
2.1187e-06
-1.09093e-06
-1.1326e-06
2.13684e-06
3.84058e-07
8.04338e-06
8.06227e-07
6.85586e-06
1.19503e-06
5.97644e-06
1.52659e-06
5.20646e-06
1.79332e-06
4.50042e-06
1.99671e-06
3.84686e-06
2.14345e-06
3.24095e-06
2.24299e-06
2.68039e-06
2.30583e-06
2.16409e-06
2.34231e-06
1.69171e-06
2.36167e-06
1.26336e-06
2.37145e-06
8.79319e-07
2.37726e-06
5.39718e-07
2.38268e-06
2.4526e-07
2.38985e-06
-8.69847e-09
2.39962e-06
-2.25703e-07
2.41199e-06
-4.09604e-07
2.4263e-06
-5.66019e-07
2.44137e-06
-7.02055e-07
2.45634e-06
-8.26795e-07
2.46841e-06
-9.52418e-07
2.47497e-06
-1.09744e-06
-1.13395e-06
2.47617e-06
4.50688e-07
7.59299e-06
9.21839e-07
6.38491e-06
1.34878e-06
5.54964e-06
1.71032e-06
4.84501e-06
2.00105e-06
4.20976e-06
2.22426e-06
3.6237e-06
2.38805e-06
3.0772e-06
2.50283e-06
2.56563e-06
2.57968e-06
2.08726e-06
2.62914e-06
1.64227e-06
2.6604e-06
1.23212e-06
2.68074e-06
8.59012e-07
2.69519e-06
5.25292e-07
2.70675e-06
2.33728e-07
2.71688e-06
-1.88034e-08
2.72589e-06
-2.34688e-07
2.73353e-06
-4.17225e-07
2.73945e-06
-5.71945e-07
2.74332e-06
-7.05891e-07
2.74367e-06
-8.27095e-07
2.73983e-06
-9.48521e-07
2.72984e-06
-1.0875e-06
-1.1148e-06
2.71055e-06
5.39912e-07
7.05322e-06
1.06719e-06
5.85776e-06
1.5281e-06
5.08882e-06
1.90804e-06
4.46513e-06
2.2069e-06
3.91095e-06
2.43223e-06
3.3984e-06
2.59529e-06
2.91417e-06
2.70861e-06
2.45233e-06
2.78455e-06
2.01133e-06
2.83431e-06
1.59252e-06
2.86726e-06
1.19918e-06
2.89043e-06
8.35856e-07
2.90813e-06
5.07604e-07
2.92255e-06
2.19331e-07
2.93389e-06
-3.01288e-08
2.94146e-06
-2.42249e-07
2.94452e-06
-4.2028e-07
2.94266e-06
-5.70071e-07
2.93562e-06
-6.98858e-07
2.924e-06
-8.15428e-07
2.90605e-06
-9.30592e-07
2.87983e-06
-1.06126e-06
-1.08365e-06
2.8485e-06
6.51266e-07
6.40211e-06
1.2419e-06
5.26722e-06
1.73265e-06
4.59813e-06
2.11937e-06
4.07845e-06
2.41065e-06
3.61969e-06
2.62093e-06
3.18813e-06
2.76629e-06
2.7688e-06
2.86241e-06
2.35621e-06
2.92347e-06
1.95027e-06
2.96164e-06
1.55435e-06
2.98662e-06
1.1742e-06
3.00533e-06
8.17158e-07
3.02136e-06
4.91576e-07
3.03557e-06
2.05133e-07
3.04642e-06
-4.09719e-08
3.05169e-06
-2.47507e-07
3.04967e-06
-4.18262e-07
3.03991e-06
-5.60328e-07
3.02312e-06
-6.82052e-07
2.99926e-06
-7.91559e-07
2.96894e-06
-9.0026e-07
2.93094e-06
-1.02335e-06
-1.0383e-06
2.88544e-06
7.83364e-07
5.61874e-06
1.44295e-06
4.60766e-06
1.95803e-06
4.08306e-06
2.33886e-06
3.69764e-06
2.60663e-06
3.35192e-06
2.78537e-06
3.00938e-06
2.89753e-06
2.65663e-06
2.96248e-06
2.29125e-06
2.99638e-06
1.91636e-06
3.01243e-06
1.5383e-06
3.02084e-06
1.16578e-06
3.02858e-06
8.09425e-07
3.0387e-06
4.81458e-07
3.05029e-06
1.93542e-07
3.05936e-06
-5.00287e-08
3.06149e-06
-2.49633e-07
3.05374e-06
-4.1052e-07
3.03554e-06
-5.42125e-07
3.00806e-06
-6.54597e-07
2.97362e-06
-7.57095e-07
2.93224e-06
-8.5891e-07
2.8828e-06
-9.73912e-07
-9.86542e-07
2.83088e-06
9.34406e-07
4.68433e-06
1.66439e-06
3.87764e-06
2.19528e-06
3.55214e-06
2.55541e-06
3.33749e-06
2.78342e-06
3.12389e-06
2.9157e-06
2.87708e-06
2.9818e-06
2.59051e-06
3.00457e-06
2.26847e-06
3.0017e-06
1.91922e-06
2.98709e-06
1.55289e-06
2.97158e-06
1.18129e-06
2.96268e-06
8.18323e-07
2.96339e-06
4.80747e-07
2.97078e-06
1.86149e-07
2.9773e-06
-5.65479e-08
2.97564e-06
-2.47969e-07
2.96112e-06
-3.96004e-07
2.93338e-06
-5.14422e-07
2.89538e-06
-6.16588e-07
2.84979e-06
-7.11512e-07
2.79901e-06
-8.0815e-07
2.74276e-06
-9.1777e-07
-9.25626e-07
2.68167e-06
1.10039e-06
3.58382e-06
1.89504e-06
3.08291e-06
2.42839e-06
3.01871e-06
2.75038e-06
3.01546e-06
2.92335e-06
2.95087e-06
2.99795e-06
2.80244e-06
3.01007e-06
2.57836e-06
2.98445e-06
2.29406e-06
2.93899e-06
1.96464e-06
2.88772e-06
1.60414e-06
2.84216e-06
1.22681e-06
2.81135e-06
8.49123e-07
2.79956e-06
4.92518e-07
2.80177e-06
1.83926e-07
2.80522e-06
-6.00064e-08
2.79886e-06
-2.41625e-07
2.77611e-06
-3.73283e-07
2.73704e-06
-4.75368e-07
2.68667e-06
-5.66267e-07
2.63101e-06
-6.55865e-07
2.57245e-06
-7.49664e-07
2.51101e-06
-8.56421e-07
-8.65068e-07
2.45029e-06
1.27188e-06
2.31176e-06
2.11228e-06
2.24236e-06
2.62889e-06
2.502e-06
2.89476e-06
2.7495e-06
3.00259e-06
2.84297e-06
3.01638e-06
2.7886e-06
2.97487e-06
2.61983e-06
2.90164e-06
2.36725e-06
2.81286e-06
2.05338e-06
2.7217e-06
1.69527e-06
2.64069e-06
1.30779e-06
2.58205e-06
9.07736e-07
2.55414e-06
5.20394e-07
2.55003e-06
1.88015e-07
2.549e-06
-5.90102e-08
2.53615e-06
-2.288e-07
2.50241e-06
-3.39584e-07
2.44925e-06
-4.22259e-07
2.38576e-06
-5.02811e-07
2.3193e-06
-5.89452e-07
2.2546e-06
-6.85048e-07
2.19271e-06
-7.9465e-07
-8.06431e-07
2.13387e-06
1.41932e-06
8.92282e-07
2.26233e-06
1.3992e-06
2.74762e-06
2.01658e-06
2.9472e-06
2.54981e-06
2.99391e-06
2.79618e-06
2.95833e-06
2.82411e-06
2.87553e-06
2.70257e-06
2.76431e-06
2.47842e-06
2.6373e-06
2.18035e-06
2.5059e-06
1.82663e-06
2.38369e-06
1.42996e-06
2.28859e-06
1.00278e-06
2.23992e-06
5.69016e-07
2.22592e-06
2.01961e-07
2.21554e-06
-4.86795e-08
2.19094e-06
-2.04245e-07
2.14246e-06
-2.91172e-07
2.07206e-06
-3.51922e-07
1.99396e-06
-4.24789e-07
1.91841e-06
-5.13984e-07
1.84854e-06
-6.15289e-07
1.78376e-06
-7.3004e-07
-7.58071e-07
1.73528e-06
1.41152e-06
-5.19442e-07
2.21116e-06
5.99423e-07
2.70357e-06
1.52406e-06
2.85476e-06
2.39853e-06
2.87429e-06
2.77657e-06
2.82244e-06
2.87589e-06
2.72461e-06
2.80036e-06
2.59403e-06
2.60894e-06
2.43999e-06
2.33434e-06
2.27129e-06
1.99528e-06
2.10094e-06
1.60025e-06
1.95297e-06
1.15071e-06
1.8738e-06
6.48132e-07
1.8433e-06
2.32416e-07
1.81128e-06
-1.6704e-08
1.7638e-06
-1.56824e-07
1.69483e-06
-2.22259e-07
1.60454e-06
-2.61696e-07
1.51493e-06
-3.35243e-07
1.43398e-06
-4.33115e-07
1.36047e-06
-5.41906e-07
1.28783e-06
-6.57462e-07
-7.14455e-07
1.24405e-06
1.05858e-06
-1.57809e-06
1.71785e-06
-5.99012e-08
2.40363e-06
8.38244e-07
2.58412e-06
2.21801e-06
2.64838e-06
2.71228e-06
2.63318e-06
2.89107e-06
2.55513e-06
2.87839e-06
2.42895e-06
2.73511e-06
2.2643e-06
2.49897e-06
2.06753e-06
2.19204e-06
1.84613e-06
1.82164e-06
1.62272e-06
1.3741e-06
1.53168e-06
7.39171e-07
1.42581e-06
3.38282e-07
1.3345e-06
7.46082e-08
1.23053e-06
-5.28538e-08
1.1441e-06
-1.35833e-07
1.04244e-06
-1.60042e-07
9.54985e-07
-2.47803e-07
8.83685e-07
-3.61837e-07
8.17468e-07
-4.75704e-07
7.39603e-07
-5.79675e-07
-6.42615e-07
6.67718e-07
2.06998e-07
8.32802e-07
1.75249e-06
2.19368e-06
2.41399e-06
2.47988e-06
2.44173e-06
2.33332e-06
2.17186e-06
1.96453e-06
1.7113e-06
1.41238e-06
1.12782e-06
8.81462e-07
7.36027e-07
5.82509e-07
4.69053e-07
3.915e-07
3.40868e-07
3.07735e-07
2.81702e-07
2.49403e-07
2.02435e-07
4.88421e-07
-1.61879e-07
1.41069e-06
-9.22261e-07
3.75075e-06
-2.34005e-06
-3.06928e-06
6.82003e-06
5.91456e-06
2.54579e-07
4.58863e-06
4.03671e-07
2.4098e-06
-1.61211e-07
-1.08874e-06
4.29271e-07
3.54115e-06
7.27795e-07
2.86863e-06
1.0762e-06
1.83914e-06
8.68286e-07
9.78423e-09
7.40616e-07
7.29209e-07
9.44782e-07
7.01477e-07
1.10393e-06
6.61588e-07
9.08174e-07
4.01824e-07
2.69556e-07
-1.38431e-06
1.11992e-06
-1.46312e-06
1.18273e-06
-1.58392e-06
1.02897e-06
7.15255e-07
-1.89735e-06
-2.9115e-06
1.45531e-06
-3.1951e-06
1.46633e-06
-3.50756e-06
1.34143e-06
1.10669e-06
-3.899e-06
-4.18251e-06
1.85275e-06
-4.53645e-06
1.82025e-06
-4.89413e-06
1.69911e-06
1.49821e-06
-5.28564e-06
-5.12765e-06
2.17312e-06
-5.33647e-06
2.02909e-06
-5.53905e-06
1.9017e-06
1.78139e-06
-5.82223e-06
-5.41214e-06
2.45463e-06
-5.63917e-06
2.25615e-06
-5.88965e-06
2.15221e-06
2.09447e-06
-6.20271e-06
-4.46261e-06
2.75315e-06
-4.71343e-06
2.50703e-06
-5.04642e-06
2.48512e-06
2.53443e-06
-5.48633e-06
-1.95413e-06
3.04527e-06
-2.13065e-06
2.6833e-06
-2.33374e-06
2.68831e-06
2.92107e-06
-2.72037e-06
-1.62488e-06
3.05514e-06
-1.76626e-06
2.82488e-06
-1.86429e-06
2.78642e-06
2.90676e-06
-1.8498e-06
-1.55273e-06
2.9701e-06
-1.5832e-06
2.85537e-06
-1.59177e-06
2.79528e-06
2.79315e-06
-1.47795e-06
-1.85824e-06
2.78087e-06
-1.72654e-06
2.72388e-06
-1.57941e-06
2.64836e-06
2.56729e-06
-1.35328e-06
-2.38626e-06
2.47334e-06
-2.10339e-06
2.4411e-06
-1.81251e-06
2.35775e-06
2.23593e-06
-1.48092e-06
-2.92132e-06
2.09539e-06
-2.55405e-06
2.074e-06
-2.18647e-06
1.99037e-06
1.85241e-06
-1.80269e-06
-3.34458e-06
1.69946e-06
-2.95552e-06
1.685e-06
-2.5715e-06
1.60659e-06
1.46761e-06
-2.18649e-06
-3.59246e-06
1.32158e-06
-3.22204e-06
1.31474e-06
-2.86194e-06
1.24665e-06
1.11439e-06
-2.50849e-06
-3.63616e-06
9.83691e-07
-3.30765e-06
9.86264e-07
-2.99057e-06
9.29799e-07
8.07904e-07
-2.68389e-06
-3.47963e-06
6.94942e-07
-3.20155e-06
7.08343e-07
-2.93713e-06
6.65531e-07
5.54145e-07
-2.68315e-06
-3.14038e-06
4.58171e-07
-2.91485e-06
4.82846e-07
-2.70088e-06
4.51781e-07
3.50187e-07
-2.49674e-06
-2.65446e-06
2.69317e-07
-2.4764e-06
3.04939e-07
-2.31054e-06
2.86067e-07
1.92029e-07
-2.15218e-06
-2.05871e-06
1.23319e-07
-1.92297e-06
1.69224e-07
-1.79605e-06
1.59338e-07
7.15545e-08
-1.6754e-06
-1.3991e-06
1.29042e-08
-1.2977e-06
6.7946e-08
-1.20546e-06
6.72419e-08
-1.6851e-08
-1.11687e-06
-7.09915e-07
-6.74744e-08
-6.37503e-07
-4.42752e-09
-5.72955e-07
2.8706e-09
-7.48165e-08
-5.14819e-07
-3.02852e-08
-1.27528e-07
2.08413e-08
-5.54587e-08
6.43203e-08
-4.04636e-08
-1.17285e-07
1.06959e-07
6.15966e-07
-1.64111e-07
6.47202e-07
-8.66401e-08
6.75155e-07
-6.82792e-08
-1.43817e-07
7.01852e-07
1.2013e-06
-1.86488e-07
1.21892e-06
-1.04211e-07
1.23147e-06
-8.06848e-08
-1.56118e-07
1.24391e-06
1.71407e-06
-1.96546e-07
1.72017e-06
-1.10232e-07
1.72394e-06
-8.43567e-08
-1.59121e-07
1.72709e-06
2.13815e-06
-1.97848e-07
2.13635e-06
-1.0843e-07
2.13061e-06
-7.84628e-08
-1.53146e-07
2.12475e-06
2.46983e-06
-1.91509e-07
2.46137e-06
-9.98652e-08
2.45182e-06
-6.88503e-08
-1.42267e-07
2.44107e-06
2.69983e-06
-1.80805e-07
2.68816e-06
-8.82586e-08
2.67364e-06
-5.42087e-08
-1.26215e-07
2.65766e-06
2.83353e-06
-1.65877e-07
2.81909e-06
-7.37265e-08
2.80429e-06
-3.94118e-08
-1.08442e-07
2.7866e-06
2.86839e-06
-1.48858e-07
2.85294e-06
-5.83849e-08
2.83547e-06
-2.18595e-08
-8.78513e-08
2.8149e-06
2.81148e-06
-1.29501e-07
2.79458e-06
-4.13894e-08
2.77822e-06
-5.54137e-09
-6.74306e-08
2.75784e-06
2.66191e-06
-1.09789e-07
2.64494e-06
-2.4553e-08
2.62705e-06
1.23957e-08
-4.61643e-08
2.60577e-06
2.4299e-06
-8.94871e-08
2.41241e-06
-7.02029e-09
2.39645e-06
2.82951e-08
-2.7177e-08
2.37744e-06
2.11574e-06
-7.1413e-08
2.10076e-06
7.84348e-09
2.08617e-06
4.28619e-08
-1.07448e-08
2.06969e-06
1.72394e-06
-6.01397e-08
1.71947e-06
1.23326e-08
1.71791e-06
4.43686e-08
-4.29143e-09
1.71141e-06
1.24911e-06
-6.52284e-08
1.27607e-06
-1.46831e-08
1.30539e-06
1.49974e-08
-1.7091e-08
1.31813e-06
7.13559e-07
-1.111e-07
7.91215e-07
-9.23859e-08
8.75589e-07
-6.94061e-08
-7.33784e-08
9.31829e-07
2.32188e-07
2.72241e-07
3.14498e-07
3.45583e-07
3.02978e-06
-5.2425e-06
1.90022e-06
-2.8614e-06
3.10663e-06
-5.36089e-06
4.26599e-06
-2.6437e-06
4.28481e-06
9.41811e-07
4.15221e-06
1.71755e-06
3.39482e-06
6.0315e-07
1.25721e-06
1.54359e-06
5.85751e-07
7.14484e-07
6.27435e-07
4.83782e-07
3.7505e-07
-1.97505e-07
-2.03758e-07
1.2327e-06
3.98207e-06
1.07135e-05
5.37822e-06
2.59488e-06
4.15673e-06
-2.89058e-06
2.28855e-06
-3.33955e-06
-5.70745e-07
-2.75994e-06
-3.72134e-06
-1.64107e-06
1.32121e-05
-5.8277e-08
-4.75495e-06
7.77587e-07
-3.69726e-06
4.79216e-07
-5.06252e-06
1.09688e-06
-3.26137e-06
2.30036e-06
-2.61659e-07
2.01639e-06
2.00151e-06
-2.02303e-07
2.82185e-06
-1.64988e-06
2.99116e-06
-2.57099e-06
1.63559e-06
-3.07946e-06
9.92259e-07
-3.66371e-06
3.86744e-07
-3.51919e-06
1.08818e-06
2.6819e-06
4.51243e-06
4.03887e-06
1.23791e-06
1.97169e-06
-8.23401e-07
-1.91699e-06
5.49126e-07
-6.6794e-06
2.00248e-06
-9.20988e-06
8.89384e-07
4.00225e-06
-6.58108e-07
-3.35623e-06
-9.46547e-07
-3.40883e-06
-2.33357e-06
-3.6755e-06
-2.12313e-06
-3.47182e-06
-8.921e-07
-1.49269e-06
-1.81137e-06
2.92078e-06
-3.2896e-06
4.30009e-06
-4.00389e-06
3.70545e-06
-4.83361e-06
2.46531e-06
-5.16358e-06
1.32223e-06
-5.38156e-06
6.04725e-07
-4.55955e-06
2.6616e-07
-1.17618e-06
1.12906e-06
-4.16758e-07
4.78482e-07
-2.32909e-06
1.08893e-06
-4.98742e-06
3.20745e-06
-6.9091e-06
3.92414e-06
-7.16691e-06
1.14721e-06
-3.16468e-06
-1.71413e-06
-1.37254e-06
-3.06271e-06
-2.06025e-06
-4.25864e-06
-2.47958e-06
-4.93627e-06
-2.79419e-06
-5.28831e-06
-1.14065e-06
-5.25757e-06
2.89005e-06
-5.79492e-06
4.83744e-06
-6.57395e-06
4.48449e-06
-6.61118e-06
2.50254e-06
-6.40225e-06
1.11329e-06
-6.09753e-06
3.00007e-07
-5.62459e-06
-2.06784e-07
-4.54453e-06
4.89984e-08
-4.24786e-06
1.81805e-07
-4.39893e-06
1.24e-06
-3.99905e-06
2.80756e-06
-3.05687e-06
2.98197e-06
-1.87493e-06
-3.47523e-08
-5.03959e-06
-3.48214e-06
2.12251e-07
-4.8005e-06
-7.41904e-07
-5.9318e-06
-1.34829e-06
-7.22281e-06
-1.50318e-06
-8.14225e-06
-2.21207e-07
-7.75535e-06
2.50316e-06
-7.42155e-06
4.50364e-06
-7.04536e-06
4.1083e-06
-6.80379e-06
2.26097e-06
-6.62766e-06
9.37169e-07
-6.37737e-06
4.97177e-08
-6.09079e-06
-4.9337e-07
-5.53473e-06
-5.07067e-07
-5.11544e-06
-2.37487e-07
-4.43197e-06
5.56528e-07
-2.98101e-06
1.35659e-06
-1.03461e-06
1.03556e-06
1.77804e-07
-1.24713e-06
-4.86179e-06
-5.1816e-06
1.49484e-06
-6.36701e-06
4.43498e-07
-7.52154e-06
-1.93762e-07
-8.67143e-06
-3.53301e-07
-9.37935e-06
4.86715e-07
-9.07818e-06
2.20199e-06
-8.0064e-06
3.43186e-06
-7.06547e-06
3.16737e-06
-6.68805e-06
1.88355e-06
-6.42793e-06
6.7705e-07
-6.16434e-06
-2.13875e-07
-5.86637e-06
-7.91341e-07
-5.39676e-06
-9.76674e-07
-4.79896e-06
-8.35294e-07
-3.8351e-06
-4.07332e-07
-2.31191e-06
-1.66588e-07
-5.36559e-07
-7.3978e-07
5.79234e-07
-2.36294e-06
-4.28255e-06
-6.42174e-06
2.63094e-06
-7.55901e-06
1.58076e-06
-8.61442e-06
8.61638e-07
-9.51769e-06
5.49971e-07
-9.92636e-06
8.95378e-07
-9.48241e-06
1.75803e-06
-8.41775e-06
2.3672e-06
-7.36846e-06
2.11807e-06
-6.68386e-06
1.19894e-06
-6.22494e-06
2.18127e-07
-5.82595e-06
-6.12858e-07
-5.39264e-06
-1.22466e-06
-4.80629e-06
-1.56302e-06
-4.02586e-06
-1.61572e-06
-2.97515e-06
-1.45804e-06
-1.60684e-06
-1.5349e-06
-1.92194e-07
-2.15443e-06
7.26849e-07
-3.28197e-06
-3.5557e-06
-6.97948e-06
3.78821e-06
-8.1581e-06
2.75939e-06
-9.25995e-06
1.9635e-06
-1.01126e-05
1.4026e-06
-1.0348e-05
1.1308e-06
-9.78948e-06
1.19953e-06
-8.70628e-06
1.284e-06
-7.57333e-06
9.8512e-07
-6.6983e-06
3.23903e-07
-6.07079e-06
-4.09382e-07
-5.51474e-06
-1.16891e-06
-4.92752e-06
-1.81188e-06
-4.15864e-06
-2.33189e-06
-3.12938e-06
-2.64499e-06
-1.85763e-06
-2.72979e-06
-6.04829e-07
-2.78771e-06
2.17843e-07
-2.97711e-06
2.53454e-07
-3.31759e-06
-3.30225e-06
-7.23974e-06
4.82527e-06
-8.55342e-06
4.07307e-06
-9.80046e-06
3.21053e-06
-1.07625e-05
2.36464e-06
-1.08374e-05
1.20572e-06
-1.00721e-05
4.34196e-07
-8.85843e-06
7.03441e-08
-7.62265e-06
-2.50649e-07
-6.6453e-06
-6.53447e-07
-5.88362e-06
-1.17105e-06
-5.2238e-06
-1.82873e-06
-4.52999e-06
-2.50568e-06
-3.72539e-06
-3.13649e-06
-2.78115e-06
-3.58923e-06
-1.41592e-06
-4.09502e-06
-4.77697e-08
-4.15587e-06
7.80865e-07
-3.80576e-06
2.92144e-07
-2.82887e-06
-3.0101e-06
-6.64801e-06
5.98697e-06
-8.00593e-06
5.43092e-06
-9.40144e-06
4.60593e-06
-1.03393e-05
3.30238e-06
-1.05988e-05
1.46519e-06
-1.00443e-05
-1.20293e-07
-8.78317e-06
-1.19078e-06
-7.4778e-06
-1.55598e-06
-6.45306e-06
-1.67813e-06
-5.70821e-06
-1.91584e-06
-4.99976e-06
-2.53712e-06
-4.18591e-06
-3.31948e-06
-3.38529e-06
-3.93707e-06
-3.17607e-06
-3.7984e-06
-2.45161e-06
-4.81947e-06
-8.57723e-07
-5.74975e-06
1.03866e-06
-5.70213e-06
2.60084e-06
-4.39104e-06
-4.09083e-07
-3.60707e-06
6.87374e-06
-4.92622e-06
6.74991e-06
-6.36512e-06
6.04463e-06
-6.80536e-06
3.74248e-06
-5.90843e-06
5.68186e-07
-4.68803e-06
-1.3407e-06
-3.65228e-06
-2.22648e-06
-4.03413e-06
-1.174e-06
-4.59828e-06
-1.11381e-06
-5.03263e-06
-1.48127e-06
-4.5566e-06
-3.01293e-06
-3.33016e-06
-4.5457e-06
-2.32773e-06
-4.93931e-06
4.15717e-07
-6.5417e-06
-4.82594e-07
-3.9209e-06
-1.03944e-06
-5.19268e-06
-1.64213e-06
-5.09926e-06
-2.62496e-06
-3.40776e-06
-3.0339e-06
-1.95803e-06
6.98214e-06
-2.08482e-06
6.8767e-06
-2.06393e-06
6.02368e-06
-1.76709e-06
3.4456e-06
-1.28822e-06
8.93267e-08
-7.39687e-07
-1.8892e-06
-2.78148e-07
-2.68796e-06
-2.22145e-07
-1.2299e-06
-7.73056e-07
-5.62764e-07
-1.24636e-06
-1.00781e-06
-9.93279e-07
-3.26585e-06
2.86608e-07
-5.8254e-06
1.82625e-06
-6.47875e-06
1.5706e-06
-6.28583e-06
1.61048e-06
-3.9605e-06
1.01882e-06
-4.60078e-06
5.6474e-07
-4.64484e-06
7.03024e-07
-3.54585e-06
-2.33067e-06
-9.54025e-07
6.45853e-06
-1.50452e-07
6.07328e-06
8.93167e-07
4.98014e-06
1.57691e-06
2.76195e-06
1.51503e-06
1.51307e-07
1.31835e-06
-1.69241e-06
8.6273e-07
-2.23224e-06
1.05215e-06
-1.41923e-06
1.32117e-06
-8.31712e-07
1.66978e-06
-1.35636e-06
1.83311e-06
-3.42911e-06
2.06999e-06
-6.06222e-06
2.28267e-06
-6.69135e-06
1.79605e-06
-5.7991e-06
2.37715e-06
-4.54155e-06
2.15547e-06
-4.379e-06
1.85672e-06
-4.34607e-06
1.74927e-06
-3.43818e-06
-5.8146e-07
-4.68454e-07
5.57408e-06
6.80352e-07
4.92468e-06
1.8495e-06
3.81113e-06
2.57629e-06
2.03528e-06
2.68136e-06
4.63646e-08
2.3437e-06
-1.35462e-06
1.97107e-06
-1.85949e-06
2.04849e-06
-1.49656e-06
2.48818e-06
-1.27135e-06
3.00996e-06
-1.87812e-06
3.11807e-06
-3.53724e-06
2.46579e-06
-5.40996e-06
1.86984e-06
-6.09543e-06
1.69685e-06
-5.62615e-06
1.7895e-06
-4.63421e-06
1.71841e-06
-4.30796e-06
1.36535e-06
-3.99297e-06
8.80645e-07
-2.9536e-06
2.99242e-07
-4.68832e-07
4.56236e-06
6.80242e-07
3.77581e-06
1.74008e-06
2.75143e-06
2.42172e-06
1.35377e-06
2.57961e-06
-1.11398e-07
2.40604e-06
-1.18093e-06
2.19127e-06
-1.64462e-06
2.29039e-06
-1.59559e-06
2.6447e-06
-1.62561e-06
2.96235e-06
-2.19573e-06
2.83176e-06
-3.40664e-06
2.14259e-06
-4.72081e-06
1.35989e-06
-5.31275e-06
8.40458e-07
-5.10673e-06
7.23357e-07
-4.51714e-06
5.3509e-07
-4.11969e-06
2.19242e-07
-3.6772e-06
-6.86766e-08
-2.6656e-06
2.30469e-07
-7.78451e-07
3.53845e-06
2.40476e-07
2.75707e-06
1.12926e-06
1.86277e-06
1.7085e-06
7.7465e-07
1.9051e-06
-3.07884e-07
1.84503e-06
-1.12074e-06
1.74117e-06
-1.54065e-06
1.80375e-06
-1.65808e-06
1.99522e-06
-1.81701e-06
2.10317e-06
-2.30362e-06
1.85349e-06
-3.15692e-06
1.18574e-06
-4.05302e-06
3.99884e-07
-4.52687e-06
-2.19782e-07
-4.48705e-06
-5.84686e-07
-4.1522e-06
-8.74646e-07
-3.82975e-06
-1.11769e-06
-3.43409e-06
-1.09308e-06
-2.69035e-06
-8.62537e-07
-1.23698e-06
2.58925e-06
-3.66158e-07
1.88642e-06
3.50553e-07
1.14617e-06
8.16286e-07
3.09024e-07
1.00313e-06
-4.94619e-07
9.94669e-07
-1.11217e-06
9.3108e-07
-1.47696e-06
9.31516e-07
-1.65842e-06
9.72288e-07
-1.85769e-06
9.12886e-07
-2.24414e-06
5.89023e-07
-2.83298e-06
-2.75907e-08
-3.43635e-06
-7.58309e-07
-3.79609e-06
-1.40274e-06
-3.84256e-06
-1.86239e-06
-3.69252e-06
-2.1766e-06
-3.51547e-06
-2.28613e-06
-3.3246e-06
-1.89042e-06
-3.08593e-06
-2.75304e-06
-1.67152e-06
1.75257e-06
-9.50508e-07
1.16557e-06
-3.87959e-07
5.8373e-07
-3.06647e-08
-4.81698e-08
1.16709e-07
-6.41887e-07
1.11325e-07
-1.10667e-06
4.19603e-08
-1.40749e-06
-2.34637e-08
-1.59289e-06
-1.00111e-07
-1.78095e-06
-2.73543e-07
-2.07062e-06
-6.3676e-07
-2.46968e-06
-1.1982e-06
-2.87482e-06
-1.84558e-06
-3.14863e-06
-2.43574e-06
-3.25233e-06
-2.87166e-06
-3.25652e-06
-3.10653e-06
-3.28058e-06
-3.0158e-06
-3.41522e-06
-2.27112e-06
-3.8307e-06
-5.02405e-06
-1.9765e-06
1.04548e-06
-1.39489e-06
5.84127e-07
-9.65569e-07
1.54512e-07
-7.05301e-07
-3.08335e-07
-6.0818e-07
-7.38901e-07
-6.34525e-07
-1.08022e-06
-7.28171e-07
-1.31373e-06
-8.49028e-07
-1.47193e-06
-1.00486e-06
-1.62501e-06
-1.24314e-06
-1.83224e-06
-1.61122e-06
-2.10151e-06
-2.10401e-06
-2.38194e-06
-2.64412e-06
-2.60843e-06
-3.12543e-06
-2.77094e-06
-3.45178e-06
-2.93012e-06
-3.5342e-06
-3.19808e-06
-3.22306e-06
-3.72639e-06
-2.23257e-06
-4.82102e-06
-7.2567e-06
-2.10036e-06
4.62961e-07
-1.64217e-06
1.26101e-07
-1.3225e-06
-1.65048e-07
-1.14388e-06
-4.86855e-07
-1.09566e-06
-7.87008e-07
-1.14893e-06
-1.02684e-06
-1.26699e-06
-1.19556e-06
-1.42425e-06
-1.31456e-06
-1.62202e-06
-1.42714e-06
-1.88263e-06
-1.57153e-06
-2.22509e-06
-1.75895e-06
-2.6353e-06
-1.97164e-06
-3.05464e-06
-2.189e-06
-3.39956e-06
-2.42596e-06
-3.58065e-06
-2.74893e-06
-3.5014e-06
-3.27732e-06
-3.02524e-06
-4.20242e-06
-1.94985e-06
-5.89652e-06
-9.2064e-06
-2.0314e-06
-2.08219e-09
-1.67801e-06
-2.27123e-07
-1.44681e-06
-3.96137e-07
-1.33305e-06
-6.00505e-07
-1.32475e-06
-7.95191e-07
-1.40001e-06
-9.51471e-07
-1.53335e-06
-1.06211e-06
-1.70636e-06
-1.14145e-06
-1.91525e-06
-1.21815e-06
-2.16658e-06
-1.32011e-06
-2.46257e-06
-1.46286e-06
-2.78419e-06
-1.64994e-06
-3.08433e-06
-1.88878e-06
-3.29677e-06
-2.21344e-06
-3.34658e-06
-2.69908e-06
-3.15053e-06
-3.47328e-06
-2.608e-06
-4.745e-06
-1.59754e-06
-6.90675e-06
-1.0804e-05
-1.78538e-06
-3.68609e-07
-1.51921e-06
-4.93133e-07
-1.35737e-06
-5.57859e-07
-1.29263e-06
-6.65134e-07
-1.31311e-06
-7.74591e-07
-1.4015e-06
-8.62962e-07
-1.53887e-06
-9.24626e-07
-1.71039e-06
-9.69822e-07
-1.90886e-06
-1.01957e-06
-2.13171e-06
-1.09717e-06
-2.37228e-06
-1.2222e-06
-2.61029e-06
-1.41185e-06
-2.80807e-06
-1.69091e-06
-2.91514e-06
-2.10631e-06
-2.87459e-06
-2.73955e-06
-2.6271e-06
-3.72077e-06
-2.10868e-06
-5.26329e-06
-1.25383e-06
-7.76175e-06
-1.20577e-05
-1.39544e-06
-6.48284e-07
-1.20007e-06
-6.88331e-07
-1.09184e-06
-6.65964e-07
-1.06256e-06
-6.94301e-07
-1.1015e-06
-7.35539e-07
-1.19454e-06
-7.69809e-07
-1.32674e-06
-7.92313e-07
-1.4854e-06
-8.11055e-07
-1.66162e-06
-8.43249e-07
-1.84831e-06
-9.10385e-07
-2.0352e-06
-1.03522e-06
-2.20369e-06
-1.24329e-06
-2.32499e-06
-1.56953e-06
-2.3631e-06
-2.06812e-06
-2.27963e-06
-2.823e-06
-2.03668e-06
-3.96364e-06
-1.59961e-06
-5.70044e-06
-9.33908e-07
-8.42719e-06
-1.29917e-05
-9.04123e-07
-8.60761e-07
-7.65997e-07
-8.26282e-07
-6.97108e-07
-7.34726e-07
-6.9232e-07
-6.98973e-07
-7.41721e-07
-6.86023e-07
-8.33304e-07
-6.78113e-07
-9.54846e-07
-6.70662e-07
-1.09531e-06
-6.70484e-07
-1.24551e-06
-6.92953e-07
-1.39693e-06
-7.58872e-07
-1.53903e-06
-8.93049e-07
-1.65659e-06
-1.12565e-06
-1.72923e-06
-1.49682e-06
-1.73346e-06
-2.06385e-06
-1.64599e-06
-2.9104e-06
-1.44743e-06
-4.16222e-06
-1.12128e-06
-6.02646e-06
-6.51156e-07
-8.89751e-06
-1.36427e-05
-3.76645e-07
-9.98664e-07
-2.63057e-07
-9.39696e-07
-2.20609e-07
-7.77047e-07
-2.32908e-07
-6.86561e-07
-2.87388e-07
-6.31433e-07
-3.74201e-07
-5.91192e-07
-4.83233e-07
-5.61526e-07
-6.04962e-07
-5.48657e-07
-7.30929e-07
-5.66895e-07
-8.53091e-07
-6.36628e-07
-9.62427e-07
-7.83636e-07
-1.04785e-06
-1.04015e-06
-1.09633e-06
-1.44828e-06
-1.0945e-06
-2.06561e-06
-1.03125e-06
-2.97364e-06
-8.98497e-07
-4.29492e-06
-6.91992e-07
-6.23306e-06
-4.03518e-07
-9.18568e-06
-1.40464e-05
2.22821e-07
-1.11427e-06
2.78485e-07
-9.95186e-07
2.92259e-07
-7.90694e-07
2.68036e-07
-6.62226e-07
2.11287e-07
-5.74576e-07
1.30151e-07
-5.09953e-07
3.30353e-08
-4.64312e-07
-7.22151e-08
-4.43314e-07
-1.78538e-07
-4.60486e-07
-2.79344e-07
-5.35744e-07
-3.67982e-07
-6.94929e-07
-4.37414e-07
-9.70657e-07
-4.80629e-07
-1.40501e-06
-4.91927e-07
-2.05428e-06
-4.6833e-07
-2.99718e-06
-4.1141e-07
-4.35186e-06
-3.2412e-07
-6.32022e-06
-2.00739e-07
-9.30931e-06
-1.42468e-05
7.72169e-07
-1.18434e-06
8.07065e-07
-1.02991e-06
8.04478e-07
-7.87987e-07
7.70927e-07
-6.28569e-07
7.12747e-07
-5.16296e-07
6.36506e-07
-4.33616e-07
5.48826e-07
-3.76543e-07
4.55923e-07
-3.50328e-07
3.63299e-07
-3.67786e-07
2.75744e-07
-4.4812e-07
1.97435e-07
-6.16556e-07
1.31888e-07
-9.05058e-07
8.14257e-08
-1.3545e-06
4.61714e-08
-2.01897e-06
2.31074e-08
-2.97412e-06
7.30197e-09
-4.33601e-06
-7.23652e-09
-6.3058e-06
-1.84146e-08
-9.29778e-06
-1.42655e-05
1.28659e-06
-1.22678e-06
1.29985e-06
-1.04302e-06
1.28346e-06
-7.71479e-07
1.2428e-06
-5.87805e-07
1.18326e-06
-4.56669e-07
1.11028e-06
-3.6055e-07
1.02905e-06
-2.95227e-07
9.44275e-07
-2.65479e-07
8.59896e-07
-2.83339e-07
7.78904e-07
-3.67066e-07
7.03245e-07
-5.40844e-07
6.33561e-07
-8.35324e-07
5.68627e-07
-1.28953e-06
5.04783e-07
-1.95511e-06
4.3579e-07
-2.90508e-06
3.52507e-07
-4.25276e-06
2.48107e-07
-6.20126e-06
1.22845e-07
-9.17281e-06
-1.41423e-05
1.74106e-06
-1.24054e-06
1.73567e-06
-1.03749e-06
1.70703e-06
-7.42735e-07
1.65978e-06
-5.40475e-07
1.59825e-06
-3.95063e-07
1.52662e-06
-2.88849e-07
1.44886e-06
-2.17389e-07
1.36836e-06
-1.84917e-07
1.28766e-06
-2.02587e-07
1.20819e-06
-2.87545e-07
1.13009e-06
-4.62704e-07
1.05188e-06
-7.57076e-07
9.69921e-07
-1.20754e-06
8.77972e-07
-1.86312e-06
7.67059e-07
-2.79418e-06
6.27653e-07
-4.11332e-06
4.50375e-07
-6.02412e-06
2.3425e-07
-8.95631e-06
-1.39083e-05
2.12017e-06
-1.23576e-06
2.09808e-06
-1.01528e-06
2.05875e-06
-7.03324e-07
2.0053e-06
-4.86956e-07
1.94099e-06
-3.30688e-07
1.86898e-06
-2.16781e-07
1.79218e-06
-1.40536e-07
1.71293e-06
-1.0562e-07
1.63263e-06
-1.22244e-07
1.55147e-06
-2.06349e-07
1.46832e-06
-3.79519e-07
1.38025e-06
-6.68985e-07
1.28202e-06
-1.10929e-06
1.16577e-06
-1.74687e-06
1.02147e-06
-2.64984e-06
8.36922e-07
-3.92882e-06
6.02986e-07
-5.79004e-06
3.16302e-07
-8.66996e-06
-1.35918e-05
2.41435e-06
-1.20889e-06
2.3777e-06
-9.7855e-07
2.32852e-06
-6.54095e-07
2.26907e-06
-4.2746e-07
2.20141e-06
-2.6299e-07
2.12773e-06
-1.43069e-07
2.05007e-06
-6.28459e-08
1.96999e-06
-2.55112e-08
1.888e-06
-4.02298e-08
1.80354e-06
-1.21876e-07
1.71472e-06
-2.90675e-07
1.6178e-06
-5.72059e-07
1.50664e-06
-9.98126e-07
1.37233e-06
-1.61253e-06
1.20326e-06
-2.48081e-06
9.87766e-07
-3.71331e-06
7.14286e-07
-5.51673e-06
3.79403e-07
-8.33474e-06
-1.32126e-05
2.61809e-06
-1.1692e-06
2.56843e-06
-9.2884e-07
2.511e-06
-5.96641e-07
2.44618e-06
-3.62631e-07
2.37502e-06
-1.91817e-07
2.29895e-06
-6.69867e-08
2.2194e-06
1.67104e-08
2.13715e-06
5.67432e-08
2.05236e-06
4.45586e-08
1.96429e-06
-3.38033e-08
1.87065e-06
-1.97047e-07
1.76751e-06
-4.68922e-07
1.64828e-06
-8.78902e-07
1.50344e-06
-1.46773e-06
1.32102e-06
-2.29839e-06
1.08652e-06
-3.47889e-06
7.88162e-07
-5.21826e-06
4.19417e-07
-7.96638e-06
-1.2793e-05
2.73004e-06
-1.1126e-06
2.66975e-06
-8.68538e-07
2.60532e-06
-5.32234e-07
2.536e-06
-2.93325e-07
2.46174e-06
-1.1758e-07
2.38324e-06
1.14942e-08
2.30131e-06
9.86301e-08
2.21632e-06
1.41713e-07
2.12849e-06
1.32368e-07
2.03729e-06
5.73686e-08
1.9407e-06
-1.0048e-07
1.83488e-06
-3.63129e-07
1.71339e-06
-7.57444e-07
1.56638e-06
-1.32075e-06
1.38049e-06
-2.11257e-06
1.14135e-06
-3.23976e-06
8.3356e-07
-4.91068e-06
4.48974e-07
-7.58154e-06
-1.23443e-05
2.75096e-06
-1.04861e-06
2.68246e-06
-8.00064e-07
2.61343e-06
-4.63251e-07
2.54132e-06
-2.21256e-07
2.46509e-06
-4.1389e-08
2.38464e-06
9.19017e-08
2.30046e-06
1.82777e-07
2.21273e-06
2.29411e-07
2.12238e-06
2.22675e-07
2.02922e-06
1.50486e-07
1.93188e-06
-3.17986e-09
1.82713e-06
-2.58416e-07
1.70913e-06
-6.39497e-07
1.56802e-06
-1.1797e-06
1.39013e-06
-1.93471e-06
1.1574e-06
-3.00713e-06
8.5259e-07
-4.60578e-06
4.61922e-07
-7.19125e-06
-1.18822e-05
2.68366e-06
-9.74451e-07
2.61092e-06
-7.2738e-07
2.54012e-06
-3.92514e-07
2.46765e-06
-1.48839e-07
2.39138e-06
3.48339e-08
2.3102e-06
1.73032e-07
2.22414e-06
2.68794e-07
2.13477e-06
3.18737e-07
2.04295e-06
3.1445e-07
1.94926e-06
2.44129e-07
1.85326e-06
9.27707e-08
1.75278e-06
-1.57986e-07
1.64337e-06
-5.30136e-07
1.51531e-06
-1.05168e-06
1.35377e-06
-1.77325e-06
1.14029e-06
-2.79365e-06
8.52046e-07
-4.3177e-06
4.70459e-07
-6.80938e-06
-1.14119e-05
2.5325e-06
-9.01226e-07
2.46025e-06
-6.55212e-07
2.39211e-06
-3.24467e-07
2.32288e-06
-7.96828e-08
2.24934e-06
1.08298e-07
2.16915e-06
2.53159e-07
2.08334e-06
3.54552e-07
1.99375e-06
4.08265e-07
1.90179e-06
4.06355e-07
1.8088e-06
3.37061e-07
1.71567e-06
1.85845e-07
1.62179e-06
-6.41511e-08
1.52425e-06
-4.32643e-07
1.41407e-06
-9.41564e-07
1.27707e-06
-1.63625e-06
1.09101e-06
-2.60767e-06
8.29934e-07
-4.05649e-06
4.66065e-07
-6.44579e-06
-1.09457e-05
2.30495e-06
-8.28822e-07
2.23911e-06
-5.89496e-07
2.17856e-06
-2.64044e-07
2.11712e-06
-1.83468e-08
2.05005e-06
1.75266e-07
1.97394e-06
3.29184e-07
1.89113e-06
4.37287e-07
1.80364e-06
4.95687e-07
1.7131e-06
4.9682e-07
1.62175e-06
4.28348e-07
1.53205e-06
2.75484e-07
1.4453e-06
2.25417e-08
1.36074e-06
-3.48143e-07
1.27048e-06
-8.51339e-07
1.16046e-06
-1.52631e-06
1.01072e-06
-2.45791e-06
7.8959e-07
-3.8355e-06
4.60042e-07
-6.11609e-06
-1.04859e-05
2.01121e-06
-7.70457e-07
1.95703e-06
-5.35468e-07
1.90993e-06
-2.17095e-07
1.86195e-06
2.95004e-08
1.80674e-06
2.30357e-07
1.7392e-06
3.96616e-07
1.66331e-06
5.13084e-07
1.58107e-06
5.77836e-07
1.4938e-06
5.84013e-07
1.40436e-06
5.17718e-07
1.31694e-06
3.62837e-07
1.23535e-06
1.04072e-07
1.16296e-06
-2.75812e-07
1.09075e-06
-7.79206e-07
1.00789e-06
-1.44348e-06
8.9722e-07
-2.34732e-06
7.27166e-07
-3.6654e-06
4.46348e-07
-5.83552e-06
-1.00396e-05
1.66679e-06
-7.25966e-07
1.62617e-06
-4.95024e-07
1.59914e-06
-1.90231e-07
1.57022e-06
5.82674e-08
1.53361e-06
2.66833e-07
1.48129e-06
4.48821e-07
1.4181e-06
5.76175e-07
1.34508e-06
6.50765e-07
1.26273e-06
6.66284e-07
1.17415e-06
6.06221e-07
1.08489e-06
4.5204e-07
1.00168e-06
1.87208e-07
9.40516e-07
-2.14716e-07
8.83846e-07
-7.22596e-07
8.20777e-07
-1.38049e-06
7.53342e-07
-2.27994e-06
6.52423e-07
-3.56463e-06
4.57899e-07
-5.64107e-06
-9.58187e-06
1.28901e-06
-6.96984e-07
1.25766e-06
-4.6383e-07
1.26031e-06
-1.93025e-07
1.25365e-06
6.47892e-08
1.23837e-06
2.81988e-07
1.21543e-06
4.71665e-07
1.17424e-06
6.17275e-07
1.11517e-06
7.09759e-07
1.03848e-06
7.42905e-07
9.46507e-07
6.98135e-07
8.43739e-07
5.54746e-07
7.41564e-07
2.89321e-07
7.01856e-07
-1.75074e-07
6.83857e-07
-7.04679e-07
6.14565e-07
-1.31127e-06
5.8718e-07
-2.25264e-06
5.7892e-07
-3.55645e-06
5.3242e-07
-5.59483e-06
-9.04959e-06
8.67309e-07
-6.32536e-07
8.4851e-07
-4.45113e-07
9.05495e-07
-2.50088e-07
9.03324e-07
6.68904e-08
8.67784e-07
3.17471e-07
9.50005e-07
3.89391e-07
9.54139e-07
6.13095e-07
9.14359e-07
7.49497e-07
8.41852e-07
8.15374e-07
7.3801e-07
8.0194e-07
5.99394e-07
6.93328e-07
4.51653e-07
4.37024e-07
4.67906e-07
-1.9137e-07
5.61006e-07
-7.97824e-07
4.12909e-07
-1.16322e-06
4.01197e-07
-2.24097e-06
5.34102e-07
-3.68944e-06
7.50962e-07
-5.81182e-06
-8.29869e-06
3.04787e-07
3.19011e-07
4.02908e-07
4.75234e-07
5.71691e-07
7.69611e-07
8.17638e-07
7.91645e-07
7.21837e-07
6.0925e-07
4.46869e-07
2.62241e-07
2.33587e-07
2.64612e-07
1.2417e-07
1.02192e-07
1.89653e-07
8.46768e-07
)
;

boundaryField
{
    leftWall
    {
        type            calculated;
        value           uniform 0;
    }
    rightWall
    {
        type            calculated;
        value           uniform 0;
    }
    lowerWall
    {
        type            calculated;
        value           uniform 0;
    }
    atmosphere
    {
        type            calculated;
        value           nonuniform List<scalar> 
46
(
-1.78509e-06
-6.85706e-07
-8.14469e-08
1.77682e-06
2.49198e-06
2.82518e-06
2.91654e-06
2.84353e-06
2.66043e-06
2.39938e-06
2.07488e-06
1.67304e-06
1.02374e-06
5.84651e-07
2.20056e-07
1.00675e-07
-2.23654e-08
-8.24793e-08
-1.97161e-07
-3.28696e-07
-4.49678e-07
-5.47366e-07
-5.95646e-07
-1.40849e-07
-1.32418e-07
-1.11663e-07
-1.04472e-07
-5.91751e-07
-4.5935e-07
-3.33996e-07
-5.44467e-09
2.21005e-07
1.9146e-07
5.65057e-07
7.7548e-07
8.85174e-07
9.1452e-07
8.55702e-07
6.21643e-07
-1.62726e-07
-8.28858e-07
-1.02278e-06
-2.21899e-06
-3.77692e-06
-6.46895e-06
-7.45192e-06
)
;
    }
    defaultFaces
    {
        type            empty;
    }
}


// ************************************************************************* //
