/*--------------------------------*- C++ -*----------------------------------*\
  =========                 |
  \\      /  F ield         | OpenFOAM: The Open Source CFD Toolbox
   \\    /   O peration     | Website:  https://openfoam.org
    \\  /    A nd           | Version:  13
     \\/     M anipulation  |
\*---------------------------------------------------------------------------*/
FoamFile
{
    format      ascii;
    class       volVectorField;
    location    "2.6";
    object      U;
}
// * * * * * * * * * * * * * * * * * * * * * * * * * * * * * * * * * * * * * //

dimensions      [0 1 -1 0 0 0 0];

internalField   nonuniform List<vector> 
2268
(
(-0.00677487 0.00258718 0)
(-0.0116839 0.000133145 0)
(-0.00845694 -0.00191153 0)
(-0.00450865 -0.00219139 0)
(-0.000526195 -0.00196399 0)
(0.00275285 -0.00160914 0)
(0.00532288 -0.00129208 0)
(0.00721407 -0.00102248 0)
(0.00847967 -0.000799324 0)
(0.00922595 -0.000626725 0)
(0.00957767 -0.000479518 0)
(0.00962501 -0.000330783 0)
(0.00941511 -0.000172958 0)
(0.0089255 2.56234e-05 0)
(0.00793518 0.000406604 0)
(0.00605217 0.00100949 0)
(0.00291806 0.0017867 0)
(-0.00180353 0.00272703 0)
(-0.00837202 0.00381274 0)
(-0.016908 0.00469265 0)
(-0.0261129 0.00430344 0)
(-0.0320887 -6.60692e-05 0)
(-0.0195115 -0.00920957 0)
(-0.00338946 0.00611378 0)
(-0.00341952 0.000274906 0)
(-0.000699493 -0.00225468 0)
(0.00176859 -0.00266966 0)
(0.0041826 -0.00239205 0)
(0.00620544 -0.00191543 0)
(0.0077645 -0.00144144 0)
(0.00880093 -0.000986522 0)
(0.00927231 -0.000560912 0)
(0.00922092 -0.000221894 0)
(0.00875094 3.97938e-05 0)
(0.00795895 0.000244231 0)
(0.00693555 0.000416938 0)
(0.00576672 0.000620932 0)
(0.00436373 0.00107982 0)
(0.00248422 0.00180641 0)
(-4.28399e-05 0.00274608 0)
(-0.00332533 0.00385425 0)
(-0.00740752 0.00507562 0)
(-0.0122114 0.00582113 0)
(-0.0166572 0.00456337 0)
(-0.0201553 -0.00167234 0)
(-0.0116237 -0.0180249 0)
(0.000942937 0.00646025 0)
(0.00244311 -0.000809792 0)
(0.00432198 -0.00320935 0)
(0.00572297 -0.00359716 0)
(0.00719105 -0.00322971 0)
(0.0084913 -0.00260289 0)
(0.00948397 -0.00192907 0)
(0.0100442 -0.00122286 0)
(0.0100725 -0.000537203 0)
(0.00956619 2.35788e-05 0)
(0.0086081 0.000458576 0)
(0.00729357 0.000786815 0)
(0.00573213 0.00104047 0)
(0.00405894 0.00131921 0)
(0.0022648 0.0018867 0)
(0.000235001 0.00276643 0)
(-0.00203686 0.00387233 0)
(-0.00447106 0.00513764 0)
(-0.00696491 0.00649411 0)
(-0.00939985 0.00719851 0)
(-0.0109525 0.00541485 0)
(-0.0126583 -0.002143 0)
(-0.00547062 -0.0235348 0)
(0.00546391 0.00490707 0)
(0.00688522 -0.00185999 0)
(0.00798545 -0.00383234 0)
(0.00865757 -0.00419613 0)
(0.00954612 -0.00381595 0)
(0.0104203 -0.00309397 0)
(0.011072 -0.00224168 0)
(0.0113182 -0.00131327 0)
(0.01104 -0.000346185 0)
(0.0102232 0.000470147 0)
(0.00892559 0.00111979 0)
(0.00722547 0.00160824 0)
(0.00524096 0.00195427 0)
(0.00314486 0.00226548 0)
(0.000997158 0.00289866 0)
(-0.00120906 0.0038138 0)
(-0.00334927 0.00489651 0)
(-0.00519029 0.0060584 0)
(-0.00654262 0.00725543 0)
(-0.0073249 0.00771594 0)
(-0.00699477 0.00547203 0)
(-0.0074224 -0.00302385 0)
(-0.00108689 -0.0268261 0)
(0.00908144 -0.000277651 0)
(0.00972869 -0.00297812 0)
(0.0105889 -0.00419211 0)
(0.0109072 -0.00450717 0)
(0.0115095 -0.00414521 0)
(0.0121756 -0.0033717 0)
(0.0126186 -0.00239678 0)
(0.0126437 -0.00126989 0)
(0.0121672 -7.00374e-05 0)
(0.011156 0.000995956 0)
(0.0096389 0.00187972 0)
(0.00766907 0.00256627 0)
(0.00535916 0.00304949 0)
(0.00291764 0.0034151 0)
(0.000452758 0.00406019 0)
(-0.00192627 0.00492103 0)
(-0.00397157 0.00582768 0)
(-0.00536193 0.00667354 0)
(-0.00584057 0.00754681 0)
(-0.0053833 0.00760192 0)
(-0.0037739 0.00502564 0)
(-0.00338292 -0.00398236 0)
(0.00203977 -0.02831 0)
(0.0112953 -0.00392725 0)
(0.0109918 -0.00349162 0)
(0.0124741 -0.00426087 0)
(0.0129919 -0.00466658 0)
(0.0136808 -0.00440069 0)
(0.0143652 -0.00362042 0)
(0.0147171 -0.00253497 0)
(0.0144176 -0.00121525 0)
(0.0136314 0.000157451 0)
(0.0124608 0.00141429 0)
(0.0107955 0.00249182 0)
(0.00864889 0.00335818 0)
(0.00612003 0.00399273 0)
(0.0033809 0.00444836 0)
(0.000647849 0.00512061 0)
(-0.00180866 0.00591733 0)
(-0.00371001 0.0065959 0)
(-0.00468987 0.00702202 0)
(-0.00449809 0.00736354 0)
(-0.00307044 0.00693185 0)
(-0.000498543 0.00413517 0)
(0.000547279 -0.00474641 0)
(0.00511563 -0.0282345 0)
(0.0115104 -0.00530868 0)
(0.0122865 -0.00311372 0)
(0.015842 -0.00379153 0)
(0.0173902 -0.00424252 0)
(0.0183606 -0.00406755 0)
(0.0188548 -0.00326954 0)
(0.0185565 -0.00200415 0)
(0.0173416 -0.000469112 0)
(0.015998 0.000931192 0)
(0.0144915 0.00229614 0)
(0.0126087 0.00351996 0)
(0.0103498 0.00450095 0)
(0.00777426 0.00518548 0)
(0.00493111 0.00560496 0)
(0.001995 0.0061691 0)
(-0.000532016 0.00675211 0)
(-0.00221728 0.00710793 0)
(-0.00290407 0.00708898 0)
(-0.0021581 0.00679247 0)
(0.000220831 0.00582033 0)
(0.00378062 0.00290762 0)
(0.00588686 -0.00506047 0)
(0.0100379 -0.0249489 0)
(0.0105054 -0.015132 0)
(0.0157395 -0.00775101 0)
(0.0224023 -0.0069204 0)
(0.0269243 -0.00637496 0)
(0.0300619 -0.00559594 0)
(0.0320194 -0.00418095 0)
(0.0327855 -0.00209324 0)
(0.0321572 0.000308986 0)
(0.0299811 0.00197495 0)
(0.0270081 0.00365177 0)
(0.0235295 0.00512127 0)
(0.0196763 0.00620171 0)
(0.0155147 0.00684689 0)
(0.0108977 0.00715803 0)
(0.00624727 0.00745814 0)
(0.00299189 0.00773191 0)
(0.00143998 0.00769185 0)
(0.00120212 0.00728589 0)
(0.0026015 0.00649784 0)
(0.00580161 0.0049387 0)
(0.0105239 0.00176866 0)
(0.0143818 -0.00523653 0)
(0.0216096 -0.0169163 0)
(-0.0184106 0.0081231 0)
(-0.0569634 0.0112174 0)
(-0.0929795 0.0100575 0)
(-0.115978 0.0061186 0)
(-0.1184 -0.00192594 0)
(-0.10514 -0.00655378 0)
(-0.0959149 0.00149274 0)
(-0.0918534 -0.00216833 0)
(-0.0741445 -0.00874765 0)
(-0.0526169 -0.00946383 0)
(-0.0348962 -0.00632123 0)
(-0.029322 0.00393855 0)
(-0.0362791 0.0023815 0)
(-0.0303964 -0.00649042 0)
(-0.0205122 -0.00275468 0)
(-0.0151897 -0.00363095 0)
(-0.008234 -0.00363862 0)
(-0.00127953 -0.00339968 0)
(0.00720336 0.00137041 0)
(-0.0228926 0.0215759 0)
(-0.0588018 0.0231789 0)
(-0.0862001 0.0171514 0)
(-0.0986078 0.00779852 0)
(-0.101223 -0.00170891 0)
(-0.099783 -0.00926517 0)
(-0.0915778 -0.00400468 0)
(-0.0770854 -0.00794342 0)
(-0.0615587 -0.0124258 0)
(-0.0508137 -0.01172 0)
(-0.0438779 -0.00823885 0)
(-0.0338432 -0.000593454 0)
(-0.0241904 -0.00127152 0)
(-0.0194529 -0.00610366 0)
(-0.0188909 -0.00231547 0)
(-0.0174983 -0.00396895 0)
(-0.0150619 -0.00368526 0)
(-0.0117536 -0.00309556 0)
(-0.00608818 0.000562063 0)
(-0.0264044 0.0404666 0)
(-0.0516001 0.0354913 0)
(-0.0691701 0.0237614 0)
(-0.0737746 0.00874252 0)
(-0.0759848 0.00030463 0)
(-0.0814479 -0.00894628 0)
(-0.0775707 -0.00829268 0)
(-0.0636703 -0.0125164 0)
(-0.0501223 -0.015802 0)
(-0.0451997 -0.0133128 0)
(-0.0439421 -0.0102365 0)
(-0.0338215 -0.00522819 0)
(-0.0210919 -0.00462888 0)
(-0.0176509 -0.00622011 0)
(-0.0185214 -0.00247778 0)
(-0.0183719 -0.00414176 0)
(-0.0189782 -0.00406058 0)
(-0.0162779 -0.00445315 0)
(-0.0155684 -0.00634114 0)
(-0.020668 0.0577127 0)
(-0.0344459 0.0434561 0)
(-0.0409677 0.0280237 0)
(-0.0438433 0.00810689 0)
(-0.0429478 0.000973925 0)
(-0.0547788 -0.00678668 0)
(-0.0584993 -0.0121643 0)
(-0.0472052 -0.0178539 0)
(-0.0333777 -0.0199479 0)
(-0.0310718 -0.0130529 0)
(-0.035203 -0.0111163 0)
(-0.0278832 -0.00962442 0)
(-0.0185455 -0.0068637 0)
(-0.020263 -0.00560471 0)
(-0.0220112 -0.00206886 0)
(-0.0188284 -0.00320285 0)
(-0.014793 -0.00386928 0)
(-0.00229369 -0.00669193 0)
(0.00645402 -0.0137985 0)
(-0.00640523 0.0641694 0)
(-0.0151152 0.0461099 0)
(-0.0141855 0.0290962 0)
(-0.020092 0.00956164 0)
(-0.0187498 -0.00025175 0)
(-0.0204457 -0.000496312 0)
(-0.0285588 -0.0142352 0)
(-0.0213037 -0.023939 0)
(-0.00777211 -0.02657 0)
(-0.00388823 -0.0122121 0)
(-0.0119163 -0.00996347 0)
(-0.0120089 -0.0128439 0)
(-0.0166518 -0.00716563 0)
(-0.0339751 -0.00262635 0)
(-0.0374376 -0.00307611 0)
(-0.0177366 -0.00815141 0)
(0.0109122 -0.0119361 0)
(0.0429601 -0.0184692 0)
(0.0812519 0.00321772 0)
(0.0125858 0.0678698 0)
(0.0123524 0.0476454 0)
(0.0145669 0.0298108 0)
(0.000231302 0.0138957 0)
(-0.00809799 -0.00110548 0)
(-0.00428313 -9.04862e-05 0)
(-0.000533101 -0.0145618 0)
(0.00449322 -0.027411 0)
(0.00789083 -0.0289735 0)
(0.00734518 -0.0110429 0)
(0.00647142 -0.00933825 0)
(0.011035 -0.0137301 0)
(-0.0115785 0.0037809 0)
(-0.0486598 0.00382513 0)
(-0.0364212 -0.0144239 0)
(-0.00794403 -0.0229815 0)
(0.0259342 -0.0307189 0)
(0.0557566 -0.0416194 0)
(0.0927895 0.0393351 0)
(0.0469286 0.0576148 0)
(0.0517081 0.0452829 0)
(0.0484596 0.033972 0)
(0.0257605 0.0217248 0)
(0.00583141 0.0014779 0)
(0.00625829 -0.00354854 0)
(0.01403 -0.0158189 0)
(0.017042 -0.0279158 0)
(0.0121748 -0.0270409 0)
(0.00591302 -0.00988766 0)
(0.00495937 -0.00958472 0)
(0.00625087 -0.011802 0)
(-0.00520738 0.026722 0)
(-0.0255345 0.00745016 0)
(-0.0154505 -0.0227509 0)
(0.00291318 -0.0330301 0)
(0.0278074 -0.0426347 0)
(0.0406645 -0.0505979 0)
(0.069468 0.0675101 0)
(0.0853475 0.0152487 0)
(0.0837952 0.0379934 0)
(0.0821039 0.0402748 0)
(0.0570758 0.0331703 0)
(0.0275353 0.0084761 0)
(0.020646 -0.00541464 0)
(0.0239039 -0.0169191 0)
(0.0213673 -0.0264075 0)
(0.0105725 -0.0228359 0)
(0.00295214 -0.00928064 0)
(0.00246971 -0.0091804 0)
(-0.00186948 -0.00942265 0)
(-0.00436823 0.0257091 0)
(-0.00138627 0.00576559 0)
(0.00410184 -0.0270808 0)
(0.0114806 -0.0395788 0)
(0.0240781 -0.0494345 0)
(0.0202537 -0.0530406 0)
(0.0421559 0.0889091 0)
(0.00921374 -0.0223912 0)
(0.0180042 -0.0151426 0)
(0.0278076 -0.012215 0)
(0.0353463 -0.00993647 0)
(0.0408418 -0.00791248 0)
(0.0446214 -0.00550963 0)
(0.0467799 -0.00243141 0)
(0.0475094 0.000678889 0)
(0.0470377 0.00332333 0)
(0.0457284 0.00560849 0)
(0.0439669 0.0076662 0)
(0.0418691 0.00953475 0)
(0.039347 0.0112525 0)
(0.0363479 0.0126732 0)
(0.0327095 0.0130806 0)
(0.0282144 0.0116271 0)
(0.0237375 0.00938789 0)
(0.0202297 0.00711022 0)
(0.0183494 0.00426434 0)
(0.0200269 0.00125443 0)
(0.0262498 -0.00335435 0)
(0.036772 -0.0116558 0)
(0.0609515 -0.0313808 0)
(0.00609056 -0.0329695 0)
(0.0156331 -0.0282002 0)
(0.0266711 -0.0230092 0)
(0.0354034 -0.0179023 0)
(0.0420439 -0.0137307 0)
(0.0469973 -0.0095281 0)
(0.050245 -0.00470284 0)
(0.0518244 -9.24728e-05 0)
(0.0521106 0.0035458 0)
(0.0516134 0.00629428 0)
(0.0507458 0.00842615 0)
(0.0497437 0.0101941 0)
(0.0487371 0.0117872 0)
(0.0479926 0.0130385 0)
(0.0479414 0.0136433 0)
(0.0488382 0.0131866 0)
(0.0509229 0.0114563 0)
(0.0546512 0.00820211 0)
(0.0604141 0.00280846 0)
(0.0683808 -0.00577701 0)
(0.0783348 -0.0172163 0)
(0.0892641 -0.0332402 0)
(0.0963818 -0.0560049 0)
(0.0086749 -0.0421894 0)
(0.0157882 -0.0390513 0)
(0.0239952 -0.0322491 0)
(0.0311099 -0.0251526 0)
(0.0370875 -0.0195722 0)
(0.0419093 -0.0139703 0)
(0.0452672 -0.00733277 0)
(0.0470217 -0.0012588 0)
(0.0475152 0.00341534 0)
(0.0472488 0.00668904 0)
(0.0466598 0.00897509 0)
(0.0461432 0.0106089 0)
(0.0460156 0.0118462 0)
(0.0465931 0.0122782 0)
(0.0482295 0.01167 0)
(0.0510222 0.00990389 0)
(0.0551634 0.00661368 0)
(0.0609454 0.00163916 0)
(0.0683531 -0.00516982 0)
(0.0770084 -0.0141291 0)
(0.0860119 -0.0246521 0)
(0.0927979 -0.036862 0)
(0.0918491 -0.0482335 0)
(0.00936414 -0.0549695 0)
(0.0142479 -0.0472901 0)
(0.0205511 -0.0386271 0)
(0.0259559 -0.0306123 0)
(0.0305517 -0.0242919 0)
(0.0335561 -0.0173249 0)
(0.0355289 -0.00968125 0)
(0.0370181 -0.00241285 0)
(0.0375121 0.00321648 0)
(0.037178 0.00699176 0)
(0.0365014 0.00951835 0)
(0.0360178 0.0107785 0)
(0.0364459 0.0113184 0)
(0.037922 0.0107638 0)
(0.0401622 0.00921446 0)
(0.0430173 0.00655248 0)
(0.0468177 0.00175629 0)
(0.0521115 -0.00493149 0)
(0.0584658 -0.0126472 0)
(0.0645513 -0.021743 0)
(0.0693563 -0.0307271 0)
(0.0708836 -0.0376362 0)
(0.0651315 -0.0395995 0)
(0.000630011 -0.0576653 0)
(0.00788431 -0.0531946 0)
(0.0137563 -0.0435558 0)
(0.0188269 -0.0349694 0)
(0.0217402 -0.0271122 0)
(0.022098 -0.0179062 0)
(0.0217024 -0.0107663 0)
(0.0221487 -0.00304128 0)
(0.0224455 0.0035369 0)
(0.02206 0.00785786 0)
(0.0213852 0.0104679 0)
(0.0210772 0.0108093 0)
(0.0216827 0.0102085 0)
(0.0231856 0.00884117 0)
(0.0252304 0.0068165 0)
(0.0276723 0.00343992 0)
(0.0306478 -0.00289028 0)
(0.0341563 -0.010694 0)
(0.0377817 -0.0181253 0)
(0.0404353 -0.02586 0)
(0.0409889 -0.0322283 0)
(0.038794 -0.034159 0)
(0.0339479 -0.0304594 0)
(-0.0037865 -0.061438 0)
(0.00183846 -0.0590742 0)
(0.00458001 -0.0487148 0)
(0.00737625 -0.0386252 0)
(0.00842773 -0.0279478 0)
(0.00789399 -0.0170013 0)
(0.0068568 -0.0103281 0)
(0.00599155 -0.00313928 0)
(0.00532823 0.00368936 0)
(0.00463419 0.00828704 0)
(0.00420695 0.0105518 0)
(0.00420321 0.0105378 0)
(0.00447521 0.00916568 0)
(0.00525336 0.00706902 0)
(0.00676192 0.00439988 0)
(0.00920042 0.000457664 0)
(0.01215 -0.00576948 0)
(0.0147632 -0.0132111 0)
(0.0167373 -0.0200981 0)
(0.0179931 -0.0262361 0)
(0.0179105 -0.0305494 0)
(0.0165583 -0.0311212 0)
(0.0153893 -0.0281213 0)
(-0.00575034 -0.0600791 0)
(-0.00571238 -0.0623359 0)
(-0.00369149 -0.0530285 0)
(-0.00206917 -0.0409985 0)
(-0.00171431 -0.0282351 0)
(-0.00180716 -0.016647 0)
(-0.00254768 -0.00894167 0)
(-0.00395573 -0.00175007 0)
(-0.00522457 0.00485355 0)
(-0.00611468 0.00925363 0)
(-0.00667373 0.0110657 0)
(-0.0069759 0.0107785 0)
(-0.00702533 0.00904315 0)
(-0.00660931 0.00627742 0)
(-0.00542983 0.00267812 0)
(-0.00346929 -0.00213256 0)
(-0.00121211 -0.00840193 0)
(0.000707025 -0.0152691 0)
(0.00222942 -0.0218433 0)
(0.00340424 -0.0273307 0)
(0.00406234 -0.030827 0)
(0.00457708 -0.0315555 0)
(0.00584233 -0.0300949 0)
(-0.00933207 -0.0534538 0)
(-0.0139524 -0.0585157 0)
(-0.00982291 -0.0520553 0)
(-0.00736337 -0.0400455 0)
(-0.00716131 -0.0272699 0)
(-0.0075559 -0.0159629 0)
(-0.00803848 -0.0075633 0)
(-0.00914494 -0.000262846 0)
(-0.010529 0.00588576 0)
(-0.0116346 0.0097524 0)
(-0.012275 0.0111778 0)
(-0.0126219 0.0106734 0)
(-0.0127584 0.00864704 0)
(-0.01248 0.00544741 0)
(-0.0115478 0.00131171 0)
(-0.0100027 -0.00376379 0)
(-0.00825436 -0.00971779 0)
(-0.00660543 -0.0160149 0)
(-0.00507307 -0.0221029 0)
(-0.00367054 -0.0271187 0)
(-0.00231432 -0.0303834 0)
(-0.000432986 -0.0317124 0)
(0.00247485 -0.0318115 0)
(-0.016024 -0.0396518 0)
(-0.022363 -0.0596613 0)
(-0.0153974 -0.0537599 0)
(-0.0121363 -0.0387987 0)
(-0.0117584 -0.0253186 0)
(-0.0113974 -0.0147844 0)
(-0.0107575 -0.00673659 0)
(-0.0111653 0.00061335 0)
(-0.0122282 0.00652985 0)
(-0.0128493 0.00996239 0)
(-0.0128239 0.0110729 0)
(-0.0124692 0.0105182 0)
(-0.0120221 0.0084777 0)
(-0.0113068 0.00509572 0)
(-0.0100622 0.000705373 0)
(-0.00831898 -0.00442981 0)
(-0.0065505 -0.0102523 0)
(-0.00511336 -0.0164436 0)
(-0.00403451 -0.0224945 0)
(-0.00334971 -0.0275094 0)
(-0.00286331 -0.0308938 0)
(-0.00191138 -0.0325598 0)
(-0.000333096 -0.0321929 0)
(0.0477198 0.000931066 0)
(-0.000262832 -0.0518917 0)
(-0.0220793 -0.0518621 0)
(-0.0234599 -0.0366992 0)
(-0.0202127 -0.0241195 0)
(-0.0179416 -0.0157903 0)
(-0.0171807 -0.00828023 0)
(-0.0168678 -0.000151686 0)
(-0.0158962 0.00574489 0)
(-0.0145 0.00868254 0)
(-0.0132719 0.00953757 0)
(-0.0120764 0.00923952 0)
(-0.0106498 0.007494 0)
(-0.0090742 0.00419468 0)
(-0.00734803 -0.000228289 0)
(-0.00536514 -0.00503338 0)
(-0.00341359 -0.010228 0)
(-0.00192121 -0.0157927 0)
(-0.00120618 -0.0211998 0)
(-0.0013032 -0.0256483 0)
(-0.00172706 -0.0288087 0)
(-0.00109225 -0.0309268 0)
(0.00119678 -0.0324956 0)
(0.0353594 -0.0761722 0)
(0.0327635 -0.0318746 0)
(0.00774163 -0.0524056 0)
(-0.0179301 -0.047191 0)
(-0.0389446 -0.0320171 0)
(-0.0518161 -0.0195508 0)
(-0.0578249 -0.00865323 0)
(-0.0587088 0.00138769 0)
(-0.0561062 0.00753863 0)
(-0.0522799 0.0104223 0)
(-0.0488824 0.0109693 0)
(-0.0459853 0.00976747 0)
(-0.0431127 0.00640281 0)
(-0.0401182 0.000940173 0)
(-0.0370224 -0.00587074 0)
(-0.0339064 -0.0128769 0)
(-0.030969 -0.0193105 0)
(-0.028401 -0.025246 0)
(-0.026279 -0.0306232 0)
(-0.0244679 -0.0354246 0)
(-0.0228224 -0.0402271 0)
(-0.0193961 -0.0455971 0)
(-0.0178865 -0.0476097 0)
(-0.0165839 -0.0770589 0)
(-0.0049814 -0.0136526 0)
(-0.0232907 -0.00939385 0)
(-0.0447847 -0.00737088 0)
(-0.0633618 -0.00378161 0)
(-0.0759 -0.00431426 0)
(-0.0829352 -0.00321562 0)
(-0.0842739 -0.00165238 0)
(-0.0807335 0.000493639 0)
(-0.0755427 0.00335601 0)
(-0.0707401 0.00522988 0)
(-0.0668026 0.00483016 0)
(-0.0632717 0.00228821 0)
(-0.0597577 -0.00206345 0)
(-0.0563732 -0.00746358 0)
(-0.0532186 -0.0131822 0)
(-0.0502966 -0.018713 0)
(-0.0476224 -0.023915 0)
(-0.0452004 -0.0287036 0)
(-0.0428945 -0.0330575 0)
(-0.040982 -0.0371478 0)
(-0.0381731 -0.0410509 0)
(-0.0348209 -0.0419011 0)
(-0.0371355 -0.0549545 0)
(-0.0367966 -0.0113378 0)
(-0.047689 0.00603638 0)
(-0.0601164 0.0104455 0)
(-0.0719891 0.00883935 0)
(-0.0823118 0.00548975 0)
(-0.0895811 0.00206586 0)
(-0.0919984 -0.00251036 0)
(-0.0902783 -0.00377578 0)
(-0.0859094 -0.00216339 0)
(-0.0812035 0.000386098 0)
(-0.0773433 0.000778135 0)
(-0.0738806 -0.00151836 0)
(-0.07058 -0.00552983 0)
(-0.0674169 -0.0104718 0)
(-0.0645712 -0.0156816 0)
(-0.0619989 -0.020796 0)
(-0.059638 -0.0256311 0)
(-0.0574475 -0.0301025 0)
(-0.055386 -0.0342003 0)
(-0.0538419 -0.0379908 0)
(-0.0514958 -0.0413817 0)
(-0.0489406 -0.0421745 0)
(-0.0367365 -0.0200441 0)
(-0.0461665 0.00697916 0)
(-0.0567857 0.0166373 0)
(-0.0647613 0.0194066 0)
(-0.0725142 0.0182921 0)
(-0.0797778 0.0138448 0)
(-0.0857559 0.00709698 0)
(-0.0888433 -0.00139096 0)
(-0.088937 -0.00593019 0)
(-0.0867042 -0.00619009 0)
(-0.082992 -0.00380283 0)
(-0.0794079 -0.00281991 0)
(-0.0761804 -0.00500707 0)
(-0.0730294 -0.00880648 0)
(-0.0701733 -0.0134153 0)
(-0.0677013 -0.018236 0)
(-0.065607 -0.0230155 0)
(-0.0638116 -0.0275461 0)
(-0.0622707 -0.0317227 0)
(-0.0609267 -0.0355113 0)
(-0.0602785 -0.0389205 0)
(-0.0585356 -0.0419019 0)
(-0.0567194 -0.0431263 0)
(-0.0278402 0.0117236 0)
(-0.0407546 0.0233958 0)
(-0.0524308 0.0260858 0)
(-0.0603269 0.0261787 0)
(-0.0662866 0.0242449 0)
(-0.0713224 0.0191634 0)
(-0.0752168 0.0109899 0)
(-0.0785677 0.000992842 0)
(-0.0806293 -0.0057069 0)
(-0.0805019 -0.00822906 0)
(-0.0788639 -0.00658872 0)
(-0.0761594 -0.00593987 0)
(-0.0732282 -0.008024 0)
(-0.0704719 -0.0116302 0)
(-0.0680902 -0.0158958 0)
(-0.0661681 -0.0203571 0)
(-0.0646798 -0.024856 0)
(-0.0635628 -0.0291547 0)
(-0.0627669 -0.0331261 0)
(-0.0622337 -0.0367004 0)
(-0.0623278 -0.0398691 0)
(-0.0612478 -0.0426097 0)
(-0.0600417 -0.043799 0)
(-0.0206413 0.036406 0)
(-0.0315449 0.0387539 0)
(-0.0424352 0.0359832 0)
(-0.050249 0.0327833 0)
(-0.0555439 0.0289311 0)
(-0.0590372 0.022596 0)
(-0.0618561 0.0140758 0)
(-0.0647567 0.00391406 0)
(-0.0677489 -0.0038605 0)
(-0.0697737 -0.00798111 0)
(-0.0699731 -0.00803759 0)
(-0.0685363 -0.00836227 0)
(-0.0663814 -0.01057 0)
(-0.0643654 -0.0138954 0)
(-0.0626972 -0.0177189 0)
(-0.0614689 -0.0217528 0)
(-0.0606581 -0.0258553 0)
(-0.0602408 -0.0298088 0)
(-0.0601668 -0.033477 0)
(-0.0603379 -0.0367857 0)
(-0.0611853 -0.039732 0)
(-0.0606792 -0.0423013 0)
(-0.0601056 -0.0433182 0)
(-0.014133 0.0558453 0)
(-0.02219 0.0514569 0)
(-0.0310285 0.0451554 0)
(-0.0376482 0.0390666 0)
(-0.0421831 0.0329291 0)
(-0.0451857 0.0254068 0)
(-0.0475486 0.0164679 0)
(-0.0502514 0.00714955 0)
(-0.0534192 -0.00100021 0)
(-0.0563367 -0.00597454 0)
(-0.0578336 -0.00799666 0)
(-0.0576815 -0.00962966 0)
(-0.0567904 -0.0121422 0)
(-0.0558043 -0.0152766 0)
(-0.0550366 -0.0187461 0)
(-0.0545886 -0.02241 0)
(-0.0544812 -0.0261304 0)
(-0.0547325 -0.0297326 0)
(-0.0553019 -0.0330954 0)
(-0.0561223 -0.0361489 0)
(-0.0575062 -0.0388874 0)
(-0.0576362 -0.041313 0)
(-0.0577177 -0.0420279 0)
(-0.00833922 0.0687843 0)
(-0.0135605 0.0606014 0)
(-0.0198737 0.0521845 0)
(-0.0248441 0.0442316 0)
(-0.0284908 0.0363823 0)
(-0.0311639 0.0279693 0)
(-0.0335427 0.0189862 0)
(-0.0361994 0.01002 0)
(-0.0393169 0.00231016 0)
(-0.0423839 -0.00332341 0)
(-0.0445166 -0.00680782 0)
(-0.045511 -0.00959252 0)
(-0.0457989 -0.0125016 0)
(-0.0458797 -0.0156259 0)
(-0.0460146 -0.018914 0)
(-0.0463252 -0.0223158 0)
(-0.0468883 -0.0257316 0)
(-0.0477341 -0.029035 0)
(-0.0488477 -0.0321294 0)
(-0.0501453 -0.0349534 0)
(-0.052058 -0.037504 0)
(-0.0526229 -0.0397535 0)
(-0.0531726 -0.0401273 0)
(-0.00365534 0.0755377 0)
(-0.00627853 0.0661415 0)
(-0.0101113 0.0568576 0)
(-0.0133771 0.0479802 0)
(-0.016081 0.0392571 0)
(-0.0183766 0.0303985 0)
(-0.0206525 0.021469 0)
(-0.0232572 0.0129131 0)
(-0.0262266 0.00540116 0)
(-0.0292199 -0.000510748 0)
(-0.0316947 -0.00490665 0)
(-0.0334156 -0.00848705 0)
(-0.0346016 -0.0118008 0)
(-0.0355411 -0.015052 0)
(-0.0364286 -0.0182911 0)
(-0.0373912 -0.0215427 0)
(-0.0385096 -0.0247452 0)
(-0.0398326 -0.0278228 0)
(-0.0413622 -0.0307027 0)
(-0.0430608 -0.0333296 0)
(-0.0452412 -0.0357004 0)
(-0.0462309 -0.0377847 0)
(-0.047165 -0.0377937 0)
(-0.000323838 0.0774693 0)
(-0.000830747 0.0685712 0)
(-0.00246223 0.0594135 0)
(-0.00416109 0.0503736 0)
(-0.00588883 0.0414257 0)
(-0.00766621 0.0325361 0)
(-0.00966664 0.023829 0)
(-0.0120411 0.0156227 0)
(-0.0147597 0.00834392 0)
(-0.0175659 0.00227298 0)
(-0.020122 -0.0026161 0)
(-0.0222333 -0.00671179 0)
(-0.0239739 -0.0103721 0)
(-0.0254935 -0.0137829 0)
(-0.0269194 -0.0170562 0)
(-0.0283537 -0.0202355 0)
(-0.0298755 -0.0233073 0)
(-0.0315393 -0.0262272 0)
(-0.0333532 -0.0289447 0)
(-0.0352632 -0.0314127 0)
(-0.0377157 -0.0336378 0)
(-0.0388657 -0.0355474 0)
(-0.0399878 -0.0352402 0)
(0.00161687 0.0762181 0)
(0.00266647 0.0686263 0)
(0.00280218 0.0601717 0)
(0.00246424 0.0515025 0)
(0.00170378 0.0427954 0)
(0.000568569 0.0341845 0)
(-0.00097438 0.0258462 0)
(-0.00295052 0.0180227 0)
(-0.00528412 0.0109857 0)
(-0.00777582 0.00490834 0)
(-0.0102002 -0.000228099 0)
(-0.0124057 -0.00462731 0)
(-0.0143866 -0.00852785 0)
(-0.0162063 -0.0120888 0)
(-0.0179372 -0.015419 0)
(-0.019652 -0.0185775 0)
(-0.0214143 -0.0215736 0)
(-0.0232708 -0.0243889 0)
(-0.0252361 -0.0269883 0)
(-0.0273015 -0.0293374 0)
(-0.0297594 -0.0314331 0)
(-0.0310817 -0.0332108 0)
(-0.0323346 -0.0326107 0)
(0.00236778 0.0733275 0)
(0.00442613 0.0670831 0)
(0.00584159 0.0595464 0)
(0.0066048 0.0515406 0)
(0.00674583 0.0433587 0)
(0.00632538 0.0352318 0)
(0.00537931 0.0273622 0)
(0.00394821 0.0199564 0)
(0.00212521 0.0132066 0)
(6.91124e-05 0.00722886 0)
(-0.0020494 0.00202116 0)
(-0.00411685 -0.0025152 0)
(-0.00608069 -0.00655317 0)
(-0.00795872 -0.0102149 0)
(-0.00978425 -0.0135938 0)
(-0.0115987 -0.0167473 0)
(-0.013446 -0.0196972 0)
(-0.0153671 -0.0224396 0)
(-0.0173731 -0.0249524 0)
(-0.0194199 -0.0272065 0)
(-0.0219352 -0.0292022 0)
(-0.0231919 -0.0308582 0)
(-0.0243799 -0.0300213 0)
(0.00231564 0.0699013 0)
(0.00492642 0.0645887 0)
(0.00714235 0.0579083 0)
(0.00872929 0.0506471 0)
(0.00965247 0.0431158 0)
(0.00994228 0.0355798 0)
(0.00965015 0.0282499 0)
(0.00883907 0.0213079 0)
(0.00760354 0.0149023 0)
(0.0060735 0.00912111 0)
(0.00438481 0.00397299 0)
(0.00262871 -0.000585418 0)
(0.000868193 -0.00466552 0)
(-0.000884392 -0.00836837 0)
(-0.00263383 -0.0117659 0)
(-0.00439623 -0.0149067 0)
(-0.00619876 -0.0178167 0)
(-0.0080672 -0.0204987 0)
(-0.0100108 -0.0229408 0)
(-0.012023 -0.0251114 0)
(-0.0143575 -0.0270204 0)
(-0.0156137 -0.028593 0)
(-0.0167638 -0.0275285 0)
(0.0018617 0.0666419 0)
(0.00466318 0.0616706 0)
(0.00730536 0.0556263 0)
(0.00945322 0.0490443 0)
(0.0110017 0.042169 0)
(0.0119304 0.0352491 0)
(0.0122738 0.0284819 0)
(0.0120898 0.022026 0)
(0.0114609 0.0160032 0)
(0.0104918 0.0104872 0)
(0.00929232 0.00549738 0)
(0.00794387 0.00101788 0)
(0.00650088 -0.0030122 0)
(0.00499857 -0.00668801 0)
(0.00344715 -0.010061 0)
(0.00184821 -0.0131691 0)
(0.000192972 -0.0160338 0)
(-0.00154095 -0.0186612 0)
(-0.00334997 -0.0210372 0)
(-0.00519145 -0.0231335 0)
(-0.00746218 -0.0249746 0)
(-0.00848044 -0.0264683 0)
(-0.00949171 -0.025226 0)
(0.00131799 0.0638758 0)
(0.00408792 0.0586774 0)
(0.00687894 0.0529916 0)
(0.0093661 0.046943 0)
(0.0113735 0.0406527 0)
(0.0128268 0.0343169 0)
(0.01373 0.0281 0)
(0.0141215 0.0221336 0)
(0.014065 0.0165169 0)
(0.0136415 0.0113129 0)
(0.0129387 0.00654668 0)
(0.012029 0.00221899 0)
(0.0109573 -0.00169387 0)
(0.00977034 -0.00528404 0)
(0.00848711 -0.00858742 0)
(0.00712091 -0.0116302 0)
(0.00567272 -0.014428 0)
(0.00413534 -0.016984 0)
(0.0025128 -0.0192829 0)
(0.000799182 -0.0213076 0)
(-0.0012004 -0.0230606 0)
(-0.00210089 -0.0244705 0)
(-0.0030203 -0.023221 0)
(0.000866801 0.0616423 0)
(0.00349052 0.0557901 0)
(0.00628499 0.0502058 0)
(0.00894861 0.0445243 0)
(0.0112617 0.0387138 0)
(0.0131081 0.0328968 0)
(0.0144609 0.0271921 0)
(0.0153355 0.021699 0)
(0.0157747 0.016494 0)
(0.0158386 0.0116289 0)
(0.0155958 0.00712975 0)
(0.0151077 0.00300713 0)
(0.0144125 -0.000739169 0)
(0.0135593 -0.0041961 0)
(0.012572 -0.00739119 0)
(0.0114695 -0.0103392 0)
(0.0102617 -0.0130491 0)
(0.00894464 -0.0155201 0)
(0.00752887 -0.0177377 0)
(0.00606412 -0.0196831 0)
(0.00419347 -0.0213435 0)
(0.00342541 -0.0226529 0)
(0.0026518 -0.0213894 0)
(0.000597896 0.059821 0)
(0.00307128 0.0530623 0)
(0.00579825 0.0473874 0)
(0.00853452 0.0419268 0)
(0.0110306 0.0364896 0)
(0.0131443 0.0311159 0)
(0.0148255 0.0258725 0)
(0.0160704 0.0208229 0)
(0.0169037 0.0160197 0)
(0.0173681 0.0115018 0)
(0.0175163 0.00729311 0)
(0.0173979 0.00340993 0)
(0.0170464 -0.000136591 0)
(0.0165088 -0.00342591 0)
(0.0158112 -0.00648184 0)
(0.014974 -0.0093091 0)
(0.0140096 -0.0119103 0)
(0.0129232 -0.0142807 0)
(0.0117246 -0.0164058 0)
(0.0104267 -0.0182622 0)
(0.00886204 -0.0198505 0)
(0.00808592 -0.0210963 0)
(0.00736854 -0.0196776 0)
(0.000531798 0.0582154 0)
(0.00289899 0.0504645 0)
(0.00557213 0.0445874 0)
(0.00832831 0.0392446 0)
(0.0109181 0.0340945 0)
(0.0131907 0.0290955 0)
(0.0150844 0.0242616 0)
(0.0165833 0.0196197 0)
(0.0176995 0.0151981 0)
(0.0184632 0.0110218 0)
(0.018915 0.00711034 0)
(0.0190935 0.00348417 0)
(0.0190285 0.000155543 0)
(0.018764 -0.0029466 0)
(0.0183251 -0.00584273 0)
(0.0177305 -0.00852973 0)
(0.0169948 -0.0110052 0)
(0.0161204 -0.0132608 0)
(0.0151232 -0.0152803 0)
(0.0140578 -0.017038 0)
(0.0126022 -0.0185446 0)
(0.0120158 -0.0197142 0)
(0.0114147 -0.0181664 0)
(0.000659316 0.0566127 0)
(0.0030106 0.0479178 0)
(0.00566519 0.0418067 0)
(0.00842674 0.0365307 0)
(0.0110535 0.0316139 0)
(0.0133997 0.02694 0)
(0.0154042 0.0224725 0)
(0.017048 0.0182036 0)
(0.0183379 0.0141385 0)
(0.0192973 0.0102886 0)
(0.0199588 0.00666858 0)
(0.020352 0.00330274 0)
(0.020505 0.000196594 0)
(0.0204572 -0.00271137 0)
(0.0202305 -0.00543676 0)
(0.0198405 -0.00797172 0)
(0.0192992 -0.0103092 0)
(0.0186141 -0.0124396 0)
(0.0177989 -0.0143432 0)
(0.0168593 -0.0159992 0)
(0.0156727 -0.0174086 0)
(0.0151022 -0.0184949 0)
(0.0145125 -0.0168509 0)
(0.000951472 0.054809 0)
(0.00337368 0.0453188 0)
(0.00608333 0.0390136 0)
(0.0088608 0.0338065 0)
(0.0114905 0.0291075 0)
(0.0138449 0.0247338 0)
(0.0158743 0.0206043 0)
(0.0175659 0.01668 0)
(0.0189286 0.0129457 0)
(0.0199852 0.0094013 0)
(0.0207646 0.00605762 0)
(0.0212905 0.00294377 0)
(0.02159 5.33654e-05 0)
(0.0216976 -0.00266331 0)
(0.02163 -0.00521601 0)
(0.0213982 -0.0075931 0)
(0.0210121 -0.00978566 0)
(0.0204744 -0.0117822 0)
(0.0197984 -0.0135632 0)
(0.019037 -0.015107 0)
(0.0179094 -0.0164126 0)
(0.0174869 -0.0174088 0)
(0.0170145 -0.0156852 0)
(0.00138201 0.0526239 0)
(0.00397485 0.0425611 0)
(0.00680169 0.0361623 0)
(0.00961735 0.0310752 0)
(0.0122315 0.0266158 0)
(0.0145435 0.0225446 0)
(0.0165256 0.0187417 0)
(0.01818 0.0151424 0)
(0.0195253 0.0117152 0)
(0.0205894 0.00845205 0)
(0.0214023 0.00536269 0)
(0.0219847 0.00248244 0)
(0.0223641 -0.000207748 0)
(0.0225678 -0.00274406 0)
(0.0226062 -0.00512848 0)
(0.0224846 -0.00734757 0)
(0.0222078 -0.00939188 0)
(0.0217807 -0.0112488 0)
(0.0212132 -0.0129009 0)
(0.0205117 -0.0143222 0)
(0.019589 -0.0155195 0)
(0.0191211 -0.016414 0)
(0.0186254 -0.0146357 0)
(0.00192556 0.0499037 0)
(0.00476813 0.0395469 0)
(0.00779043 0.0332052 0)
(0.0106689 0.0283325 0)
(0.0132531 0.0241698 0)
(0.0154783 0.0204288 0)
(0.0173485 0.0169582 0)
(0.0188895 0.0136731 0)
(0.0201368 0.0105318 0)
(0.0211293 0.00752286 0)
(0.0219006 0.00466004 0)
(0.0224735 0.00198593 0)
(0.0228746 -0.000526859 0)
(0.0231225 -0.00289932 0)
(0.0232187 -0.0051246 0)
(0.0231618 -0.00718935 0)
(0.022953 -0.00908466 0)
(0.02259 -0.0108003 0)
(0.0220857 -0.0123193 0)
(0.0214877 -0.0136171 0)
(0.0205576 -0.0147021 0)
(0.0201694 -0.0155015 0)
(0.0196863 -0.0136807 0)
(0.00256744 0.0465196 0)
(0.00574621 0.0361866 0)
(0.00901954 0.030096 0)
(0.0119814 0.0255736 0)
(0.0145183 0.0217978 0)
(0.0166109 0.018439 0)
(0.0183059 0.0153209 0)
(0.0196618 0.0123466 0)
(0.0207375 0.00947064 0)
(0.0215877 0.00668539 0)
(0.0222538 0.00401685 0)
(0.0227632 0.00151048 0)
(0.0231399 -0.000854086 0)
(0.0233901 -0.00308299 0)
(0.0235041 -0.00516077 0)
(0.0234718 -0.00707573 0)
(0.0232876 -0.00882307 0)
(0.0229526 -0.0103969 0)
(0.0224777 -0.0117823 0)
(0.0218629 -0.0129614 0)
(0.0210623 -0.0139366 0)
(0.020567 -0.0146374 0)
(0.0199709 -0.0128063 0)
(0.00330145 0.0423548 0)
(0.0068871 0.0323934 0)
(0.0104792 0.0267937 0)
(0.0135335 0.0228009 0)
(0.0159902 0.0195359 0)
(0.0178921 0.0166319 0)
(0.0193422 0.0138974 0)
(0.0204405 0.0112334 0)
(0.0212748 0.00860032 0)
(0.0219197 0.00600169 0)
(0.0224282 0.00348502 0)
(0.0228339 0.00109943 0)
(0.0231531 -0.00115185 0)
(0.0233758 -0.00325967 0)
(0.0234767 -0.00520081 0)
(0.0234339 -0.00696892 0)
(0.0232378 -0.00856775 0)
(0.0228865 -0.0099988 0)
(0.0223927 -0.011253 0)
(0.021805 -0.0123134 0)
(0.0209325 -0.013178 0)
(0.0204491 -0.0137873 0)
(0.0198529 -0.0119627 0)
(0.00413873 0.0372927 0)
(0.00821785 0.0280805 0)
(0.0121733 0.0232685 0)
(0.0153072 0.0200367 0)
(0.017625 0.0174391 0)
(0.0192578 0.0150775 0)
(0.0203827 0.0127607 0)
(0.0211485 0.0104038 0)
(0.0216747 0.00798415 0)
(0.0220579 0.00552469 0)
(0.0223675 0.003102 0)
(0.0226428 0.000782172 0)
(0.0228859 -0.00139642 0)
(0.0230642 -0.00340535 0)
(0.0231297 -0.00521651 0)
(0.0230461 -0.00683529 0)
(0.0227995 -0.00828167 0)
(0.0223968 -0.0095684 0)
(0.0218563 -0.0106936 0)
(0.0211875 -0.0116384 0)
(0.0203825 -0.0124027 0)
(0.0197561 -0.0129142 0)
(0.0190518 -0.0111361 0)
(0.00511592 0.0312002 0)
(0.00975476 0.0231581 0)
(0.0141205 0.0195123 0)
(0.0172798 0.0173369 0)
(0.0193568 0.015592 0)
(0.020616 0.0138638 0)
(0.0213268 0.0119915 0)
(0.0216873 0.00992789 0)
(0.0218445 0.00768087 0)
(0.021918 0.00529986 0)
(0.0219973 0.00289536 0)
(0.0221282 0.000573909 0)
(0.0222918 -0.00157756 0)
(0.0224204 -0.0035067 0)
(0.0224344 -0.00518574 0)
(0.0222801 -0.00664405 0)
(0.0219475 -0.00792955 0)
(0.0214523 -0.00907217 0)
(0.020827 -0.0100761 0)
(0.0201301 -0.0109208 0)
(0.0192185 -0.0116009 0)
(0.0185939 -0.0120423 0)
(0.0178708 -0.010332 0)
(0.00632063 0.0239104 0)
(0.0115601 0.0175375 0)
(0.0163044 0.0155508 0)
(0.0193609 0.0148069 0)
(0.0210471 0.0141131 0)
(0.0218163 0.0130905 0)
(0.0220359 0.0116669 0)
(0.0219373 0.00986669 0)
(0.0216816 0.0077397 0)
(0.0214055 0.00536047 0)
(0.0212313 0.0028804 0)
(0.021217 0.000472451 0)
(0.0213091 -0.00169954 0)
(0.0213895 -0.00356009 0)
(0.0213366 -0.00508928 0)
(0.0210786 -0.00636374 0)
(0.0206175 -0.0074772 0)
(0.019999 -0.00848079 0)
(0.0192734 -0.00937996 0)
(0.0184608 -0.0101551 0)
(0.0175971 -0.0107828 0)
(0.0168579 -0.0111837 0)
(0.0160565 -0.00958589 0)
(0.00795774 0.0153409 0)
(0.013662 0.011225 0)
(0.018581 0.0115244 0)
(0.0212942 0.0126422 0)
(0.0224121 0.013154 0)
(0.0226178 0.0128493 0)
(0.0223312 0.0118404 0)
(0.0217723 0.0102596 0)
(0.0210882 0.0081957 0)
(0.0204362 0.00573677 0)
(0.0199873 0.00305942 0)
(0.0198296 0.000467576 0)
(0.0198639 -0.00176861 0)
(0.0198944 -0.00355503 0)
(0.0197502 -0.00490083 0)
(0.0193452 -0.00595091 0)
(0.0187169 -0.00688267 0)
(0.0179489 -0.0077618 0)
(0.017107 -0.0085884 0)
(0.0162624 -0.0093258 0)
(0.01531 -0.00993824 0)
(0.0146094 -0.0103475 0)
(0.0138965 -0.00890129 0)
(0.010286 0.00523324 0)
(0.0158425 0.00460574 0)
(0.0203583 0.00788984 0)
(0.0224395 0.0111609 0)
(0.0229369 0.0128438 0)
(0.0226839 0.0131533 0)
(0.022024 0.012489 0)
(0.0210974 0.0110933 0)
(0.0200206 0.00906442 0)
(0.0189659 0.00644844 0)
(0.018212 0.00342935 0)
(0.017906 0.000513073 0)
(0.0178764 -0.00181206 0)
(0.0178233 -0.00350323 0)
(0.0175395 -0.00459148 0)
(0.016945 -0.00536588 0)
(0.0161184 -0.00611526 0)
(0.0152094 -0.00690724 0)
(0.0142933 -0.00770526 0)
(0.0133839 -0.00844627 0)
(0.0125261 -0.00907831 0)
(0.0117588 -0.00951954 0)
(0.0110333 -0.00831621 0)
(0.0115315 -0.00882301 0)
(0.01639 -0.0020287 0)
(0.0200472 0.00516118 0)
(0.0216748 0.0104572 0)
(0.0219544 0.0129911 0)
(0.0217033 0.0137678 0)
(0.0210252 0.013436 0)
(0.0199465 0.0122868 0)
(0.0185548 0.0103603 0)
(0.0170669 0.00759795 0)
(0.0159296 0.0040826 0)
(0.0153988 0.000877384 0)
(0.0152632 -0.00153917 0)
(0.015039 -0.00309051 0)
(0.014515 -0.00394275 0)
(0.0136912 -0.00440727 0)
(0.0126881 -0.00502623 0)
(0.0117035 -0.00580104 0)
(0.0107928 -0.00663249 0)
(0.00997613 -0.00741142 0)
(0.0091321 -0.00806185 0)
(0.00837684 -0.0085286 0)
(0.00767299 -0.00759268 0)
(0.00728478 -0.0228906 0)
(0.0129762 -0.00866927 0)
(0.0157228 0.00233542 0)
(0.0180533 0.00949253 0)
(0.0192085 0.0128301 0)
(0.0197702 0.0142828 0)
(0.0195639 0.0146223 0)
(0.0186117 0.0140724 0)
(0.0170502 0.0125807 0)
(0.0151 0.00994636 0)
(0.0136401 0.00592274 0)
(0.0125758 0.00152231 0)
(0.0119305 -0.0010441 0)
(0.0112242 -0.00246877 0)
(0.0102166 -0.00291253 0)
(0.00933416 -0.00309338 0)
(0.00830535 -0.00370275 0)
(0.00743548 -0.00455608 0)
(0.00670968 -0.00546383 0)
(0.00605888 -0.00627895 0)
(0.0054564 -0.00690154 0)
(0.00466444 -0.00719322 0)
(0.00383422 -0.00657068 0)
(-0.00506809 -0.0214736 0)
(0.00512521 -0.0145835 0)
(0.00678566 -0.000851094 0)
(0.0129292 0.00521006 0)
(0.0161983 0.00952338 0)
(0.0180369 0.0124139 0)
(0.0185143 0.0140578 0)
(0.0178499 0.0145584 0)
(0.0162881 0.0138577 0)
(0.0139602 0.0115956 0)
(0.0118364 0.00607394 0)
(0.00820066 0.00306951 0)
(0.00727947 -4.33387e-05 0)
(0.0061441 -0.00118279 0)
(0.00446325 -0.00241896 0)
(0.0037769 -0.00275031 0)
(0.0031233 -0.00370814 0)
(0.00268285 -0.00488371 0)
(0.00236472 -0.00601955 0)
(0.00211882 -0.00699588 0)
(0.00188813 -0.00769012 0)
(0.00159348 -0.00798152 0)
(0.00120279 -0.00763916 0)
(0.0911018 -0.0496134 0)
(0.120013 -0.0389794 0)
(0.137678 -0.0173868 0)
(0.140225 -0.000846988 0)
(0.0939899 -0.0608218 0)
(0.0939409 -0.0494896 0)
(0.0995441 -0.0290961 0)
(0.10644 -0.00895965 0)
(0.0849719 -0.0486794 0)
(0.0797861 -0.0435923 0)
(0.0767386 -0.0325815 0)
(0.0752481 -0.0131764 0)
(0.0557308 -0.0368019 0)
(0.0494029 -0.0325191 0)
(0.0433218 -0.0238813 0)
(0.0397262 -0.0091082 0)
(0.0298286 -0.025645 0)
(0.0274688 -0.0214654 0)
(0.0258657 -0.0151182 0)
(0.0256916 -0.00619799 0)
(0.0155085 -0.0245709 0)
(0.0160235 -0.0214813 0)
(0.0170368 -0.016725 0)
(0.0188913 -0.0103126 0)
(0.00765705 -0.0277625 0)
(0.00923969 -0.0254654 0)
(0.0113504 -0.0219569 0)
(0.0141 -0.0173877 0)
(0.00500963 -0.0313465 0)
(0.00635149 -0.0303016 0)
(0.00780697 -0.027974 0)
(0.0100697 -0.0243939 0)
(0.00145709 -0.0282565 0)
(0.00302537 -0.0256579 0)
(0.00500301 -0.0243001 0)
(0.00762307 -0.0237275 0)
(0.00215603 -0.0324806 0)
(0.00360109 -0.0314181 0)
(0.00485171 -0.0301494 0)
(0.00618305 -0.029084 0)
(-0.0155384 -0.0488732 0)
(-0.0178864 -0.0459357 0)
(-0.0170749 -0.0474818 0)
(-0.0147105 -0.0526831 0)
(-0.0364602 -0.0395125 0)
(-0.0379587 -0.0358546 0)
(-0.0366109 -0.0365784 0)
(-0.0342553 -0.0401973 0)
(-0.049791 -0.039455 0)
(-0.0510305 -0.0379397 0)
(-0.0494523 -0.0387859 0)
(-0.04671 -0.0411902 0)
(-0.0578649 -0.0411047 0)
(-0.0594076 -0.0403106 0)
(-0.0583889 -0.0410654 0)
(-0.056086 -0.0430852 0)
(-0.0617365 -0.0414985 0)
(-0.064073 -0.0407208 0)
(-0.0638378 -0.0413408 0)
(-0.0621934 -0.0434206 0)
(-0.0626027 -0.0405552 0)
(-0.0654479 -0.0395048 0)
(-0.0658949 -0.0399898 0)
(-0.0649598 -0.0422277 0)
(-0.0606326 -0.0386378 0)
(-0.0639961 -0.0372265 0)
(-0.0648643 -0.0375264 0)
(-0.0642768 -0.0399677 0)
(-0.0565784 -0.0360377 0)
(-0.0600681 -0.0342326 0)
(-0.061222 -0.0343624 0)
(-0.0610001 -0.0369807 0)
(-0.0506074 -0.032991 0)
(-0.0543231 -0.030834 0)
(-0.0555763 -0.0307905 0)
(-0.0553803 -0.0336037 0)
(-0.0436253 -0.0298037 0)
(-0.047205 -0.0273158 0)
(-0.0485278 -0.027142 0)
(-0.0484885 -0.0301043 0)
(-0.0357226 -0.0266174 0)
(-0.0393757 -0.0238704 0)
(-0.0406439 -0.0235624 0)
(-0.0404521 -0.0266771 0)
(-0.0277992 -0.0235136 0)
(-0.0311742 -0.0205397 0)
(-0.0324006 -0.020143 0)
(-0.0322935 -0.0233991 0)
(-0.0198094 -0.020521 0)
(-0.0231766 -0.017371 0)
(-0.0242639 -0.0169109 0)
(-0.0239343 -0.0203412 0)
(-0.0125421 -0.0177894 0)
(-0.0155566 -0.0144899 0)
(-0.0165651 -0.0140103 0)
(-0.0162868 -0.0175825 0)
(-0.00568303 -0.0154532 0)
(-0.00870479 -0.012 0)
(-0.00954454 -0.0114516 0)
(-0.00898233 -0.0151407 0)
(0.000160218 -0.0133539 0)
(-0.00244515 -0.00976492 0)
(-0.00325408 -0.00914627 0)
(-0.00280268 -0.0129041 0)
(0.00539965 -0.0113914 0)
(0.00286648 -0.00774308 0)
(0.00220457 -0.00710004 0)
(0.0028386 -0.0109322 0)
(0.00949857 -0.00971324 0)
(0.0073706 -0.00601161 0)
(0.00675427 -0.00537419 0)
(0.00724321 -0.00928885 0)
(0.0130576 -0.0082981 0)
(0.0109535 -0.0045688 0)
(0.0104475 -0.00390467 0)
(0.0111274 -0.00786135 0)
(0.0155563 -0.0070505 0)
(0.0138394 -0.00331296 0)
(0.0133658 -0.00262125 0)
(0.0138672 -0.00659201 0)
(0.017569 -0.00590843 0)
(0.0158792 -0.00217671 0)
(0.0155133 -0.00148046 0)
(0.0161812 -0.0054446 0)
(0.0185952 -0.00494262 0)
(0.0172866 -0.00124477 0)
(0.0169406 -0.000545443 0)
(0.0174331 -0.00445659 0)
(0.0192496 -0.00418931 0)
(0.0179637 -0.000573566 0)
(0.0177106 0.000134031 0)
(0.0183699 -0.00364628 0)
(0.0190605 -0.00355955 0)
(0.0181317 -8.23665e-05 0)
(0.017902 0.000640225 0)
(0.0183743 -0.00297195 0)
(0.0185693 -0.0030125 0)
(0.0176537 0.000299557 0)
(0.0175068 0.00100834 0)
(0.0181137 -0.00239347 0)
(0.017299 -0.00258554 0)
(0.0167008 0.000526834 0)
(0.0165525 0.00122657 0)
(0.0169672 -0.00193832 0)
(0.0157778 -0.00231049 0)
(0.0151669 0.000585174 0)
(0.0150764 0.00127335 0)
(0.0156071 -0.00161432 0)
(0.0135371 -0.00210887 0)
(0.0132231 0.000550411 0)
(0.0131529 0.00123195 0)
(0.0134968 -0.00139666 0)
(0.0109784 -0.00197119 0)
(0.0107336 0.000434329 0)
(0.0108283 0.0010736 0)
(0.0113511 -0.00127314 0)
(0.00757549 -0.00199507 0)
(0.00782232 2.48461e-05 0)
(0.00824434 0.000642103 0)
(0.00884555 -0.00132564 0)
(0.00394305 -0.00184893 0)
(0.00459917 -0.000640807 0)
(0.00555756 -0.000162787 0)
(0.00663574 -0.00149481 0)
(0.00121056 -0.00526999 0)
(0.00155504 -0.00485948 0)
(0.00204924 -0.00442207 0)
(0.00236826 -0.0045886 0)
(0.131077 0.01016 0)
(0.114476 0.0385764 0)
(0.105752 0.0496501 0)
(0.0905134 0.0512434 0)
(0.0667481 0.0252813 0)
(0.0477591 -0.00148961 0)
(0.0363251 -0.0148454 0)
(0.0234279 -0.0201502 0)
(0.0105708 -0.0153381 0)
(0.00471319 -0.00756571 0)
(0.00269195 -0.00744302 0)
(-0.00294166 -0.00590512 0)
(0.00334429 0.0154242 0)
(0.0186682 2.63262e-05 0)
(0.0232333 -0.0278766 0)
(0.0196281 -0.0411673 0)
(0.0145707 -0.0483014 0)
(-0.00966781 -0.0427191 0)
(-0.0169486 0.0964262 0)
(0.111352 0.0277242 0)
(0.101205 0.0506426 0)
(0.0957876 0.0567744 0)
(0.0962588 0.0581455 0)
(0.0924219 0.0407729 0)
(0.0755938 0.018891 0)
(0.0539334 0.000794571 0)
(0.03811 -0.00513738 0)
(0.0267554 -0.00726679 0)
(0.020013 -0.00448155 0)
(0.0161806 -0.00448032 0)
(0.0124305 -0.00398102 0)
(0.0175771 0.00274645 0)
(0.0284334 -0.00730098 0)
(0.0295814 -0.0236455 0)
(0.0192769 -0.0306122 0)
(0.000514033 -0.0291655 0)
(-0.0321468 -0.0161762 0)
(-0.0477559 0.0528962 0)
(0.0750315 0.0284782 0)
(0.0775202 0.0549482 0)
(0.0827773 0.0561311 0)
(0.0916294 0.0526651 0)
(0.0964297 0.0458449 0)
(0.0883883 0.0374729 0)
(0.0741455 0.0163632 0)
(0.060504 0.00623745 0)
(0.0495167 0.00030666 0)
(0.0426083 0.000178257 0)
(0.037807 -0.00080838 0)
(0.0337721 -0.00241721 0)
(0.0341284 -0.00342041 0)
(0.0355884 -0.00981651 0)
(0.0291428 -0.0166815 0)
(0.0129935 -0.0149531 0)
(-0.00961684 -0.00523919 0)
(-0.0343965 0.00456254 0)
(-0.042057 0.0120318 0)
(0.041781 0.0226494 0)
(0.0569199 0.0454635 0)
(0.0715762 0.0470813 0)
(0.0819533 0.0436234 0)
(0.089362 0.043647 0)
(0.0938275 0.0425141 0)
(0.0907724 0.0268696 0)
(0.0825774 0.0164575 0)
(0.0759098 0.00797797 0)
(0.0706978 0.00533245 0)
(0.0660491 0.0036607 0)
(0.0604252 0.00134172 0)
(0.0540937 -0.00121789 0)
(0.0456504 -0.00365204 0)
(0.0319475 -0.00336198 0)
(0.0144862 0.0036606 0)
(-0.00211841 0.0138515 0)
(-0.0152881 0.0137087 0)
(-0.0122707 -0.0178032 0)
(0.0295877 0.0121011 0)
(0.0449684 0.0296583 0)
(0.0608957 0.0347852 0)
(0.0734088 0.0348938 0)
(0.0835898 0.0360567 0)
(0.0928513 0.0359497 0)
(0.0989443 0.0284929 0)
(0.100037 0.0198784 0)
(0.0978023 0.0119886 0)
(0.0939088 0.00946733 0)
(0.0890005 0.00867187 0)
(0.0822716 0.00811955 0)
(0.0731364 0.00799357 0)
(0.0609087 0.00900942 0)
(0.0452434 0.0122158 0)
(0.0287358 0.0178666 0)
(0.0159205 0.0227822 0)
(0.00794771 0.016956 0)
(0.0143022 -0.0160237 0)
(0.0241426 0.00198453 0)
(0.0378487 0.0155032 0)
(0.0531678 0.02166 0)
(0.0671638 0.0240708 0)
(0.0799272 0.0256591 0)
(0.0922288 0.0261565 0)
(0.102345 0.0226561 0)
(0.108347 0.017496 0)
(0.110003 0.0134843 0)
(0.10811 0.0128007 0)
(0.103548 0.0140802 0)
(0.0961478 0.0160427 0)
(0.0857549 0.0186582 0)
(0.0722355 0.0224502 0)
(0.0559809 0.0270958 0)
(0.0395939 0.0307567 0)
(0.0266974 0.0306237 0)
(0.0175411 0.0219296 0)
(0.0191999 -0.000708644 0)
(0.0201025 -0.00880986 0)
(0.0332216 0.00114647 0)
(0.0482618 0.00691123 0)
(0.0632792 0.0100608 0)
(0.0778001 0.0123401 0)
(0.0917179 0.013687 0)
(0.103736 0.0131637 0)
(0.112083 0.0122873 0)
(0.115953 0.0126137 0)
(0.115503 0.0155338 0)
(0.111062 0.0203001 0)
(0.102793 0.025616 0)
(0.0911918 0.0313723 0)
(0.0766551 0.0379433 0)
(0.0596207 0.0441059 0)
(0.0423853 0.0461072 0)
(0.028352 0.0421882 0)
(0.0175995 0.0303815 0)
(0.0152771 0.0120893 0)
(0.0161933 -0.0173254 0)
(0.0298264 -0.00962226 0)
(0.0453696 -0.00496441 0)
(0.0612226 -0.00193367 0)
(0.0768612 0.000547939 0)
(0.091742 0.00261629 0)
(0.104521 0.00419939 0)
(0.113565 0.00636679 0)
(0.117998 0.0100472 0)
(0.117569 0.0159384 0)
(0.112361 0.0236393 0)
(0.102587 0.0317442 0)
(0.0887936 0.0399996 0)
(0.0725826 0.0491852 0)
(0.0550172 0.057557 0)
(0.0378633 0.0597724 0)
(0.0228927 0.0552171 0)
(0.0105996 0.0423948 0)
(0.00600122 0.0293182 0)
(0.013337 -0.0226563 0)
(0.0269586 -0.0178008 0)
(0.0430047 -0.0142735 0)
(0.059468 -0.0115133 0)
(0.0757819 -0.00885853 0)
(0.0912274 -0.00595677 0)
(0.104193 -0.00253044 0)
(0.11274 0.00240728 0)
(0.115614 0.00921541 0)
(0.112772 0.0181185 0)
(0.105275 0.0284723 0)
(0.0927463 0.0391482 0)
(0.0757274 0.0487615 0)
(0.0572611 0.0587367 0)
(0.04058 0.0664235 0)
(0.0263576 0.0672048 0)
(0.0145161 0.0608334 0)
(0.0036166 0.0457008 0)
(-0.00215213 0.0323536 0)
(0.0106657 -0.0268311 0)
(0.0239162 -0.0230734 0)
(0.0398777 -0.0204154 0)
(0.0561793 -0.0176365 0)
(0.0727302 -0.0146327 0)
(0.088426 -0.0116845 0)
(0.100799 -0.00761106 0)
(0.107228 -0.00125084 0)
(0.106663 0.00796662 0)
(0.0993492 0.019923 0)
(0.0889193 0.0345087 0)
(0.0801923 0.049424 0)
(0.0652749 0.0594124 0)
(0.0442722 0.0669682 0)
(0.0302249 0.0747791 0)
(0.0226372 0.0740295 0)
(0.0258495 0.0653342 0)
(0.0285861 0.0420627 0)
(0.0372146 0.0227409 0)
(-0.0124947 -0.0610354 0)
(-0.010423 -0.0684848 0)
(-0.00701259 -0.0682682 0)
(0.000696436 -0.0675015 0)
(0.0161067 -0.0669536 0)
(0.0367317 -0.0572751 0)
(0.0530577 -0.0383876 0)
(0.0594698 -0.00869536 0)
(0.0537463 0.0195087 0)
(0.0450908 0.0468634 0)
(0.0453188 0.0609992 0)
(0.0504428 0.0812941 0)
(0.0580914 0.106534 0)
(0.0587277 0.118402 0)
(0.0527245 0.101065 0)
(0.0485878 0.0812256 0)
(0.0509958 0.0564396 0)
(0.0430956 0.0387003 0)
(0.0636953 0.0571874 0)
(-0.0317495 -0.0457214 0)
(-0.0311058 -0.0495796 0)
(-0.0291996 -0.0497767 0)
(-0.0233336 -0.0545859 0)
(-0.0150409 -0.0602558 0)
(-0.00599097 -0.053391 0)
(0.00165901 -0.0338064 0)
(0.00515965 -0.00198075 0)
(0.00598657 0.0209413 0)
(0.00799722 0.0391385 0)
(0.0137312 0.0423425 0)
(0.0242339 0.0535949 0)
(0.0323352 0.0829547 0)
(0.0426485 0.0938004 0)
(0.0517478 0.109397 0)
(0.054537 0.0981217 0)
(0.0535506 0.0704205 0)
(0.0360364 0.0682727 0)
(0.0357933 0.134766 0)
(-0.043843 -0.0463048 0)
(-0.0441069 -0.0492121 0)
(-0.0421413 -0.0508142 0)
(-0.0386476 -0.0558133 0)
(-0.0376489 -0.0616851 0)
(-0.0385894 -0.0556467 0)
(-0.0399779 -0.0348261 0)
(-0.0386255 -0.0064912 0)
(-0.0314679 0.015568 0)
(-0.0220683 0.0298036 0)
(-0.0130406 0.0337508 0)
(-0.00872895 0.0431564 0)
(2.26408e-05 0.064769 0)
(0.0102018 0.0862351 0)
(0.0187583 0.0903789 0)
(0.0275225 0.0848126 0)
(0.0250361 0.08124 0)
(0.00542431 0.0839056 0)
(0.00200527 0.123789 0)
(-0.0535066 -0.0478611 0)
(-0.0550746 -0.0506897 0)
(-0.0552243 -0.0529934 0)
(-0.0552638 -0.0568317 0)
(-0.0585247 -0.0591297 0)
(-0.0648124 -0.0522377 0)
(-0.0693 -0.0339692 0)
(-0.0682568 -0.0111724 0)
(-0.062342 0.00748518 0)
(-0.0541187 0.0204633 0)
(-0.0473631 0.0271677 0)
(-0.0432267 0.0366157 0)
(-0.037333 0.0552116 0)
(-0.026473 0.0675315 0)
(-0.0148287 0.076314 0)
(-0.00803752 0.076683 0)
(-0.00678768 0.0766889 0)
(-0.0125578 0.0876961 0)
(-0.0112391 0.128683 0)
(-0.0605945 -0.0484448 0)
(-0.0633885 -0.0508929 0)
(-0.0653924 -0.0526383 0)
(-0.0680723 -0.0542859 0)
(-0.0737026 -0.0536395 0)
(-0.0808143 -0.0464101 0)
(-0.0862114 -0.0314105 0)
(-0.087139 -0.0137642 0)
(-0.0838129 0.00234305 0)
(-0.078567 0.0148731 0)
(-0.0740232 0.0243001 0)
(-0.0709141 0.0351325 0)
(-0.0656944 0.0490444 0)
(-0.0569567 0.0614922 0)
(-0.0472142 0.0685563 0)
(-0.0389002 0.071557 0)
(-0.0331388 0.0746818 0)
(-0.0286824 0.0812863 0)
(-0.0199291 0.0994297 0)
(-0.0641426 -0.0475051 0)
(-0.0681192 -0.0493403 0)
(-0.0715577 -0.049923 0)
(-0.0756182 -0.049879 0)
(-0.0818862 -0.0473744 0)
(-0.0890384 -0.0402104 0)
(-0.0946143 -0.0282714 0)
(-0.0968557 -0.013931 0)
(-0.0959823 -0.000245122 0)
(-0.0933623 0.0115401 0)
(-0.090597 0.0216286 0)
(-0.0879254 0.0320972 0)
(-0.0835542 0.0438311 0)
(-0.0764585 0.0539804 0)
(-0.067636 0.061259 0)
(-0.0584274 0.0654807 0)
(-0.0488951 0.0685818 0)
(-0.0372363 0.0723373 0)
(-0.0232582 0.0774738 0)
(-0.064293 -0.0455613 0)
(-0.0690628 -0.0467667 0)
(-0.0733734 -0.0461951 0)
(-0.0780474 -0.0447429 0)
(-0.0842764 -0.0412521 0)
(-0.0908666 -0.0344816 0)
(-0.0962471 -0.0244284 0)
(-0.0992603 -0.0126664 0)
(-0.0998984 -0.000951078 0)
(-0.0989331 0.00980109 0)
(-0.097223 0.0195761 0)
(-0.0948498 0.0291891 0)
(-0.0908277 0.0388022 0)
(-0.0845007 0.0471122 0)
(-0.0761937 0.0530226 0)
(-0.066363 0.0562625 0)
(-0.0546123 0.0575094 0)
(-0.039616 0.057127 0)
(-0.0226973 0.052821 0)
(-0.0613592 -0.0429506 0)
(-0.0666715 -0.0436187 0)
(-0.0713531 -0.0420875 0)
(-0.0760853 -0.0396554 0)
(-0.081899 -0.0355806 0)
(-0.0877991 -0.0292011 0)
(-0.0927384 -0.0206073 0)
(-0.0959337 -0.0107122 0)
(-0.0972722 -0.000635032 0)
(-0.097119 0.00896689 0)
(-0.0958848 0.0179031 0)
(-0.093561 0.0263618 0)
(-0.0896167 0.0342075 0)
(-0.0836331 0.0405849 0)
(-0.0756327 0.0446818 0)
(-0.0656479 0.0460402 0)
(-0.0533339 0.0445779 0)
(-0.0378013 0.0398447 0)
(-0.0202952 0.027643 0)
(-0.0561485 -0.0399664 0)
(-0.0615778 -0.0402245 0)
(-0.0663102 -0.0379612 0)
(-0.0707875 -0.0348817 0)
(-0.0760098 -0.0305364 0)
(-0.0811518 -0.0245613 0)
(-0.0855056 -0.0170566 0)
(-0.0885168 -0.00860483 0)
(-0.0900137 7.1686e-05 0)
(-0.0901305 0.00848713 0)
(-0.0890315 0.0163561 0)
(-0.0866707 0.0235511 0)
(-0.0827552 0.0297738 0)
(-0.0770255 0.0343712 0)
(-0.0694145 0.0366456 0)
(-0.0598697 0.0360226 0)
(-0.0480063 0.0320054 0)
(-0.0336387 0.023434 0)
(-0.0170095 0.00399878 0)
(-0.0491745 -0.0368706 0)
(-0.0546089 -0.0368344 0)
(-0.0591363 -0.0340415 0)
(-0.063193 -0.0305604 0)
(-0.0677649 -0.0261309 0)
(-0.0721588 -0.0205558 0)
(-0.0758809 -0.0139328 0)
(-0.0785227 -0.006648 0)
(-0.0798931 0.000805886 0)
(-0.0800137 0.00806385 0)
(-0.0789171 0.0147961 0)
(-0.0765522 0.020731 0)
(-0.0727574 0.0254959 0)
(-0.0673872 0.0285217 0)
(-0.0603824 0.0291659 0)
(-0.0516349 0.0267733 0)
(-0.0410101 0.0205681 0)
(-0.0281928 0.00898654 0)
(-0.0134104 -0.015761 0)
(-0.0413008 -0.0338392 0)
(-0.0464338 -0.0336103 0)
(-0.050661 -0.0304561 0)
(-0.0542373 -0.0267494 0)
(-0.0581704 -0.0223554 0)
(-0.0618724 -0.0171705 0)
(-0.0649878 -0.0112858 0)
(-0.0672077 -0.00497339 0)
(-0.068349 0.00141437 0)
(-0.0683857 0.00759908 0)
(-0.0672853 0.0132381 0)
(-0.0650105 0.018005 0)
(-0.0614796 0.0215003 0)
(-0.0566233 0.0231952 0)
(-0.0504138 0.0224665 0)
(-0.0428156 0.0185907 0)
(-0.0335462 0.0105835 0)
(-0.0225115 -0.00367331 0)
(-0.00996652 -0.0309691 0)
(-0.03289 -0.0309821 0)
(-0.0377568 -0.0306401 0)
(-0.0416018 -0.0272546 0)
(-0.044694 -0.0234451 0)
(-0.0480422 -0.0191593 0)
(-0.0511351 -0.0143468 0)
(-0.0537131 -0.00909279 0)
(-0.0555382 -0.00360033 0)
(-0.0564509 0.00186838 0)
(-0.056406 0.00709671 0)
(-0.0553546 0.0117508 0)
(-0.0532754 0.0154937 0)
(-0.0501377 0.0179244 0)
(-0.0459294 0.0185369 0)
(-0.0406599 0.0167114 0)
(-0.0342621 0.0116546 0)
(-0.0266625 0.00211773 0)
(-0.017461 -0.0142548 0)
(-0.00757831 -0.0425162 0)
(-0.0246119 -0.028351 0)
(-0.0290317 -0.0279583 0)
(-0.0325247 -0.0244376 0)
(-0.0351694 -0.0206086 0)
(-0.0380041 -0.0164703 0)
(-0.0405818 -0.0120045 0)
(-0.04271 -0.00729167 0)
(-0.0442043 -0.00249023 0)
(-0.0449336 0.00219902 0)
(-0.0448525 0.00660259 0)
(-0.0439153 0.0104103 0)
(-0.0421174 0.0132948 0)
(-0.0394634 0.0148664 0)
(-0.0359752 0.0146351 0)
(-0.0316839 0.0119741 0)
(-0.0266071 0.00601017 0)
(-0.0204343 -0.00476112 0)
(-0.01329 -0.0225556 0)
(-0.00579532 -0.0516379 0)
(-0.016588 -0.025989 0)
(-0.0207264 -0.0255649 0)
(-0.0238609 -0.0219808 0)
(-0.0261063 -0.0181845 0)
(-0.0285051 -0.0142092 0)
(-0.0306606 -0.010058 0)
(-0.0324292 -0.00580668 0)
(-0.0336671 -0.00158383 0)
(-0.0342722 0.00245567 0)
(-0.0342081 0.0061701 0)
(-0.0334399 0.00927787 0)
(-0.0319781 0.011471 0)
(-0.0298497 0.0123762 0)
(-0.0271025 0.0115157 0)
(-0.0237876 0.00825024 0)
(-0.0198591 0.00161981 0)
(-0.0152759 -0.0100853 0)
(-0.00988996 -0.0286401 0)
(-0.00451895 -0.0586167 0)
(-0.00931736 -0.0238844 0)
(-0.0130312 -0.0234588 0)
(-0.0159065 -0.0198536 0)
(-0.0178076 -0.0161139 0)
(-0.0198439 -0.0122995 0)
(-0.0216631 -0.00842539 0)
(-0.0231551 -0.00456335 0)
(-0.0242068 -0.000819976 0)
(-0.0247439 0.0026891 0)
(-0.0247418 0.00584378 0)
(-0.0241781 0.00839204 0)
(-0.0230746 0.0100487 0)
(-0.021474 0.0104591 0)
(-0.0194348 0.00915449 0)
(-0.0170157 0.00547582 0)
(-0.0142428 -0.00163975 0)
(-0.0108572 -0.0139415 0)
(-0.00719106 -0.0329387 0)
(-0.00338251 -0.0638741 0)
(-0.00278126 -0.0219308 0)
(-0.0062184 -0.0216873 0)
(-0.00884131 -0.0180405 0)
(-0.0104506 -0.0143449 0)
(-0.0121952 -0.0106762 0)
(-0.0137542 -0.0070367 0)
(-0.0150421 -0.00349721 0)
(-0.0159672 -0.000146145 0)
(-0.0164827 0.00294116 0)
(-0.0165735 0.00565328 0)
(-0.0162289 0.00776808 0)
(-0.0154783 0.00902434 0)
(-0.0143722 0.00908533 0)
(-0.0129795 0.00748977 0)
(-0.0113705 0.00355671 0)
(-0.00950047 -0.00387663 0)
(-0.00742566 -0.0165474 0)
(-0.00499139 -0.0358426 0)
(-0.00252577 -0.0677295 0)
(0.00261355 -0.020185 0)
(-0.000381357 -0.0201032 0)
(-0.00269193 -0.0164421 0)
(-0.00410056 -0.0128057 0)
(-0.0056344 -0.00926805 0)
(-0.0070006 -0.0058318 0)
(-0.00814495 -0.00255875 0)
(-0.00899276 0.000476032 0)
(-0.00952151 0.00323559 0)
(-0.00972161 0.00560695 0)
(-0.00959272 0.00739647 0)
(-0.00916848 0.0083657 0)
(-0.00850387 0.00819493 0)
(-0.00766659 0.00643014 0)
(-0.00672756 0.00237148 0)
(-0.00574205 -0.00522382 0)
(-0.00449873 -0.0180823 0)
(-0.00325397 -0.0376416 0)
(-0.00172153 -0.0704218 0)
(0.00726191 -0.0187319 0)
(0.00447228 -0.0186319 0)
(0.00244197 -0.0149923 0)
(0.00119355 -0.0114206 0)
(-0.000182421 -0.00799495 0)
(-0.00141066 -0.00473578 0)
(-0.00245269 -0.00169104 0)
(-0.0032581 0.00108629 0)
(-0.00382292 0.00358859 0)
(-0.00413711 0.00569999 0)
(-0.00420821 0.00725062 0)
(-0.00407112 0.00802216 0)
(-0.0037795 0.00771036 0)
(-0.0034034 0.00586885 0)
(-0.00302026 0.00178511 0)
(-0.00261953 -0.00583988 0)
(-0.00231761 -0.0187833 0)
(-0.00181579 -0.0385667 0)
(-0.00114991 -0.0721574 0)
(0.0109047 -0.0174284 0)
(0.00845681 -0.0173121 0)
(0.00658919 -0.0136927 0)
(0.00545647 -0.0101815 0)
(0.0042019 -0.00685697 0)
(0.00307016 -0.00373608 0)
(0.00209266 -0.000863404 0)
(0.00129818 0.0017299 0)
(0.000682848 0.00404376 0)
(0.000258568 0.00596458 0)
(1.21048e-05 0.00734468 0)
(-9.09032e-05 0.00798582 0)
(-0.000101261 0.00759857 0)
(-8.09436e-05 0.00574426 0)
(-0.000102646 0.00170394 0)
(-0.000267225 -0.00585385 0)
(-0.000396183 -0.0187796 0)
(-0.000655167 -0.0387658 0)
(-0.000546767 -0.073112 0)
(0.0138341 -0.0162215 0)
(0.011527 -0.0160962 0)
(0.00980389 -0.0124961 0)
(0.00875232 -0.0090373 0)
(0.00758249 -0.00580225 0)
(0.00651805 -0.00280129 0)
(0.00558178 -7.44854e-05 0)
(0.0047826 0.00237817 0)
(0.00411705 0.00454457 0)
(0.00359454 0.00632333 0)
(0.0032003 0.00758421 0)
(0.00290361 0.00814246 0)
(0.00266101 0.00772111 0)
(0.00241314 0.00589082 0)
(0.00208672 0.00193651 0)
(0.00165466 -0.00548369 0)
(0.000951892 -0.0183152 0)
(0.000339506 -0.0384277 0)
(-0.000159651 -0.073341 0)
(0.0158641 -0.0150829 0)
(0.0138193 -0.0149418 0)
(0.0121665 -0.0113633 0)
(0.0111609 -0.00795708 0)
(0.0100497 -0.0048012 0)
(0.009032 -0.00190299 0)
(0.00811969 0.000708249 0)
(0.00730631 0.00305765 0)
(0.00659298 0.00511333 0)
(0.00598577 0.00678746 0)
(0.00547145 0.00796329 0)
(0.00502499 0.00846738 0)
(0.00460951 0.008034 0)
(0.00417843 0.00624442 0)
(0.00366714 0.00239065 0)
(0.00294604 -0.00486304 0)
(0.00215993 -0.0175548 0)
(0.00110424 -0.0377321 0)
(0.000282253 -0.0729477 0)
(0.0173192 -0.0139953 0)
(0.015315 -0.0138191 0)
(0.0137474 -0.0102728 0)
(0.0127705 -0.00692296 0)
(0.0117018 -0.00384086 0)
(0.0107196 -0.00103153 0)
(0.0098195 0.00149362 0)
(0.00898739 0.0037665 0)
(0.00823089 0.0057401 0)
(0.00755233 0.00733781 0)
(0.00694188 0.0084526 0)
(0.00638175 0.00891985 0)
(0.00584633 0.00848384 0)
(0.005295 0.00673717 0)
(0.00466764 0.0029873 0)
(0.00392038 -0.00408067 0)
(0.00283756 -0.0166015 0)
(0.00173005 -0.036784 0)
(0.000574973 -0.07213 0)
(0.0179914 -0.0129464 0)
(0.0161685 -0.0127093 0)
(0.0146321 -0.00921115 0)
(0.0136693 -0.00592403 0)
(0.0126374 -0.00291405 0)
(0.0116854 -0.000181993 0)
(0.0107924 0.00228389 0)
(0.0099436 0.00449985 0)
(0.00914898 0.00641314 0)
(0.00840989 0.0079548 0)
(0.00772146 0.00902327 0)
(0.00707518 0.00945952 0)
(0.0064564 0.00901632 0)
(0.00584388 0.00729841 0)
(0.00519293 0.00363385 0)
(0.0043648 -0.00325297 0)
(0.00345843 -0.0155638 0)
(0.0021651 -0.0356389 0)
(0.000975514 -0.0709275 0)
(0.018166 -0.0119071 0)
(0.0163616 -0.0115985 0)
(0.0148872 -0.00817211 0)
(0.0139436 -0.0049584 0)
(0.0129522 -0.00202039 0)
(0.0120331 0.000647447 0)
(0.0111485 0.00307617 0)
(0.0102879 0.00525276 0)
(0.00946002 0.00712464 0)
(0.00866786 0.00862609 0)
(0.00791262 0.00965685 0)
(0.00719606 0.0100606 0)
(0.00651999 0.00959483 0)
(0.00587707 0.00787521 0)
(0.00524158 0.00425661 0)
(0.00458092 -0.00248409 0)
(0.00361848 -0.0145699 0)
(0.0025042 -0.0344139 0)
(0.00118604 -0.0694494 0)
(0.0176507 -0.0108752 0)
(0.0160185 -0.0104926 0)
(0.0145849 -0.00716071 0)
(0.0136728 -0.00403506 0)
(0.0127377 -0.00117044 0)
(0.0118614 0.00145296 0)
(0.010994 0.00386306 0)
(0.0101281 0.00601961 0)
(0.00927164 0.00786853 0)
(0.00843041 0.00934421 0)
(0.00761264 0.010344 0)
(0.00683082 0.01071 0)
(0.00610191 0.0101981 0)
(0.00545056 0.00843416 0)
(0.00488645 0.00479618 0)
(0.00431435 -0.00187245 0)
(0.0037793 -0.0137353 0)
(0.00270906 -0.0332074 0)
(0.00156865 -0.067715 0)
(0.016717 -0.00987137 0)
(0.0151112 -0.00941508 0)
(0.0137845 -0.00619976 0)
(0.0129323 -0.00317595 0)
(0.0120811 -0.000379629 0)
(0.0112689 0.00222194 0)
(0.0104321 0.00463602 0)
(0.00956854 0.00679494 0)
(0.00868775 0.00864209 0)
(0.00779965 0.0101078 0)
(0.00691758 0.0110858 0)
(0.00606275 0.0114088 0)
(0.00527372 0.0108289 0)
(0.00459934 0.00896388 0)
(0.00409399 0.00521046 0)
(0.0038404 -0.0015003 0)
(0.00351043 -0.0131912 0)
(0.00286668 -0.0321135 0)
(0.00183871 -0.0657757 0)
(0.0151694 -0.00893724 0)
(0.0137764 -0.00840311 0)
(0.012558 -0.00532158 0)
(0.0118026 -0.00241007 0)
(0.0110697 0.000318065 0)
(0.0103483 0.0029328 0)
(0.00956285 0.00537982 0)
(0.00871066 0.00756947 0)
(0.0078111 0.00943858 0)
(0.00687805 0.0109149 0)
(0.00592661 0.0118844 0)
(0.00498651 0.0121694 0)
(0.00410664 0.011498 0)
(0.00337204 0.00946941 0)
(0.00292235 0.0054896 0)
(0.00286279 -0.00148508 0)
(0.00325233 -0.0130632 0)
(0.00293814 -0.0312364 0)
(0.00240661 -0.0636073 0)
(0.0133044 -0.00809811 0)
(0.0120178 -0.00747781 0)
(0.0109775 -0.00454989 0)
(0.0103557 -0.00176283 0)
(0.00978502 0.000911419 0)
(0.00919515 0.00357444 0)
(0.00847718 0.0060992 0)
(0.00764956 0.0083525 0)
(0.00674179 0.0102707 0)
(0.00576966 0.0117825 0)
(0.00474787 0.0127668 0)
(0.00370187 0.0130266 0)
(0.00268978 0.0122595 0)
(0.00183689 0.0100269 0)
(0.00132135 0.00562909 0)
(0.00165613 -0.0018723 0)
(0.00258132 -0.0135417 0)
(0.00296499 -0.0307039 0)
(0.00297818 -0.0612774 0)
(0.0110782 -0.00735602 0)
(0.0100122 -0.00661542 0)
(0.00913379 -0.00386625 0)
(0.00868997 -0.00121153 0)
(0.00830039 0.00141745 0)
(0.00787061 0.00409719 0)
(0.00725334 0.00673576 0)
(0.00646948 0.00908121 0)
(0.00557429 0.0110733 0)
(0.00457916 0.0126462 0)
(0.00348993 0.0136745 0)
(0.00232551 0.0139428 0)
(0.00114864 0.0131111 0)
(6.84494e-05 0.0106094 0)
(-0.000574374 0.00567263 0)
(-1.93201e-05 -0.00271002 0)
(0.00200827 -0.0149154 0)
(0.00293064 -0.0305727 0)
(0.00401667 -0.0587144 0)
(0.00894532 -0.00660063 0)
(0.00785072 -0.00573836 0)
(0.0071533 -0.00330174 0)
(0.00689063 -0.000710886 0)
(0.00654753 0.00188866 0)
(0.00628557 0.00474782 0)
(0.00589776 0.00749314 0)
(0.00522122 0.00998451 0)
(0.00438188 0.0120998 0)
(0.00339221 0.0137891 0)
(0.00225461 0.0149263 0)
(0.000981933 0.0152815 0)
(-0.000401262 0.0144336 0)
(-0.00170226 0.0116967 0)
(-0.00251351 0.0061813 0)
(-0.00173178 -0.00441708 0)
(0.00137379 -0.0165453 0)
(0.00310172 -0.0318621 0)
(0.00532747 -0.056155 0)
(0.00653983 -0.00572676 0)
(0.00554724 -0.00500537 0)
(0.00513951 -0.00323687 0)
(0.00504371 -0.000956366 0)
(0.00440986 0.00186118 0)
(0.00433994 0.0046268 0)
(0.00435891 0.00807765 0)
(0.00398956 0.0108643 0)
(0.00327272 0.0131817 0)
(0.00232578 0.0150492 0)
(0.00116855 0.0163547 0)
(-0.000195524 0.0168414 0)
(-0.00172267 0.0160209 0)
(-0.00309471 0.0129436 0)
(-0.00443239 0.00575066 0)
(-0.0033282 -0.00499771 0)
(0.000893601 -0.0215824 0)
(0.00146204 -0.0321418 0)
(0.00732974 -0.0516896 0)
(0.00241704 -0.0061005 0)
(0.00195813 -0.00515308 0)
(0.00205749 -0.00398149 0)
(0.00239066 -0.000124085 0)
(0.00213278 0.00233044 0)
(0.00303193 0.00357457 0)
(0.00339861 0.00701482 0)
(0.0031886 0.0104103 0)
(0.00257387 0.0130677 0)
(0.00166117 0.015221 0)
(0.000491515 0.0168031 0)
(-0.000901214 0.0175322 0)
(-0.00249482 0.0168032 0)
(-0.00372736 0.0131422 0)
(-0.00521033 0.00673627 0)
(-0.0026162 -0.00919081 0)
(0.000306929 -0.0239126 0)
(-0.00200686 -0.034535 0)
(0.0113166 -0.0464714 0)
)
;

boundaryField
{
    leftWall
    {
        type            noSlip;
    }
    rightWall
    {
        type            noSlip;
    }
    lowerWall
    {
        type            noSlip;
    }
    atmosphere
    {
        type            pressureInletOutletVelocity;
        value           nonuniform List<vector> 
46
(
(0 -0.0214736 0)
(0 -0.0145835 0)
(0 -0.000851094 0)
(0.0129292 0.00521006 0)
(0.0161983 0.00952338 0)
(0.0180369 0.0124139 0)
(0.0185143 0.0140578 0)
(0.0178499 0.0145584 0)
(0.0162881 0.0138577 0)
(0.0139602 0.0115956 0)
(0.0118364 0.00607394 0)
(0.00820066 0.00306951 0)
(0.00727947 -4.33387e-05 0)
(0 -0.00118279 0)
(0 -0.00241896 0)
(0 -0.00275031 0)
(0 -0.00370814 0)
(0 -0.00488371 0)
(0 -0.00601955 0)
(0 -0.00699588 0)
(0 -0.00769012 0)
(0 -0.00798152 0)
(0 -0.00763916 0)
(0 -0.00526999 0)
(0 -0.00485948 0)
(0 -0.00442207 0)
(0 -0.0045886 0)
(0 -0.0061005 0)
(0 -0.00515308 0)
(0 -0.00398149 0)
(0 -0.000124085 0)
(0.00213278 0.00233044 0)
(0.00303193 0.00357457 0)
(0.00339861 0.00701482 0)
(0.0031886 0.0104103 0)
(0.00257387 0.0130677 0)
(0.00166117 0.015221 0)
(0.000491515 0.0168031 0)
(-0.000901214 0.0175322 0)
(-0.00249482 0.0168032 0)
(-0.00372736 0.0131422 0)
(-0.00521033 0.00673627 0)
(0 -0.00919081 0)
(0 -0.0239126 0)
(0 -0.034535 0)
(0 -0.0464714 0)
)
;
    }
    defaultFaces
    {
        type            empty;
    }
}


// ************************************************************************* //
