/*--------------------------------*- C++ -*----------------------------------*\
  =========                 |
  \\      /  F ield         | OpenFOAM: The Open Source CFD Toolbox
   \\    /   O peration     | Website:  https://openfoam.org
    \\  /    A nd           | Version:  13
     \\/     M anipulation  |
\*---------------------------------------------------------------------------*/
FoamFile
{
    format      ascii;
    class       surfaceScalarField;
    location    "0.65";
    object      phi;
}
// * * * * * * * * * * * * * * * * * * * * * * * * * * * * * * * * * * * * * //

dimensions      [0 3 -1 0 0 0 0];

internalField   nonuniform List<scalar> 
4432
(
-1.5746e-06
1.5746e-06
-5.68978e-08
-1.5177e-06
1.50751e-06
-1.56441e-06
2.62322e-06
-1.11572e-06
3.3208e-06
-6.97575e-07
3.62509e-06
-3.04293e-07
3.53258e-06
9.25188e-08
3.01158e-06
5.20997e-07
2.05757e-06
9.54014e-07
6.95708e-07
1.36187e-06
-9.65028e-07
1.66074e-06
-2.82868e-06
1.86365e-06
-4.72162e-06
1.89295e-06
-6.53004e-06
1.80842e-06
-8.15591e-06
1.62587e-06
-9.5028e-06
1.34689e-06
-1.04422e-05
9.39375e-07
-1.07974e-05
3.55259e-07
-1.04151e-05
-3.82315e-07
-9.16521e-06
-1.2499e-06
-7.09865e-06
-2.06656e-06
-4.3876e-06
-2.71106e-06
-4.3876e-06
5.88269e-07
9.86326e-07
1.80824e-06
-2.73767e-06
2.73616e-06
-2.49232e-06
3.37667e-06
-1.75623e-06
3.72466e-06
-1.04556e-06
3.75033e-06
-3.29958e-07
3.38307e-06
4.59783e-07
2.60869e-06
1.29538e-06
1.39952e-06
2.16319e-06
-2.16493e-07
2.97788e-06
-2.13151e-06
3.57576e-06
-4.20362e-06
3.93577e-06
-6.24048e-06
3.92982e-06
-8.10055e-06
3.66849e-06
-9.68735e-06
3.21268e-06
-1.08993e-05
2.55882e-06
-1.16139e-05
1.65403e-06
-1.16844e-05
4.25756e-07
-1.0996e-05
-1.07072e-06
-9.50395e-06
-2.74192e-06
-7.18034e-06
-4.39016e-06
-4.00038e-06
-5.89101e-06
-8.38795e-06
2.20446e-06
-1.21814e-06
2.83914e-06
-3.37235e-06
3.26025e-06
-2.91343e-06
3.56368e-06
-2.05966e-06
3.66851e-06
-1.1504e-06
3.49202e-06
-1.53466e-07
2.94182e-06
1.00998e-06
1.97641e-06
2.26079e-06
5.79776e-07
3.55982e-06
-1.20406e-06
4.76173e-06
-3.24239e-06
5.61409e-06
-5.36532e-06
6.05871e-06
-7.3758e-06
5.9403e-06
-9.14616e-06
5.43885e-06
-1.05733e-05
4.63978e-06
-1.15718e-05
3.5574e-06
-1.20415e-05
2.12369e-06
-1.1871e-05
2.55231e-07
-1.10122e-05
-1.92952e-06
-9.46987e-06
-4.28422e-06
-7.22828e-06
-6.63175e-06
-4.129e-06
-8.99029e-06
-1.2517e-05
2.90234e-06
-4.12048e-06
3.1777e-06
-3.64771e-06
3.31725e-06
-3.05299e-06
3.41648e-06
-2.15889e-06
3.36044e-06
-1.09435e-06
3.04652e-06
1.60456e-07
2.3404e-06
1.71609e-06
1.2163e-06
3.3849e-06
-3.32518e-07
5.10864e-06
-2.23925e-06
6.66847e-06
-4.32449e-06
7.69934e-06
-6.42097e-06
8.1552e-06
-8.32079e-06
7.84013e-06
-9.92462e-06
7.0427e-06
-1.11322e-05
5.84736e-06
-1.18776e-05
4.30279e-06
-1.20849e-05
2.33104e-06
-1.16741e-05
-1.55583e-07
-1.06561e-05
-2.94751e-06
-9.09069e-06
-5.84962e-06
-6.99058e-06
-8.73185e-06
-4.14085e-06
-1.184e-05
-1.66578e-05
2.42847e-06
-6.54896e-06
2.64007e-06
-3.85931e-06
2.68287e-06
-3.09578e-06
2.66537e-06
-2.14139e-06
2.53312e-06
-9.62099e-07
2.15465e-06
5.38928e-07
1.43107e-06
2.43967e-06
2.75969e-07
4.53999e-06
-1.33118e-06
6.71579e-06
-3.29393e-06
8.6312e-06
-5.36887e-06
9.77428e-06
-7.35379e-06
1.01401e-05
-9.07681e-06
9.56314e-06
-1.04582e-05
8.42412e-06
-1.13985e-05
6.78765e-06
-1.18611e-05
4.76539e-06
-1.17876e-05
2.25755e-06
-1.11196e-05
-8.23567e-07
-9.92102e-06
-4.14612e-06
-8.30011e-06
-7.47053e-06
-6.31024e-06
-1.07217e-05
-3.72528e-06
-1.4425e-05
-2.03831e-05
1.11525e-06
-7.66422e-06
1.30256e-06
-4.04662e-06
1.245e-06
-3.03823e-06
1.14517e-06
-2.04156e-06
9.99407e-07
-8.16337e-07
6.77935e-07
8.60399e-07
4.56003e-08
3.07201e-06
-1.13081e-06
5.71639e-06
-2.74455e-06
8.32953e-06
-4.53374e-06
1.04204e-05
-6.3697e-06
1.16102e-05
-8.13722e-06
1.19076e-05
-9.61166e-06
1.10376e-05
-1.07053e-05
9.5178e-06
-1.13543e-05
7.4366e-06
-1.15197e-05
4.93086e-06
-1.11544e-05
1.89223e-06
-1.0217e-05
-1.76101e-06
-8.81551e-06
-5.5476e-06
-7.09518e-06
-9.19087e-06
-5.15038e-06
-1.26665e-05
-2.78513e-06
-1.67902e-05
-2.31682e-05
-3.8632e-07
-7.2779e-06
-4.68364e-07
-3.96458e-06
-8.00644e-07
-2.70596e-06
-1.16979e-06
-1.67242e-06
-1.53264e-06
-4.53485e-07
-1.91376e-06
1.24151e-06
-2.37703e-06
3.53528e-06
-2.99309e-06
6.33246e-06
-3.8912e-06
9.22765e-06
-5.22545e-06
1.17546e-05
-7.12455e-06
1.35093e-05
-8.7445e-06
1.35276e-05
-9.86724e-06
1.21603e-05
-1.0662e-05
1.03125e-05
-1.09778e-05
7.7524e-06
-1.08468e-05
4.79984e-06
-1.02042e-05
1.24972e-06
-9.00208e-06
-2.96317e-06
-7.39416e-06
-7.15553e-06
-5.54548e-06
-1.10396e-05
-3.58514e-06
-1.46269e-05
-1.37233e-06
-1.9003e-05
-2.45406e-05
-1.25241e-06
-6.02549e-06
-1.82393e-06
-3.39307e-06
-2.44489e-06
-2.085e-06
-3.03307e-06
-1.08425e-06
-3.54715e-06
6.05879e-08
-3.97711e-06
1.67147e-06
-4.33171e-06
3.88989e-06
-4.64976e-06
6.65053e-06
-5.05426e-06
9.63216e-06
-5.75154e-06
1.24519e-05
-6.83512e-06
1.45929e-05
-8.18657e-06
1.4879e-05
-9.6005e-06
1.35742e-05
-1.02359e-05
1.09479e-05
-1.02475e-05
7.76403e-06
-9.88576e-06
4.43806e-06
-8.9704e-06
3.34357e-07
-7.52128e-06
-4.41229e-06
-5.74634e-06
-8.93046e-06
-3.77568e-06
-1.30102e-05
-1.75317e-06
-1.66494e-05
4.20082e-07
-2.11763e-05
-2.41205e-05
-4.30688e-05
4.30688e-05
-5.51074e-05
1.20386e-05
-4.54553e-05
-9.65212e-06
-1.2828e-05
-3.26273e-05
2.36736e-05
-3.65016e-05
4.77557e-05
-2.40822e-05
6.11419e-05
-1.33862e-05
6.99698e-05
-8.82789e-06
7.87952e-05
-8.82548e-06
8.66725e-05
-7.8773e-06
8.67988e-05
-1.26251e-07
7.81983e-05
8.60052e-06
6.19458e-05
1.62525e-05
4.69229e-05
1.50229e-05
3.49629e-05
1.19599e-05
1.99746e-05
1.49883e-05
1.66538e-06
1.83092e-05
-1.51477e-05
1.68131e-05
-1.51478e-05
-2.10749e-05
6.41436e-05
-1.20347e-05
2.99837e-06
9.27424e-06
-3.09611e-05
3.00499e-05
-5.34029e-05
4.17703e-05
-4.8222e-05
4.99621e-05
-3.2274e-05
5.66354e-05
-2.00594e-05
6.20927e-05
-1.42852e-05
6.61827e-05
-1.29154e-05
6.85677e-05
-1.02623e-05
6.8961e-05
-5.19562e-07
6.75396e-05
1.00219e-05
6.71478e-05
1.66444e-05
6.61924e-05
1.59783e-05
6.31763e-05
1.4976e-05
5.65719e-05
2.15927e-05
4.22588e-05
3.26224e-05
2.08274e-05
3.82445e-05
5.67962e-06
-3.57082e-06
6.77145e-05
2.07411e-05
-2.13135e-05
3.90194e-05
-4.92393e-05
4.36818e-05
-5.80653e-05
4.66079e-05
-5.11482e-05
5.06014e-05
-3.62675e-05
5.47886e-05
-2.42466e-05
5.8707e-05
-1.82035e-05
6.1607e-05
-1.58155e-05
6.33419e-05
-1.19972e-05
6.50915e-05
-2.26911e-06
6.70234e-05
8.09001e-06
6.8928e-05
1.47397e-05
6.92623e-05
1.56439e-05
6.72725e-05
1.69658e-05
6.24291e-05
2.6436e-05
5.23663e-05
4.26852e-05
3.48834e-05
5.57273e-05
4.05631e-05
1.28747e-05
5.48397e-05
3.84503e-05
-4.68892e-05
4.66467e-05
-5.74358e-05
4.70315e-05
-5.84501e-05
4.7567e-05
-5.16837e-05
4.95992e-05
-3.82997e-05
5.29619e-05
-2.76093e-05
5.65259e-05
-2.17676e-05
5.91993e-05
-1.84888e-05
6.10913e-05
-1.38893e-05
6.31984e-05
-4.37618e-06
6.57917e-05
5.49674e-06
6.80101e-05
1.25213e-05
6.84136e-05
1.52405e-05
6.62243e-05
1.91552e-05
6.10651e-05
3.15952e-05
5.13511e-05
5.23993e-05
3.4979e-05
7.20995e-05
7.55421e-05
3.29019e-05
2.19377e-05
4.38189e-05
-5.78061e-05
4.70009e-05
-6.06179e-05
4.70801e-05
-5.85293e-05
4.64223e-05
-5.10258e-05
4.73269e-05
-3.92043e-05
5.01281e-05
-3.04105e-05
5.33541e-05
-2.49935e-05
5.60867e-05
-2.12213e-05
5.82172e-05
-1.60198e-05
6.07058e-05
-6.86481e-06
6.35552e-05
2.64734e-06
6.58099e-05
1.02667e-05
6.58641e-05
1.51862e-05
6.2881e-05
2.21382e-05
5.66258e-05
3.78503e-05
4.54549e-05
6.35702e-05
3.02211e-05
8.73333e-05
0.000105763
4.16983e-05
-1.97606e-05
4.36074e-05
-5.97151e-05
4.54682e-05
-6.24786e-05
4.48615e-05
-5.79226e-05
4.33746e-05
-4.95389e-05
4.37071e-05
-3.95368e-05
4.55348e-05
-3.22382e-05
4.78775e-05
-2.73362e-05
5.00787e-05
-2.34226e-05
5.23581e-05
-1.82991e-05
5.54565e-05
-9.96323e-06
5.86609e-05
-5.57009e-07
6.09371e-05
7.99052e-06
6.1045e-05
1.50784e-05
5.79356e-05
2.52476e-05
4.96559e-05
4.61301e-05
3.6009e-05
7.7217e-05
2.27695e-05
0.000100573
0.000128533
3.63573e-05
-5.61179e-05
4.08922e-05
-6.425e-05
4.20721e-05
-6.36585e-05
4.10003e-05
-5.68509e-05
3.97759e-05
-4.83146e-05
3.99175e-05
-3.96784e-05
4.1122e-05
-3.34426e-05
4.2846e-05
-2.90603e-05
4.46404e-05
-2.5217e-05
4.65947e-05
-2.02535e-05
4.9156e-05
-1.25246e-05
5.19094e-05
-3.31031e-06
5.39516e-05
5.94831e-06
5.38221e-05
1.5208e-05
4.99222e-05
2.91475e-05
4.12186e-05
5.48338e-05
2.91991e-05
8.92365e-05
1.32941e-05
0.000116478
0.000141827
3.26861e-05
-8.8804e-05
3.74145e-05
-6.89785e-05
3.77284e-05
-6.39724e-05
3.70719e-05
-5.61944e-05
3.61486e-05
-4.73913e-05
3.60098e-05
-3.95396e-05
3.67037e-05
-3.41365e-05
3.79909e-05
-3.03475e-05
3.94828e-05
-2.67089e-05
4.11645e-05
-2.19352e-05
4.32775e-05
-1.46375e-05
4.54817e-05
-5.51453e-06
4.67947e-05
4.63535e-06
4.57774e-05
1.62253e-05
4.12611e-05
3.36638e-05
3.35917e-05
6.25032e-05
2.08919e-05
0.000101936
5.28018e-06
0.000132089
0.000147107
-4.20728e-06
-1.81821e-06
-7.06751e-06
-5.32848e-07
-9.40444e-06
2.51926e-07
-1.13268e-05
8.38148e-07
-1.28384e-05
1.57219e-06
-1.38983e-05
2.73129e-06
-1.44536e-05
4.4452e-06
-1.44955e-05
6.69245e-06
-1.41556e-05
9.29225e-06
-1.36618e-05
1.19581e-05
-1.33033e-05
1.42344e-05
-1.38477e-05
1.54235e-05
-1.5377e-05
1.51035e-05
-1.71407e-05
1.27117e-05
-1.81651e-05
8.7884e-06
-1.68554e-05
3.1283e-06
-1.39092e-05
-2.61184e-06
-1.02667e-05
-8.05481e-06
-6.36706e-06
-1.28301e-05
-2.15796e-06
-1.72193e-05
2.12599e-06
-2.09333e-05
6.14905e-06
-2.51993e-05
-2.76332e-05
9.66178e-06
-5.6081e-06
3.78988e-06
-9.75325e-06
3.6123e-06
-1.29723e-05
3.47093e-06
-1.54489e-05
3.31478e-06
-1.72331e-05
3.35635e-06
-1.83188e-05
3.81708e-06
-1.86606e-05
4.78698e-06
-1.82199e-05
6.25174e-06
-1.70368e-05
8.1091e-06
-1.52233e-05
1.01447e-05
-1.29648e-05
1.1976e-05
-1.06113e-05
1.30699e-05
-8.42412e-06
1.29164e-05
-6.67141e-06
1.0959e-05
-5.06152e-06
7.17852e-06
-3.73899e-06
1.80576e-06
-2.01943e-06
-4.33141e-06
3.77559e-07
-1.04518e-05
3.87662e-06
-1.63291e-05
8.49829e-06
-2.1841e-05
1.47905e-05
-2.72255e-05
2.27981e-05
-3.3207e-05
-3.9674e-05
3.48389e-05
-6.03889e-06
9.82877e-06
-1.12093e-05
8.7827e-06
-1.51256e-05
7.38725e-06
-1.79731e-05
6.1623e-06
-1.98926e-05
5.27579e-06
-2.09261e-05
4.85059e-06
-2.10539e-05
4.91483e-06
-2.02199e-05
5.4177e-06
-1.8438e-05
6.32723e-06
-1.57689e-05
7.47557e-06
-1.23111e-05
8.51812e-06
-8.29131e-06
9.05018e-06
-3.93896e-06
8.56401e-06
5.25185e-07
6.49482e-06
4.92825e-06
2.77545e-06
9.17163e-06
-2.43764e-06
1.33708e-05
-8.53058e-06
1.79714e-05
-1.50525e-05
2.32511e-05
-2.16088e-05
2.93984e-05
-2.79883e-05
3.64203e-05
-3.42475e-05
4.39637e-05
-4.07504e-05
-4.7477e-05
5.17667e-05
-6.60125e-06
1.643e-05
-1.21334e-05
1.43148e-05
-1.63449e-05
1.15987e-05
-1.93442e-05
9.16155e-06
-2.12688e-05
7.20038e-06
-2.22026e-05
5.78435e-06
-2.21251e-05
4.83727e-06
-2.09171e-05
4.20974e-06
-1.8566e-05
3.97612e-06
-1.52187e-05
4.12828e-06
-1.0974e-05
4.27338e-06
-5.96739e-06
4.04355e-06
-3.73299e-07
2.96991e-06
5.6515e-06
4.69996e-07
1.18228e-05
-3.39587e-06
1.78131e-05
-8.42795e-06
2.36274e-05
-1.4345e-05
2.94805e-05
-2.09056e-05
3.55498e-05
-2.76782e-05
4.18768e-05
-3.43153e-05
4.83683e-05
-4.07391e-05
5.46459e-05
-4.7028e-05
-5.316e-05
6.03289e-05
-5.43289e-06
2.18628e-05
-1.14285e-05
2.03103e-05
-1.65313e-05
1.67013e-05
-2.00333e-05
1.26635e-05
-2.21142e-05
9.2812e-06
-2.28768e-05
6.54698e-06
-2.22523e-05
4.21277e-06
-2.02367e-05
2.19413e-06
-1.716e-05
8.99389e-07
-1.33663e-05
3.34522e-07
-8.70242e-06
-3.9048e-07
-3.16487e-06
-1.49401e-06
3.11409e-06
-3.30905e-06
9.92715e-06
-6.34305e-06
1.69548e-05
-1.04235e-05
2.38526e-05
-1.53258e-05
3.04551e-05
-2.09474e-05
3.6843e-05
-2.72934e-05
4.30228e-05
-3.38579e-05
4.8933e-05
-4.02254e-05
5.45109e-05
-4.63169e-05
5.97531e-05
-5.22702e-05
-5.79187e-05
6.4512e-05
-8.1712e-06
3.00336e-05
-9.12816e-06
2.12671e-05
-1.28547e-05
2.04277e-05
-1.67514e-05
1.65602e-05
-1.95908e-05
1.21205e-05
-2.09783e-05
7.93448e-06
-2.08255e-05
4.05997e-06
-1.91373e-05
5.05785e-07
-1.6218e-05
-2.01992e-06
-1.20224e-05
-3.86114e-06
-6.30928e-06
-6.10363e-06
6.78765e-08
-7.87115e-06
6.9932e-06
-1.02344e-05
1.41985e-05
-1.35483e-05
2.14221e-05
-1.76471e-05
2.85524e-05
-2.2456e-05
3.5461e-05
-2.78561e-05
4.20499e-05
-3.38823e-05
4.81826e-05
-3.99906e-05
5.37355e-05
-4.57783e-05
5.87509e-05
-5.1332e-05
6.40778e-05
-5.75969e-05
-6.40688e-05
7.02284e-05
4.76465e-06
2.5269e-05
2.83205e-06
2.31997e-05
1.47428e-06
2.17855e-05
-6.74037e-08
1.81019e-05
-1.7247e-06
1.37778e-05
-3.28649e-06
9.49626e-06
-4.96984e-06
5.74329e-06
-6.42815e-06
1.96405e-06
-7.15673e-06
-1.2914e-06
-7.4925e-06
-3.52544e-06
-4.71637e-06
-8.87978e-06
1.72184e-06
-1.43094e-05
9.66557e-06
-1.81781e-05
1.7879e-05
-2.17618e-05
2.59611e-05
-2.57291e-05
3.38978e-05
-3.03927e-05
4.15053e-05
-3.54635e-05
4.8357e-05
-4.07339e-05
5.43899e-05
-4.60234e-05
5.94111e-05
-5.07994e-05
5.86182e-05
-5.05389e-05
4.46191e-05
-4.35975e-05
-3.85335e-05
1.90835e-05
5.7817e-06
1.94873e-05
8.29512e-06
2.06863e-05
1.03527e-05
1.9728e-05
1.14352e-05
1.70194e-05
1.15771e-05
1.36359e-05
1.09868e-05
1.00866e-05
1.0082e-05
6.64804e-06
8.72986e-06
3.31622e-06
7.2241e-06
2.14389e-07
7.55656e-06
-3.85788e-06
8.77016e-06
-1.00934e-05
1.08451e-05
-1.63843e-05
1.39979e-05
-2.13308e-05
1.76259e-05
-2.53897e-05
2.11806e-05
-2.92839e-05
2.41171e-05
-3.33292e-05
2.60032e-05
-3.73496e-05
2.64135e-05
-4.11443e-05
2.48054e-05
-4.44152e-05
1.96634e-05
-4.56574e-05
9.89277e-06
-4.07684e-05
-3.77248e-06
-2.99326e-05
-1.70252e-05
-2.52816e-05
5.21559e-06
1.42716e-05
9.91467e-06
1.59871e-05
1.3938e-05
1.57045e-05
1.68206e-05
1.41367e-05
1.86025e-05
1.1854e-05
1.94932e-05
9.19583e-06
1.97852e-05
6.35608e-06
1.97288e-05
3.37264e-06
1.98296e-05
1.13596e-07
2.02742e-05
-4.30243e-06
2.03013e-05
-1.01205e-05
2.00128e-05
-1.60959e-05
1.98651e-05
-2.11831e-05
1.98792e-05
-2.54038e-05
1.96928e-05
-2.90976e-05
1.87751e-05
-3.24114e-05
1.6607e-05
-3.51816e-05
1.26245e-05
-3.71618e-05
6.07986e-06
-3.78707e-05
-3.73456e-06
-3.58431e-05
-1.61763e-05
-2.83269e-05
-3.1793e-05
-1.43164e-05
2.71904e-06
-5.15376e-05
5.07524e-06
9.19612e-06
1.01708e-05
1.08913e-05
1.47393e-05
1.11359e-05
1.84387e-05
1.04373e-05
2.12277e-05
9.06493e-06
2.32172e-05
7.20626e-06
2.46014e-05
4.97195e-06
2.56111e-05
2.36292e-06
2.64929e-05
-7.6822e-07
2.69801e-05
-4.78957e-06
2.65987e-05
-9.73915e-06
2.53741e-05
-1.48712e-05
2.36713e-05
-1.94803e-05
2.16373e-05
-2.33697e-05
1.91072e-05
-2.65675e-05
1.57257e-05
-2.90299e-05
1.10865e-05
-3.05424e-05
4.71074e-06
-3.07861e-05
-3.99697e-06
-2.9163e-05
-1.54198e-05
-2.44202e-05
-2.89965e-05
-1.47502e-05
-4.40116e-05
6.98519e-07
2.04435e-05
-6.17361e-05
4.59277e-06
4.60332e-06
9.41842e-06
6.06561e-06
1.39189e-05
6.63542e-06
1.78433e-05
6.51286e-06
2.11071e-05
5.80115e-06
2.37314e-05
4.58196e-06
2.57996e-05
2.90377e-06
2.74068e-05
7.55721e-07
2.85811e-05
-1.94251e-06
2.91106e-05
-5.31905e-06
2.86716e-05
-9.30005e-06
2.72342e-05
-1.34338e-05
2.49897e-05
-1.72358e-05
2.20569e-05
-2.04369e-05
1.83796e-05
-2.28901e-05
1.37671e-05
-2.44175e-05
7.96401e-06
-2.47392e-05
6.43257e-07
-2.34653e-05
-8.56844e-06
-1.99512e-05
-1.98191e-05
-1.31694e-05
-3.26614e-05
-1.90801e-06
-4.64307e-05
1.44679e-05
3.52217e-05
-6.12091e-05
3.93891e-06
6.6427e-07
8.20972e-06
1.79473e-06
1.23369e-05
2.50817e-06
1.61188e-05
2.73099e-06
1.94539e-05
2.46601e-06
2.23041e-05
1.73185e-06
2.46646e-05
5.43276e-07
2.65299e-05
-1.10954e-06
2.78411e-05
-3.25374e-06
2.84279e-05
-5.90585e-06
2.80809e-05
-8.95294e-06
2.67377e-05
-1.20906e-05
2.44697e-05
-1.49677e-05
2.13422e-05
-1.73094e-05
1.73425e-05
-1.88903e-05
1.23842e-05
-1.94592e-05
6.33409e-06
-1.8689e-05
-9.84127e-07
-1.6147e-05
-9.74278e-06
-1.11925e-05
-1.99186e-05
-2.99366e-06
-3.11166e-05
9.29003e-06
-4.27277e-05
2.60788e-05
4.69762e-05
-5.44823e-05
3.26037e-06
-2.59607e-06
6.8871e-06
-1.832e-06
1.04963e-05
-1.10097e-06
1.39224e-05
-6.95168e-07
1.70624e-05
-6.73994e-07
1.98469e-05
-1.05253e-06
2.22237e-05
-1.83358e-06
2.41328e-05
-3.0186e-06
2.54825e-05
-4.60341e-06
2.61305e-05
-6.55374e-06
2.59278e-05
-8.75026e-06
2.48034e-05
-1.09661e-05
2.27655e-05
-1.29298e-05
1.98399e-05
-1.43837e-05
1.60274e-05
-1.50778e-05
1.12992e-05
-1.4731e-05
5.60717e-06
-1.29969e-05
-1.10513e-06
-9.43468e-06
-8.8523e-06
-3.44537e-06
-1.75001e-05
5.65417e-06
-2.66516e-05
1.84413e-05
-3.57899e-05
3.52171e-05
5.5722e-05
-4.45358e-05
2.61776e-06
-5.21391e-06
5.60915e-06
-4.82339e-06
8.65909e-06
-4.15089e-06
1.16308e-05
-3.66687e-06
1.44283e-05
-3.47146e-06
1.69721e-05
-3.59631e-06
1.91888e-05
-4.05016e-06
2.09983e-05
-4.82808e-06
2.23024e-05
-5.90754e-06
2.29816e-05
-7.23286e-06
2.29209e-05
-8.68955e-06
2.20505e-05
-1.00957e-05
2.03506e-05
-1.12298e-05
1.78248e-05
-1.18578e-05
1.44785e-05
-1.17315e-05
1.03152e-05
-1.05676e-05
5.34323e-06
-8.02496e-06
-4.0986e-07
-3.68159e-06
-6.84861e-06
2.99338e-06
-1.37645e-05
1.257e-05
-2.07689e-05
2.54457e-05
-2.74179e-05
4.1866e-05
6.16188e-05
-3.33149e-05
2.02424e-06
-7.23804e-06
4.41877e-06
-7.21787e-06
6.91968e-06
-6.65175e-06
9.40982e-06
-6.15696e-06
1.18019e-05
-5.86353e-06
1.40178e-05
-5.81214e-06
1.59803e-05
-6.01261e-06
1.7607e-05
-6.45477e-06
1.88059e-05
-7.10642e-06
1.94775e-05
-7.90441e-06
1.95303e-05
-8.74237e-06
1.89019e-05
-9.46723e-06
1.75634e-05
-9.89135e-06
1.55103e-05
-9.80472e-06
1.27526e-05
-8.97381e-06
9.31453e-06
-7.12954e-06
5.24179e-06
-3.95221e-06
6.17121e-07
9.43081e-07
-4.40398e-06
8.01446e-06
-9.55255e-06
1.77185e-05
-1.44839e-05
3.03769e-05
-1.87893e-05
4.61714e-05
6.4915e-05
-2.20855e-05
1.49194e-06
-8.73004e-06
3.3381e-06
-9.06402e-06
5.3202e-06
-8.63381e-06
7.33716e-06
-8.17388e-06
9.31059e-06
-7.83691e-06
1.11678e-05
-7.66934e-06
1.28361e-05
-7.68083e-06
1.42392e-05
-7.85783e-06
1.52966e-05
-8.16382e-06
1.5927e-05
-8.53475e-06
1.60578e-05
-8.87313e-06
1.5637e-05
-9.04644e-06
1.4638e-05
-8.89232e-06
1.3057e-05
-8.22375e-06
1.0911e-05
-6.82774e-06
8.23939e-06
-4.45796e-06
5.11252e-06
-8.2534e-07
1.64585e-06
4.40974e-06
-1.96325e-06
1.16235e-05
-5.44344e-06
2.11986e-05
-8.46883e-06
3.34022e-05
-1.06649e-05
4.83672e-05
6.59377e-05
-1.16877e-05
1.02472e-06
-9.75466e-06
2.37787e-06
-1.04171e-05
3.8829e-06
-1.01388e-05
5.45381e-06
-9.74474e-06
7.02133e-06
-9.40438e-06
8.52029e-06
-9.16826e-06
9.88558e-06
-9.04608e-06
1.10505e-05
-9.02277e-06
1.19476e-05
-9.06085e-06
1.25116e-05
-9.09868e-06
1.26861e-05
-9.04768e-06
1.24313e-05
-8.79162e-06
1.17278e-05
-8.18879e-06
1.0578e-05
-7.07396e-06
9.00737e-06
-5.25708e-06
7.06802e-06
-2.51862e-06
4.84672e-06
1.39594e-06
2.48019e-06
6.77626e-06
1.70734e-07
1.3933e-05
-1.81076e-06
2.318e-05
-3.15984e-06
3.47512e-05
-3.53811e-06
4.87455e-05
6.50271e-05
-2.62758e-06
6.21641e-07
-1.03764e-05
1.53849e-06
-1.1334e-05
2.61426e-06
-1.12145e-05
3.77647e-06
-1.09069e-05
4.96499e-06
-1.05929e-05
6.12294e-06
-1.03262e-05
7.19396e-06
-1.01171e-05
8.12172e-06
-9.9505e-06
8.85109e-06
-9.7902e-06
9.33107e-06
-9.57864e-06
9.51951e-06
-9.23611e-06
9.38834e-06
-8.66045e-06
8.92753e-06
-7.72798e-06
8.14776e-06
-6.29419e-06
7.08328e-06
-4.1926e-06
5.79651e-06
-1.23185e-06
4.38554e-06
2.8069e-06
2.99588e-06
8.1659e-06
1.82393e-06
1.51049e-05
1.1239e-06
2.388e-05
1.18509e-06
3.46899e-05
2.31095e-06
4.76195e-05
6.25492e-05
4.78886e-06
2.80816e-07
-1.0657e-05
8.14613e-07
-1.18677e-05
1.51094e-06
-1.19108e-05
2.30669e-06
-1.17026e-05
3.1504e-06
-1.14365e-05
3.99347e-06
-1.11692e-05
4.78831e-06
-1.09119e-05
5.48852e-06
-1.06507e-05
6.05021e-06
-1.03519e-05
6.4346e-06
-9.96302e-06
6.61168e-06
-9.41319e-06
6.56424e-06
-8.61301e-06
6.2915e-06
-7.45524e-06
5.81234e-06
-5.81504e-06
5.16886e-06
-3.54914e-06
4.43108e-06
-4.9409e-07
3.70366e-06
3.53429e-06
3.132e-06
8.73753e-06
2.90451e-06
1.53323e-05
3.25517e-06
2.35293e-05
4.4484e-06
3.34966e-05
6.75977e-06
4.5308e-05
5.88582e-05
1.04508e-05
-2.30123e-08
-1.06341e-05
1.96107e-07
-1.20868e-05
5.63942e-07
-1.22786e-05
1.03705e-06
-1.21757e-05
1.5732e-06
-1.19727e-05
2.13168e-06
-1.17276e-05
2.67317e-06
-1.14533e-05
3.16023e-06
-1.11377e-05
3.5588e-06
-1.07504e-05
3.84046e-06
-1.02447e-05
3.98534e-06
-9.55808e-06
3.9855e-06
-8.61319e-06
3.84824e-06
-7.31799e-06
3.59936e-06
-5.56618e-06
3.28692e-06
-3.23673e-06
2.98564e-06
-1.92829e-07
2.802e-06
3.7179e-06
2.87767e-06
8.66184e-06
3.3914e-06
1.48186e-05
4.55721e-06
2.23634e-05
6.61501e-06
3.14387e-05
9.81186e-06
4.21111e-05
5.42977e-05
1.43723e-05
-2.61315e-07
-1.03727e-05
-3.23443e-07
-1.20247e-05
-2.37817e-07
-1.23642e-05
-4.44898e-08
-1.2369e-05
2.21675e-07
-1.22388e-05
5.27185e-07
-1.20331e-05
8.40078e-07
-1.17662e-05
1.13082e-06
-1.14285e-05
1.37373e-06
-1.09933e-05
1.54891e-06
-1.04199e-05
1.64479e-06
-9.65398e-06
1.66094e-06
-8.62935e-06
1.61099e-06
-7.26806e-06
1.52586e-06
-5.48107e-06
1.45722e-06
-3.16813e-06
1.48149e-06
-2.17125e-07
1.70337e-06
3.49598e-06
2.2596e-06
8.10557e-06
3.31651e-06
1.37616e-05
5.07087e-06
2.0609e-05
7.73869e-06
2.87708e-05
1.15389e-05
3.83108e-05
4.91701e-05
1.66664e-05
-4.63889e-07
-9.90893e-06
-7.54161e-07
-1.17344e-05
-9.06452e-07
-1.22119e-05
-9.5201e-07
-1.23234e-05
-9.19366e-07
-1.22714e-05
-8.35645e-07
-1.21168e-05
-7.2626e-07
-1.18756e-05
-6.13961e-07
-1.15408e-05
-5.17473e-07
-1.10898e-05
-4.49734e-07
-1.04876e-05
-4.15768e-07
-9.68796e-06
-4.10269e-07
-8.63487e-06
-4.14978e-07
-7.26338e-06
-3.95858e-07
-5.50022e-06
-2.99946e-07
-3.26407e-06
-5.17309e-08
-4.65377e-07
4.50115e-07
2.9941e-06
1.33057e-06
7.22507e-06
2.74852e-06
1.23436e-05
4.88194e-06
1.84755e-05
7.9261e-06
2.57266e-05
1.20758e-05
3.4161e-05
4.37484e-05
1.74976e-05
-6.28162e-07
-9.28064e-06
-1.10532e-06
-1.12572e-05
-1.45468e-06
-1.18625e-05
-1.70094e-06
-1.20771e-05
-1.86718e-06
-1.21052e-05
-1.97508e-06
-1.20089e-05
-2.04444e-06
-1.18062e-05
-2.09229e-06
-1.14929e-05
-2.1316e-06
-1.10505e-05
-2.1698e-06
-1.04494e-05
-2.20688e-06
-9.6509e-06
-2.23337e-06
-8.60841e-06
-2.22807e-06
-7.26871e-06
-2.15563e-06
-5.5727e-06
-1.96389e-06
-3.45585e-06
-1.58119e-06
-8.48123e-07
-9.14164e-07
2.32703e-06
1.57387e-07
6.15348e-06
1.77617e-06
1.07248e-05
4.10539e-06
1.61462e-05
7.32037e-06
2.25115e-05
1.15961e-05
2.98852e-05
3.82635e-05
1.70809e-05
-7.56795e-07
-8.52396e-06
-1.38352e-06
-1.06305e-05
-1.89325e-06
-1.13528e-05
-2.30545e-06
-1.16649e-05
-2.63859e-06
-1.1772e-05
-2.90976e-06
-1.17378e-05
-3.13404e-06
-1.15819e-05
-3.32374e-06
-1.13032e-05
-3.48722e-06
-1.08871e-05
-3.62762e-06
-1.0309e-05
-3.74126e-06
-9.53729e-06
-3.81592e-06
-8.53379e-06
-3.8289e-06
-7.25576e-06
-3.74507e-06
-5.65657e-06
-3.51463e-06
-3.68633e-06
-3.07092e-06
-1.29189e-06
-2.32832e-06
1.58438e-06
-1.18035e-06
5.00547e-06
5.0292e-07
9.04146e-06
2.87252e-06
1.37765e-05
6.08555e-06
1.92984e-05
1.02998e-05
2.5671e-05
3.29146e-05
1.56488e-05
-8.51853e-07
-7.67203e-06
-1.59431e-06
-9.88802e-06
-2.23143e-06
-1.07157e-05
-2.77809e-06
-1.11183e-05
-3.24888e-06
-1.13012e-05
-3.657e-06
-1.13296e-05
-4.01364e-06
-1.12253e-05
-4.32724e-06
-1.09897e-05
-4.60258e-06
-1.06117e-05
-4.8396e-06
-1.00721e-05
-5.03209e-06
-9.34483e-06
-5.16624e-06
-8.39968e-06
-5.21907e-06
-7.20298e-06
-5.1568e-06
-5.71888e-06
-4.93316e-06
-3.91003e-06
-4.48757e-06
-1.73752e-06
-3.74319e-06
8.39947e-07
-2.60609e-06
3.86833e-06
-9.63083e-07
7.3984e-06
1.32188e-06
1.14915e-05
4.39427e-06
1.6226e-05
8.39506e-06
2.16701e-05
2.786e-05
1.34497e-05
-9.15783e-07
-6.75638e-06
-1.74302e-06
-9.06082e-06
-2.47758e-06
-9.98113e-06
-3.13018e-06
-1.04657e-05
-3.71193e-06
-1.07195e-05
-4.23271e-06
-1.08089e-05
-4.70047e-06
-1.07576e-05
-5.12058e-06
-1.05696e-05
-5.49509e-06
-1.02373e-05
-5.82165e-06
-9.74553e-06
-6.09246e-06
-9.07406e-06
-6.29305e-06
-8.19913e-06
-6.40101e-06
-7.09506e-06
-6.38475e-06
-5.7352e-06
-6.20214e-06
-4.09268e-06
-5.79919e-06
-2.14052e-06
-5.10855e-06
1.49256e-07
-4.0484e-06
2.80813e-06
-2.52134e-06
5.87129e-06
-4.1228e-07
9.38234e-06
2.4138e-06
1.33998e-05
6.08812e-06
1.79958e-05
2.32233e-05
1.07248e-05
-9.50606e-07
-5.80565e-06
-1.83447e-06
-8.17694e-06
-2.63942e-06
-9.1762e-06
-3.37208e-06
-9.73302e-06
-4.04043e-06
-1.00511e-05
-4.65145e-06
-1.01979e-05
-5.21039e-06
-1.01987e-05
-5.72024e-06
-1.00597e-05
-6.181e-06
-9.77653e-06
-6.58882e-06
-9.33775e-06
-6.93503e-06
-8.72789e-06
-7.20518e-06
-7.92903e-06
-7.37804e-06
-6.92224e-06
-7.42465e-06
-5.68863e-06
-7.30736e-06
-4.21002e-06
-6.97886e-06
-2.46906e-06
-6.38113e-06
-4.48529e-07
-5.44406e-06
1.87103e-06
-4.08525e-06
4.51244e-06
-2.20785e-06
7.50489e-06
3.02079e-07
1.08898e-05
3.56958e-06
1.47282e-05
1.90884e-05
7.70456e-06
-9.59001e-07
-4.84681e-06
-1.87376e-06
-7.26224e-06
-2.72439e-06
-8.32559e-06
-3.51353e-06
-8.9439e-06
-4.24614e-06
-9.31853e-06
-4.9266e-06
-9.51744e-06
-5.55797e-06
-9.56733e-06
-6.14138e-06
-9.47636e-06
-6.6754e-06
-9.24255e-06
-7.15525e-06
-8.85794e-06
-7.57196e-06
-8.31122e-06
-7.91159e-06
-7.58944e-06
-8.15443e-06
-6.67945e-06
-8.27431e-06
-5.5688e-06
-8.23802e-06
-4.24636e-06
-8.00466e-06
-2.70247e-06
-7.52489e-06
-9.28342e-07
-6.73986e-06
1.08596e-06
-5.58081e-06
3.35336e-06
-3.96779e-06
5.89181e-06
-1.80752e-06
8.72948e-06
1.00912e-06
1.19116e-05
1.5506e-05
4.59154e-06
-9.43365e-07
-3.90336e-06
-1.86588e-06
-6.33972e-06
-2.73987e-06
-7.45162e-06
-3.56394e-06
-8.11986e-06
-4.34017e-06
-8.54232e-06
-5.07066e-06
-8.78696e-06
-5.75668e-06
-8.88135e-06
-6.39797e-06
-8.83509e-06
-6.99221e-06
-8.64835e-06
-7.53414e-06
-8.31605e-06
-8.01492e-06
-7.83048e-06
-8.42138e-06
-7.18302e-06
-8.73547e-06
-6.36541e-06
-8.93378e-06
-5.37053e-06
-8.98724e-06
-4.19294e-06
-8.86081e-06
-2.82896e-06
-8.51304e-06
-1.27615e-06
-7.89517e-06
4.68053e-07
-6.95089e-06
2.40904e-06
-5.6152e-06
4.55607e-06
-3.81281e-06
6.92711e-06
-1.45607e-06
9.55471e-06
1.24926e-05
1.55737e-06
-9.06858e-07
-2.99664e-06
-1.81646e-06
-5.43016e-06
-2.69352e-06
-6.57457e-06
-3.53268e-06
-7.28072e-06
-4.33329e-06
-7.74173e-06
-5.0955e-06
-8.02479e-06
-5.81912e-06
-8.15775e-06
-6.50303e-06
-8.15122e-06
-7.14437e-06
-8.00704e-06
-7.73786e-06
-7.7226e-06
-8.27503e-06
-7.29335e-06
-8.74365e-06
-6.71444e-06
-9.12731e-06
-5.98179e-06
-9.40514e-06
-5.09273e-06
-9.55175e-06
-4.04638e-06
-9.53715e-06
-2.84359e-06
-9.32672e-06
-1.48661e-06
-8.88076e-06
2.20594e-08
-8.15375e-06
1.682e-06
-7.09404e-06
3.4963e-06
-5.64191e-06
5.47489e-06
-3.72741e-06
7.64033e-06
1.00335e-05
-1.2683e-06
-8.52476e-07
-2.14403e-06
-1.73139e-06
-4.55122e-06
-2.59342e-06
-5.71254e-06
-3.4294e-06
-6.44476e-06
-4.23627e-06
-6.93487e-06
-5.01261e-06
-7.24847e-06
-5.7573e-06
-7.41308e-06
-6.46874e-06
-7.4398e-06
-7.14399e-06
-7.33181e-06
-7.778e-06
-7.08862e-06
-8.36289e-06
-6.70849e-06
-8.88743e-06
-6.18993e-06
-9.33672e-06
-5.53252e-06
-9.69213e-06
-4.73736e-06
-9.93136e-06
-3.80718e-06
-1.00287e-05
-2.74629e-06
-9.95521e-06
-1.56013e-06
-9.67871e-06
-2.54465e-07
-9.16308e-06
1.16634e-06
-8.36785e-06
2.70103e-06
-7.24685e-06
4.3539e-06
-5.74594e-06
6.13922e-06
8.08679e-06
-3.79918e-06
-7.843e-07
-1.35982e-06
-1.61769e-06
-3.71784e-06
-2.44856e-06
-4.88166e-06
-3.26435e-06
-5.62897e-06
-4.06012e-06
-6.1391e-06
-4.83345e-06
-6.47514e-06
-5.58286e-06
-6.66368e-06
-6.30676e-06
-6.71592e-06
-7.00248e-06
-6.63611e-06
-7.66546e-06
-6.42565e-06
-8.28854e-06
-6.08543e-06
-8.86147e-06
-5.61702e-06
-9.37072e-06
-5.0233e-06
-9.7995e-06
-4.30859e-06
-1.01281e-05
-3.47864e-06
-1.03341e-05
-2.54025e-06
-1.03934e-05
-1.50091e-06
-1.02796e-05
-3.68215e-07
-9.9646e-06
8.51314e-07
-9.4173e-06
2.1537e-06
-8.60272e-06
3.53925e-06
-7.4796e-06
5.01629e-06
6.60492e-06
-5.99776e-06
-7.06771e-07
-6.52903e-07
-1.48338e-06
-2.94116e-06
-2.26911e-06
-4.09589e-06
-3.04873e-06
-4.84933e-06
-3.81643e-06
-5.37139e-06
-4.5697e-06
-5.72186e-06
-5.3074e-06
-5.92597e-06
-6.02846e-06
-5.99486e-06
-6.73083e-06
-5.93373e-06
-7.41064e-06
-5.74585e-06
-8.06151e-06
-5.43457e-06
-8.67413e-06
-5.00441e-06
-9.23616e-06
-4.46127e-06
-9.73236e-06
-3.8124e-06
-1.0145e-05
-3.06602e-06
-1.04545e-05
-2.23076e-06
-1.06401e-05
-1.31526e-06
-1.06806e-05
-3.27727e-07
-1.05539e-05
7.24563e-07
-1.02364e-05
1.83621e-06
-9.70221e-06
3.00517e-06
-8.9211e-06
4.23504e-06
5.53865e-06
-7.85467e-06
-6.2626e-07
-2.66767e-08
-1.33862e-06
-2.22876e-06
-2.06697e-06
-3.36749e-06
-2.79497e-06
-4.12128e-06
-3.51755e-06
-4.64879e-06
-4.23342e-06
-5.00596e-06
-4.94264e-06
-5.21673e-06
-5.64518e-06
-5.29231e-06
-6.33988e-06
-5.23902e-06
-7.02364e-06
-5.06207e-06
-7.69091e-06
-4.7673e-06
-8.33328e-06
-4.36202e-06
-8.93948e-06
-3.85506e-06
-9.49557e-06
-3.25629e-06
-9.9855e-06
-2.57608e-06
-1.03918e-05
-1.8244e-06
-1.06968e-05
-1.01029e-06
-1.08828e-05
-1.41697e-07
-1.09326e-05
7.74409e-07
-1.08287e-05
1.7323e-06
-1.0552e-05
2.72842e-06
-1.008e-05
3.76334e-06
4.84359e-06
-9.38498e-06
-5.50951e-07
5.24504e-07
-1.196e-06
-1.58358e-06
-1.85608e-06
-2.70733e-06
-2.51679e-06
-3.46051e-06
-3.17657e-06
-3.98896e-06
-3.83713e-06
-4.34535e-06
-4.50068e-06
-4.55315e-06
-5.16858e-06
-4.62436e-06
-5.84067e-06
-4.56691e-06
-6.51465e-06
-4.38806e-06
-7.18572e-06
-4.09619e-06
-7.8464e-06
-3.70132e-06
-8.48646e-06
-3.21497e-06
-9.0933e-06
-2.64942e-06
-9.65242e-06
-2.01693e-06
-1.01483e-05
-1.32848e-06
-1.05656e-05
-5.92973e-07
-1.08898e-05
1.82536e-07
-1.11073e-05
9.91991e-07
-1.12048e-05
1.82979e-06
-1.11678e-05
2.69162e-06
-1.09799e-05
3.57531e-06
4.483e-06
-1.06192e-05
-4.93828e-07
1.01834e-06
-1.07244e-06
-1.00489e-06
-1.65277e-06
-2.12692e-06
-2.22886e-06
-2.88435e-06
-2.80686e-06
-3.4109e-06
-3.39356e-06
-3.75859e-06
-3.99396e-06
-3.9527e-06
-4.61087e-06
-4.00741e-06
-5.24487e-06
-3.93286e-06
-5.89431e-06
-3.73858e-06
-6.55513e-06
-3.43533e-06
-7.22075e-06
-3.03566e-06
-7.88223e-06
-2.55343e-06
-8.52873e-06
-2.00288e-06
-9.14765e-06
-1.39796e-06
-9.72555e-06
-7.50523e-07
-1.02494e-05
-6.90446e-08
-1.07073e-05
6.4049e-07
-1.10881e-05
1.37286e-06
-1.1381e-05
2.12273e-06
-1.15741e-05
2.88468e-06
-1.16531e-05
3.65465e-06
4.43056e-06
-1.16006e-05
-4.76575e-07
1.49513e-06
-9.899e-07
-4.91439e-07
-1.47475e-06
-1.64197e-06
-1.94527e-06
-2.41374e-06
-2.42084e-06
-2.93526e-06
-2.91495e-06
-3.26441e-06
-3.43519e-06
-3.43239e-06
-3.98504e-06
-3.45751e-06
-4.5652e-06
-3.35264e-06
-5.1743e-06
-3.12942e-06
-5.80896e-06
-2.80062e-06
-6.46368e-06
-2.38088e-06
-7.13142e-06
-1.88564e-06
-7.80423e-06
-1.33002e-06
-8.47255e-06
-7.29581e-07
-9.1257e-06
-9.73106e-08
-9.7533e-06
5.58622e-07
-1.03452e-05
1.23241e-06
-1.08915e-05
1.91925e-06
-1.13814e-05
2.61271e-06
-1.18025e-05
3.30601e-06
-1.21409e-05
3.99294e-06
4.66897e-06
-1.23791e-05
-5.37503e-07
2.03261e-06
-9.75394e-07
-5.34688e-08
-1.33811e-06
-1.27917e-06
-1.67637e-06
-2.07539e-06
-2.02776e-06
-2.5838e-06
-2.412e-06
-2.8801e-06
-2.83705e-06
-3.00728e-06
-3.30508e-06
-2.98943e-06
-3.81578e-06
-2.84188e-06
-4.36769e-06
-2.57746e-06
-4.95812e-06
-2.21013e-06
-5.58292e-06
-1.75602e-06
-6.23843e-06
-1.23008e-06
-6.92222e-06
-6.46171e-07
-7.63008e-06
-2.16582e-08
-8.3552e-06
6.27871e-07
-9.08926e-06
1.29275e-06
-9.82329e-06
1.9665e-06
-1.05455e-05
2.64154e-06
-1.12419e-05
3.30917e-06
-1.18964e-05
3.96057e-06
-1.24919e-05
4.58871e-06
5.18715e-06
-1.30101e-05
-7.32756e-07
2.76556e-06
-1.05625e-06
2.70116e-07
-1.24986e-06
-1.08548e-06
-1.42285e-06
-1.90234e-06
-1.63048e-06
-2.37612e-06
-1.8926e-06
-2.61793e-06
-2.21194e-06
-2.6879e-06
-2.58607e-06
-2.61527e-06
-3.01233e-06
-2.41558e-06
-3.48916e-06
-2.10059e-06
-4.01495e-06
-1.6843e-06
-4.58699e-06
-1.18395e-06
-5.20877e-06
-6.08261e-07
-5.88956e-06
3.46539e-08
-6.63276e-06
7.21574e-07
-7.43595e-06
1.4311e-06
-8.29062e-06
2.14745e-06
-9.18503e-06
2.86094e-06
-1.01011e-05
3.5577e-06
-1.10176e-05
4.22566e-06
-1.19112e-05
4.85434e-06
-1.27602e-05
5.43752e-06
5.97227e-06
-1.35452e-05
-1.09679e-06
3.86241e-06
-1.23426e-06
4.07689e-07
-1.18691e-06
-1.13275e-06
-1.16269e-06
-1.92647e-06
-1.21966e-06
-2.31909e-06
-1.35995e-06
-2.47759e-06
-1.57148e-06
-2.47631e-06
-1.84382e-06
-2.34288e-06
-2.17167e-06
-2.08768e-06
-2.55478e-06
-1.71742e-06
-2.99453e-06
-1.24451e-06
-3.48835e-06
-6.90089e-07
-4.05753e-06
-3.90391e-08
-4.73516e-06
7.12312e-07
-5.5281e-06
1.51455e-06
-6.43385e-06
2.33689e-06
-7.43732e-06
3.15095e-06
-8.51658e-06
3.94024e-06
-9.64347e-06
4.68463e-06
-1.07862e-05
5.36839e-06
-1.19129e-05
5.98108e-06
-1.29944e-05
6.5192e-06
6.99179e-06
-1.40139e-05
-1.68251e-06
5.54506e-06
-1.41699e-06
1.42288e-07
-1.03633e-06
-1.51328e-06
-8.25592e-07
-2.13711e-06
-7.67945e-07
-2.37664e-06
-8.12699e-07
-2.43274e-06
-9.27342e-07
-2.36158e-06
-1.0952e-06
-2.17493e-06
-1.31107e-06
-1.87173e-06
-1.58019e-06
-1.44822e-06
-1.91674e-06
-9.0787e-07
-2.31136e-06
-2.954e-07
-2.8407e-06
4.90373e-07
-3.55786e-06
1.42954e-06
-4.45147e-06
2.40822e-06
-5.50227e-06
3.38777e-06
-6.68251e-06
4.33126e-06
-7.95724e-06
5.21504e-06
-9.28815e-06
6.01561e-06
-1.06358e-05
6.71615e-06
-1.19632e-05
7.30864e-06
-1.3236e-05
7.79198e-06
8.17402e-06
-1.44182e-05
-1.5357e-06
-9.87264e-07
-5.22755e-07
-3.32378e-07
-2.68782e-07
-2.68379e-07
-3.04009e-07
-3.64342e-07
-4.4828e-07
-5.66836e-07
-7.61483e-07
-1.12845e-06
-1.78093e-06
-2.6409e-06
-3.69204e-06
-4.89681e-06
-6.22824e-06
-7.6508e-06
-9.12472e-06
-1.06118e-05
-1.20769e-05
-1.34936e-05
-1.48511e-05
2.25268e-05
-1.2865e-05
3.61593e-05
-1.36324e-05
5.22242e-05
-1.60649e-05
-2.14186e-05
7.36429e-05
4.27669e-05
-2.0793e-05
5.14821e-05
-2.23476e-05
6.02082e-05
-2.47911e-05
-2.81577e-05
6.69473e-05
5.58206e-05
-2.48469e-05
5.99832e-05
-2.65103e-05
6.3482e-05
-2.82899e-05
-3.01959e-05
6.55201e-05
6.25165e-05
-2.70345e-05
6.43841e-05
-2.8378e-05
6.5721e-05
-2.96266e-05
-3.09139e-05
6.64391e-05
6.65769e-05
-2.90994e-05
6.83268e-05
-3.01279e-05
6.96073e-05
-3.0907e-05
-3.07423e-05
6.94359e-05
7.10122e-05
-2.98831e-05
6.83693e-05
-2.74849e-05
5.95363e-05
-2.20738e-05
-1.6699e-05
4.54932e-05
6.03376e-06
-1.68335e-05
-8.79618e-06
-1.26551e-05
-2.51519e-05
-5.71827e-06
1.95907e-06
-4.38099e-05
-3.95075e-05
-2.60779e-06
-5.4836e-05
2.67313e-06
-6.99407e-05
9.38636e-06
1.70048e-05
-8.49866e-05
-6.32583e-05
9.11265e-06
-7.55537e-05
1.49686e-05
-8.7735e-05
2.15674e-05
2.87004e-05
-9.94305e-05
-7.09538e-05
1.83302e-05
-8.03806e-05
2.4395e-05
-8.97042e-05
3.08911e-05
3.76487e-05
-9.86526e-05
-6.83898e-05
2.55108e-05
-7.55497e-05
3.1555e-05
-8.25151e-05
3.78563e-05
4.42437e-05
-8.91102e-05
-5.98905e-05
3.0919e-05
-6.5125e-05
3.67892e-05
-7.00837e-05
4.28149e-05
4.88232e-05
-7.46633e-05
-4.83299e-05
3.47129e-05
-5.18512e-05
4.03105e-05
-5.50361e-05
4.59995e-05
5.16114e-05
-5.78244e-05
-3.5645e-05
3.7043e-05
-3.76421e-05
4.23073e-05
-3.92661e-05
4.76234e-05
5.28305e-05
-4.04854e-05
-2.31235e-05
3.80809e-05
-2.37965e-05
4.29803e-05
-2.40788e-05
4.79054e-05
5.27128e-05
-2.39613e-05
-1.16141e-05
3.80073e-05
-1.11631e-05
4.25291e-05
-1.03242e-05
4.70664e-05
5.14896e-05
-9.10127e-06
-1.6289e-06
3.70085e-05
-2.57055e-07
4.11573e-05
1.49448e-06
4.53146e-05
4.93742e-05
3.60978e-06
6.52835e-06
3.5269e-05
8.62965e-06
3.90558e-05
1.10933e-05
4.28508e-05
4.65659e-05
1.39014e-05
1.27485e-05
3.29712e-05
1.53971e-05
3.64073e-05
1.8395e-05
3.98527e-05
4.32402e-05
2.17206e-05
1.70597e-05
3.02837e-05
2.00866e-05
3.33803e-05
2.34464e-05
3.64929e-05
3.95672e-05
2.71192e-05
1.95945e-05
2.73557e-05
2.28483e-05
3.01264e-05
2.64207e-05
3.29203e-05
3.56966e-05
3.02911e-05
2.05371e-05
2.43161e-05
2.38877e-05
2.67757e-05
2.75405e-05
2.92675e-05
3.17595e-05
3.14775e-05
2.01213e-05
2.12757e-05
2.3457e-05
2.34399e-05
2.70807e-05
2.56437e-05
2.78646e-05
3.09755e-05
1.8597e-05
1.83275e-05
2.18249e-05
2.02121e-05
2.53254e-05
2.2143e-05
2.41042e-05
2.90858e-05
1.62297e-05
1.55475e-05
1.92722e-05
1.71695e-05
2.25736e-05
1.88416e-05
2.05539e-05
2.61238e-05
1.32769e-05
1.29953e-05
1.60734e-05
1.43731e-05
1.9113e-05
1.58018e-05
1.72762e-05
2.23907e-05
9.9862e-06
1.07137e-05
1.24915e-05
1.18677e-05
1.52233e-05
1.307e-05
1.43192e-05
1.81802e-05
6.57717e-06
8.72805e-06
8.76378e-06
9.68122e-06
1.11565e-05
1.06771e-05
1.17168e-05
1.37588e-05
3.23812e-06
7.04733e-06
5.0946e-06
7.82457e-06
7.13476e-06
8.63704e-06
9.48664e-06
9.36487e-06
1.12329e-07
5.6667e-06
1.64342e-06
6.29363e-06
3.33322e-06
6.94708e-06
7.62949e-06
5.19035e-06
-2.69961e-06
4.56708e-06
-1.47625e-06
5.07004e-06
-1.1977e-07
5.59067e-06
6.13143e-06
1.3782e-06
-5.15211e-06
3.72145e-06
-4.20592e-06
4.12407e-06
-3.15264e-06
4.53725e-06
4.96314e-06
-1.98432e-06
-7.23509e-06
3.10192e-06
-6.5358e-06
3.42458e-06
-5.7506e-06
3.7522e-06
4.08626e-06
-4.87377e-06
-8.96574e-06
2.68273e-06
-8.48361e-06
2.94271e-06
-7.93443e-06
3.20291e-06
3.46453e-06
-7.31263e-06
-1.03783e-05
2.44183e-06
-1.00887e-05
2.65295e-06
-9.74629e-06
2.86066e-06
3.06549e-06
-9.34727e-06
-1.15211e-05
2.36246e-06
-1.14034e-05
2.53558e-06
-1.12449e-05
2.70201e-06
2.86213e-06
-1.10414e-05
-1.24488e-05
2.43228e-06
-1.24886e-05
2.57517e-06
-1.2495e-05
2.70864e-06
2.83256e-06
-1.24654e-05
-1.32197e-05
2.64196e-06
-1.34042e-05
2.75997e-06
-1.35611e-05
2.86542e-06
2.95828e-06
-1.36867e-05
-1.38851e-05
2.9819e-06
-1.42031e-05
3.0777e-06
-1.44952e-05
3.15775e-06
3.22181e-06
-1.47588e-05
-1.44745e-05
3.44262e-06
-1.4912e-05
3.51546e-06
-1.53242e-05
3.56983e-06
3.60605e-06
-1.57083e-05
-1.49758e-05
4.0003e-06
-1.55108e-05
4.05026e-06
-1.60182e-05
4.07741e-06
4.08112e-06
-1.64933e-05
-1.53902e-05
-1.59034e-05
-1.63935e-05
-1.68642e-05
6.75425e-05
-8.27036e-05
7.10593e-05
-7.24953e-05
7.04812e-05
-6.33943e-05
6.82417e-05
-5.39549e-05
6.55262e-05
-4.46758e-05
6.35031e-05
-3.75165e-05
6.31297e-05
-3.37631e-05
6.45278e-05
-3.17455e-05
6.67833e-05
-2.89644e-05
6.92738e-05
-2.44256e-05
7.20123e-05
-1.7376e-05
7.41232e-05
-7.62537e-06
7.38173e-05
4.94119e-06
6.96002e-05
2.04424e-05
6.08874e-05
4.23767e-05
4.80924e-05
7.52982e-05
2.89577e-05
0.000121071
8.23645e-06
0.000152811
0.000155343
6.35838e-05
-7.934e-05
6.3151e-05
-7.20626e-05
5.93737e-05
-5.9617e-05
5.34783e-05
-4.80595e-05
4.60306e-05
-3.7228e-05
3.89136e-05
-3.03994e-05
3.49761e-05
-2.98257e-05
3.47889e-05
-3.15583e-05
3.63598e-05
-3.05353e-05
3.81679e-05
-2.62337e-05
3.97152e-05
-1.89233e-05
4.06326e-05
-8.54278e-06
4.06368e-05
4.93698e-06
3.88998e-05
2.21793e-05
3.4945e-05
4.63315e-05
2.86304e-05
8.16127e-05
1.92834e-05
0.000130418
7.20107e-06
0.000164893
0.000162544
6.38032e-05
-7.76231e-05
5.7486e-05
-6.57453e-05
4.6062e-05
-4.81929e-05
3.28403e-05
-3.48377e-05
1.83759e-05
-2.27636e-05
5.85863e-06
-1.78821e-05
7.0547e-07
-2.46724e-05
1.14155e-06
-3.19943e-05
3.3345e-06
-3.27282e-05
5.77112e-06
-2.86703e-05
8.17631e-06
-2.13285e-05
1.03476e-05
-1.07141e-05
1.19737e-05
3.31082e-06
1.27236e-05
2.14295e-05
1.2882e-05
4.61731e-05
1.36926e-05
8.0802e-05
1.72687e-05
0.000126842
1.18219e-05
0.00017034
0.000174366
6.4835e-05
-7.60189e-05
4.85992e-05
-4.95094e-05
2.35444e-05
-2.31378e-05
3.26735e-06
-1.45606e-05
-1.69119e-05
-2.58424e-06
-3.34238e-05
-1.37013e-06
-3.6126e-05
-2.19702e-05
-3.27298e-05
-3.53906e-05
-2.85577e-05
-3.69003e-05
-2.43955e-05
-3.28326e-05
-2.03543e-05
-2.53697e-05
-1.65673e-05
-1.45011e-05
-1.31645e-05
-9.19743e-08
-1.00914e-05
1.83563e-05
-6.23161e-06
4.23133e-05
7.55962e-07
7.38145e-05
1.10682e-05
0.00011653
2.2632e-05
0.000158776
0.000196998
4.99736e-05
-5.65558e-05
2.52611e-05
-2.47965e-05
6.97619e-06
-4.85245e-06
-3.0577e-05
2.29928e-05
-8.17091e-05
4.8548e-05
-9.42407e-05
1.11616e-05
-8.10596e-05
-3.51515e-05
-6.87224e-05
-4.77279e-05
-5.99135e-05
-4.57092e-05
-5.27318e-05
-4.00142e-05
-4.64689e-05
-3.16326e-05
-4.08163e-05
-2.01538e-05
-3.55654e-05
-5.34283e-06
-3.03911e-05
1.31819e-05
-2.43494e-05
3.62716e-05
-1.60772e-05
6.55423e-05
-2.91653e-06
0.00010337
1.21553e-05
0.000143704
0.000209153
-8.12185e-06
-2.94041e-06
-5.74307e-05
2.45127e-05
-0.000114429
5.21467e-05
-0.000184632
9.31969e-05
-0.000204619
6.8535e-05
-0.000145936
-4.75224e-05
-0.000114598
-6.64898e-05
-9.83482e-05
-6.39778e-05
-8.68425e-05
-5.7215e-05
-7.74422e-05
-4.94146e-05
-6.93997e-05
-3.96751e-05
-6.21735e-05
-2.73801e-05
-5.53635e-05
-1.21528e-05
-4.85837e-05
6.40215e-06
-4.1071e-05
2.87588e-05
-3.16151e-05
5.60864e-05
-1.84208e-05
9.01754e-05
-4.60028e-06
0.000129884
0.000204553
-8.27572e-05
3.60064e-05
-0.0001296
7.13557e-05
-0.000177361
9.99084e-05
-0.000196464
0.000112301
-0.000168943
4.10132e-05
-0.000138962
-7.75042e-05
-0.000127035
-7.84177e-05
-0.000116568
-7.44449e-05
-0.000106388
-6.73947e-05
-9.69795e-05
-5.88232e-05
-8.83248e-05
-4.83298e-05
-8.01932e-05
-3.55116e-05
-7.22864e-05
-2.00597e-05
-6.42874e-05
-1.59694e-06
-5.56799e-05
2.01513e-05
-4.55492e-05
4.59556e-05
-3.31134e-05
7.77396e-05
-2.10563e-05
0.000117827
0.000183496
-0.00011748
6.85005e-05
-0.000148909
0.000102785
-0.000172729
0.000123729
-0.000171933
0.000111507
-0.000157858
2.6937e-05
-0.000145554
-8.98096e-05
-0.000137412
-8.65594e-05
-0.000129328
-8.25294e-05
-0.000120677
-7.60454e-05
-0.000111949
-6.75516e-05
-0.000103357
-5.69214e-05
-9.48483e-05
-4.40207e-05
-8.6246e-05
-2.8662e-05
-7.72394e-05
-1.06036e-05
-6.75129e-05
1.04247e-05
-5.63687e-05
3.48114e-05
-4.27048e-05
6.40757e-05
-2.61429e-05
0.000101265
0.000157354
-0.000124715
9.3785e-05
-0.000146141
0.000124211
-0.000159011
0.000136601
-0.000158912
0.00011141
-0.000157059
2.5083e-05
-0.000151567
-9.53029e-05
-0.000145291
-9.28349e-05
-0.000138415
-8.94056e-05
-0.00013093
-8.3531e-05
-0.000123037
-7.54444e-05
-0.000114852
-6.51065e-05
-0.000106321
-5.25517e-05
-9.72861e-05
-3.76968e-05
-8.74798e-05
-2.04099e-05
-7.66054e-05
-4.49721e-07
-6.41616e-05
2.23676e-05
-4.90839e-05
4.89979e-05
-2.98498e-05
8.20308e-05
0.000127504
-0.000117809
0.000112942
-0.000133462
0.000139865
-0.000143763
0.000146903
-0.000148466
0.000116114
-0.00015366
3.0278e-05
-0.00015354
-9.54241e-05
-0.000149242
-9.71333e-05
-0.000143692
-9.49562e-05
-0.000137432
-8.97911e-05
-0.000130578
-8.2298e-05
-0.000123108
-7.25763e-05
-0.000114901
-6.0759e-05
-0.000105758
-4.68396e-05
-9.54166e-05
-3.07516e-05
-8.34965e-05
-1.23698e-05
-6.96414e-05
8.51254e-06
-5.28908e-05
3.22473e-05
-3.13808e-05
6.05206e-05
9.61231e-05
-0.000103197
0.000127029
-0.000114997
0.000151664
-0.000125056
0.000156962
-0.000135388
0.000126447
-0.000148022
4.2913e-05
-0.000151731
-9.17161e-05
-0.000149373
-9.94924e-05
-0.000145246
-9.90833e-05
-0.000140396
-9.46407e-05
-0.000134811
-8.78836e-05
-0.000128366
-7.90217e-05
-0.000120851
-6.82733e-05
-0.000111994
-5.56964e-05
-0.000101466
-4.12798e-05
-8.88327e-05
-2.50036e-05
-7.35951e-05
-6.72503e-06
-5.50977e-05
1.37498e-05
-3.16419e-05
3.70649e-05
6.44811e-05
-8.42461e-05
0.000136611
-9.24909e-05
0.000159909
-0.000101295
0.000165767
-0.00011428
0.000139433
-0.000134049
6.26822e-05
-0.000147225
-7.85406e-05
-0.000146254
-0.000100464
-0.000143603
-0.000101735
-0.000140242
-9.80013e-05
-0.000136039
-9.20867e-05
-0.000130815
-8.42457e-05
-0.000124311
-7.47776e-05
-0.000116169
-6.38387e-05
-0.000105969
-5.14792e-05
-9.3206e-05
-3.77671e-05
-7.7139e-05
-2.27921e-05
-5.70052e-05
-6.38395e-06
-3.17395e-05
1.1799e-05
3.27414e-05
-6.32291e-05
0.000142016
-6.75985e-05
0.000164279
-7.32571e-05
0.000171426
-8.61254e-05
0.000152303
-0.000111533
8.80902e-05
-0.000142995
-4.70794e-05
-0.000141278
-0.000102182
-0.000139882
-0.000103131
-0.000137712
-0.000100172
-0.000134709
-9.509e-05
-0.000130653
-8.83017e-05
-0.000125279
-8.01515e-05
-0.000118178
-7.09397e-05
-0.000108846
-6.08116e-05
-9.66719e-05
-4.99412e-05
-8.08371e-05
-3.86271e-05
-6.00304e-05
-2.71908e-05
-3.30577e-05
-1.51739e-05
-3.16379e-07
-4.21423e-05
0.000143673
-4.28011e-05
0.000164937
-4.46447e-05
0.00017327
-5.21987e-05
0.000159858
-7.44379e-05
0.00011033
-0.0001227
1.18212e-06
-0.000136288
-8.85955e-05
-0.000135597
-0.000103822
-0.000133723
-0.000102046
-0.000131382
-9.74313e-05
-0.000128156
-9.15277e-05
-0.000123727
-8.45804e-05
-0.000117686
-7.69803e-05
-0.000109516
-6.89823e-05
-9.85592e-05
-6.08979e-05
-8.38932e-05
-5.32933e-05
-6.40779e-05
-4.70064e-05
-3.66782e-05
-4.25738e-05
-3.69948e-05
-2.24517e-05
0.000142163
-1.99535e-05
0.000162439
-1.85673e-05
0.000171883
-2.17104e-05
0.000163001
-3.9534e-05
0.000128155
-9.12895e-05
5.29382e-05
-0.000130387
-4.94997e-05
-0.000130776
-0.000103433
-0.000129102
-0.000103721
-0.000126817
-9.97167e-05
-0.000123764
-9.45798e-05
-0.000119803
-8.85417e-05
-0.000114437
-8.23468e-05
-0.000107246
-7.61737e-05
-9.75924e-05
-7.05512e-05
-8.45507e-05
-6.63353e-05
-6.65115e-05
-6.50459e-05
-4.02578e-05
-6.88281e-05
-7.72528e-05
-4.96838e-06
0.00013803
2.43484e-07
0.000157227
4.70206e-06
0.000167425
5.06406e-06
0.000162639
-3.83377e-06
0.000137053
-3.52393e-05
8.43444e-05
-9.1289e-05
6.55014e-06
-0.000126302
-6.84211e-05
-0.000124835
-0.000105189
-0.000121994
-0.000102558
-0.000118499
-9.80747e-05
-0.000114198
-9.28422e-05
-0.000108812
-8.77334e-05
-0.000101969
-8.30168e-05
-9.31252e-05
-7.93951e-05
-8.15263e-05
-7.79346e-05
-6.56625e-05
-8.09101e-05
-4.14467e-05
-9.30442e-05
-0.0001187
9.86068e-06
0.000131778
1.72906e-05
0.000149796
2.43378e-05
0.000160377
2.82512e-05
0.000158725
2.48193e-05
0.000140485
6.65069e-06
0.000102513
-3.29366e-05
4.61376e-05
-8.54258e-05
-1.5932e-05
-0.000115195
-7.54193e-05
-0.00012068
-9.70723e-05
-0.000113538
-0.000105217
-0.000108315
-9.80648e-05
-0.000102396
-9.36524e-05
-9.51695e-05
-9.02432e-05
-8.63318e-05
-8.82326e-05
-7.55223e-05
-8.8744e-05
-6.20233e-05
-9.44089e-05
-4.19378e-05
-0.000113129
-0.000160637
2.17849e-05
0.000123895
3.09095e-05
0.000140672
3.99582e-05
0.000151328
4.66864e-05
0.000151997
4.78444e-05
0.000139327
3.89846e-05
0.000111373
1.58904e-05
6.92316e-05
-2.00185e-05
1.99768e-05
-6.5631e-05
-2.98073e-05
-9.7688e-05
-6.50152e-05
-0.000112363
-9.05404e-05
-0.000105585
-0.000104842
-9.74436e-05
-0.000101793
-8.90293e-05
-9.86573e-05
-7.98956e-05
-9.7366e-05
-6.94165e-05
-9.92226e-05
-5.81399e-05
-0.000105685
-4.30539e-05
-0.000128215
-0.000203691
3.07709e-05
0.000114844
4.10536e-05
0.000130389
5.14477e-05
0.000140934
6.01154e-05
0.000143329
6.45169e-05
0.000134925
6.15624e-05
0.000114327
4.84602e-05
8.23336e-05
2.49269e-05
4.35099e-05
-8.80728e-06
3.92608e-06
-4.3287e-05
-3.05362e-05
-7.67831e-05
-5.7045e-05
-9.71256e-05
-8.44991e-05
-9.90435e-05
-9.98747e-05
-8.91658e-05
-0.000108533
-7.80356e-05
-0.000108494
-6.98461e-05
-0.00010741
-7.73258e-05
-9.82029e-05
-4.88118e-05
-0.00015673
-0.000252505
3.69304e-05
0.000105033
4.79087e-05
0.00011941
5.90953e-05
0.000129747
6.89579e-05
0.000133466
7.545e-05
0.000128433
7.62327e-05
0.000113544
6.92151e-05
8.93512e-05
5.3974e-05
5.87508e-05
3.19656e-05
2.59343e-05
6.48332e-06
-5.05475e-06
-1.78971e-05
-3.26661e-05
-4.00762e-05
-6.23206e-05
-5.60713e-05
-8.38799e-05
-6.85214e-05
-9.60829e-05
-7.7923e-05
-9.90905e-05
-8.19334e-05
-0.000103397
-6.80182e-05
-0.000112119
-1.47687e-05
-0.000209981
-0.000267274
4.05008e-05
9.4823e-05
5.17992e-05
0.000108112
6.33535e-05
0.000118193
7.38715e-05
0.000122948
8.16784e-05
0.000120626
8.49321e-05
0.00011029
8.20367e-05
9.22465e-05
7.24235e-05
6.83639e-05
5.68813e-05
4.14766e-05
3.76573e-05
1.41691e-05
1.7613e-05
-1.2622e-05
-5.52612e-06
-3.91826e-05
-2.65375e-05
-6.28691e-05
-4.48633e-05
-7.77587e-05
-5.2786e-05
-9.11695e-05
-4.43715e-05
-0.000111812
-1.35907e-05
-0.0001429
1.28046e-06
-0.000224852
-0.000265994
4.17887e-05
8.45117e-05
5.31144e-05
9.67859e-05
6.47253e-05
0.000106582
7.55215e-05
0.000112152
8.41148e-05
0.000112032
8.90153e-05
0.000105389
8.89431e-05
9.23187e-05
8.33087e-05
7.39984e-05
7.24636e-05
5.23217e-05
5.74781e-05
2.91548e-05
3.94226e-05
5.43358e-06
1.90543e-05
-1.88144e-05
-1.8107e-06
-4.20041e-05
-1.71783e-05
-6.23912e-05
-2.22685e-05
-8.608e-05
-1.03359e-05
-0.000123745
1.54729e-05
-0.000168708
8.599e-06
-0.00021798
-0.000257395
4.11368e-05
7.43502e-05
5.22606e-05
8.56619e-05
6.37017e-05
9.51406e-05
7.45151e-05
0.000101338
8.35342e-05
0.000103013
8.95245e-05
9.93991e-05
9.14199e-05
9.04234e-05
8.86294e-05
7.6789e-05
8.12079e-05
5.97433e-05
6.97604e-05
4.06024e-05
5.49853e-05
2.02089e-05
3.75489e-05
-1.37796e-06
1.96122e-05
-2.40673e-05
5.76242e-06
-4.85415e-05
3.39451e-06
-8.3712e-05
8.69361e-06
-0.000129041
1.76392e-05
-0.000177656
7.77964e-06
-0.000208123
-0.000249614
3.88939e-05
6.45419e-05
4.96357e-05
7.492e-05
6.07403e-05
8.40359e-05
7.13881e-05
9.06903e-05
8.05845e-05
9.38167e-05
8.7285e-05
9.26986e-05
9.05726e-05
8.71358e-05
8.9864e-05
7.74977e-05
8.50339e-05
6.45735e-05
7.63793e-05
4.92571e-05
6.44405e-05
3.21477e-05
4.98659e-05
1.31967e-05
3.42588e-05
-8.46027e-06
2.19008e-05
-3.61837e-05
1.27529e-05
-7.4563e-05
1.15753e-05
-0.000127866
1.24687e-05
-0.000178552
-3.59187e-06
-0.000192061
-0.000253205
3.54055e-05
5.52601e-05
4.56182e-05
6.47071e-05
5.62575e-05
7.33966e-05
6.66074e-05
8.03403e-05
7.58077e-05
8.46164e-05
8.29568e-05
8.55495e-05
8.72462e-05
8.28464e-05
8.81043e-05
7.66395e-05
8.52872e-05
6.73907e-05
7.88771e-05
5.56672e-05
6.92034e-05
4.18214e-05
5.67933e-05
2.56068e-05
4.283e-05
5.50292e-06
2.91677e-05
-2.25213e-05
1.73357e-05
-6.27321e-05
1.38447e-05
-0.000124377
-3.26164e-06
-0.000161445
-6.30697e-06
-0.000189012
-0.000259511
3.1004e-05
4.66466e-05
4.05635e-05
5.51475e-05
5.06319e-05
6.33281e-05
6.05819e-05
7.03902e-05
6.96606e-05
7.55376e-05
7.70769e-05
7.81331e-05
8.21063e-05
7.78171e-05
8.4195e-05
7.45508e-05
8.30292e-05
6.85565e-05
7.85443e-05
6.0152e-05
7.08834e-05
4.94823e-05
6.03655e-05
3.61246e-05
4.74827e-05
1.83856e-05
3.19842e-05
-7.02299e-06
1.63011e-05
-4.705e-05
6.52701e-06
-0.000114603
-2.16251e-06
-0.000152754
1.14229e-06
-0.000192317
-0.000258368
2.60064e-05
3.88203e-05
3.48044e-05
4.63494e-05
4.42078e-05
5.39246e-05
5.36717e-05
6.09263e-05
6.25324e-05
6.66769e-05
7.00876e-05
7.05778e-05
7.5683e-05
7.22216e-05
7.87939e-05
7.14398e-05
7.90826e-05
6.82678e-05
7.6418e-05
6.28165e-05
7.08598e-05
5.50404e-05
6.26298e-05
4.43546e-05
5.19282e-05
2.90871e-05
3.89075e-05
5.99764e-06
2.40252e-05
-3.21679e-05
1.21243e-05
-0.000102702
1.69379e-05
-0.000157567
-3.96799e-07
-0.000174983
-0.000258765
2.07084e-05
3.18706e-05
2.8651e-05
3.84066e-05
3.73007e-05
4.52749e-05
4.61963e-05
5.20306e-05
5.47555e-05
5.81176e-05
6.23511e-05
6.29823e-05
6.83907e-05
6.61819e-05
7.2389e-05
6.74415e-05
7.4021e-05
6.66357e-05
7.31528e-05
6.36847e-05
6.98511e-05
5.83421e-05
6.43629e-05
4.98429e-05
5.70019e-05
3.64482e-05
4.84485e-05
1.4551e-05
3.81346e-05
-2.18538e-05
2.07799e-05
-8.53465e-05
1.2507e-05
-0.000149294
1.06814e-05
-0.000173157
-0.000248085
1.53792e-05
2.58562e-05
2.23897e-05
3.1396e-05
3.01996e-05
3.74648e-05
3.84413e-05
4.37889e-05
4.66146e-05
4.99442e-05
5.41606e-05
5.54362e-05
6.05426e-05
5.97998e-05
6.5317e-05
6.2667e-05
6.81884e-05
6.37643e-05
6.90486e-05
6.28245e-05
6.80008e-05
5.93899e-05
6.53584e-05
5.24853e-05
6.16512e-05
4.01555e-05
5.73607e-05
1.88417e-05
5.27523e-05
-1.72453e-05
4.07795e-05
-7.33733e-05
2.25601e-05
-0.000131074
1.73281e-05
-0.000167925
-0.000230757
1.02499e-05
2.07965e-05
1.62764e-05
2.53694e-05
2.31681e-05
3.05731e-05
3.06632e-05
3.62937e-05
3.83546e-05
4.22528e-05
4.5753e-05
4.80378e-05
5.23713e-05
5.31814e-05
5.7802e-05
5.72363e-05
6.17754e-05
5.97908e-05
6.42003e-05
6.03995e-05
6.51841e-05
5.84061e-05
6.50195e-05
5.26499e-05
6.40924e-05
4.10826e-05
6.253e-05
2.04042e-05
5.88373e-05
-1.35524e-05
4.77728e-05
-6.23086e-05
3.10873e-05
-0.000114388
1.9537e-05
-0.000156375
-0.00021122
5.50238e-06
1.66723e-05
1.05273e-05
2.03444e-05
1.64396e-05
2.46608e-05
2.30933e-05
2.96399e-05
3.01909e-05
3.51551e-05
3.73237e-05
4.09049e-05
4.40535e-05
4.64516e-05
4.9999e-05
5.12907e-05
5.49015e-05
5.48883e-05
5.86642e-05
5.66368e-05
6.13599e-05
5.57103e-05
6.31857e-05
5.08242e-05
6.42965e-05
3.99718e-05
6.4346e-05
2.03548e-05
6.15797e-05
-1.07859e-05
5.25628e-05
-5.32916e-05
3.74484e-05
-9.92737e-05
2.22168e-05
-0.000141143
-0.000189003
1.25918e-06
1.34288e-05
5.30395e-06
1.62996e-05
1.0208e-05
1.97567e-05
1.59361e-05
2.39118e-05
2.23163e-05
2.87748e-05
2.90412e-05
3.418e-05
3.57308e-05
3.97619e-05
4.20242e-05
4.49973e-05
4.76569e-05
4.92556e-05
5.25025e-05
5.17912e-05
5.65681e-05
5.16447e-05
5.99207e-05
4.74715e-05
6.24897e-05
3.74028e-05
6.36558e-05
1.91887e-05
6.17041e-05
-8.83421e-06
5.41497e-05
-4.57372e-05
4.08501e-05
-8.5974e-05
2.39373e-05
-0.00012423
-0.000165066
-2.41904e-06
1.0974e-05
7.05737e-07
1.31749e-05
4.61308e-06
1.58494e-05
9.36159e-06
1.91633e-05
1.49042e-05
2.32322e-05
2.10587e-05
2.80255e-05
2.75262e-05
3.32945e-05
3.39719e-05
3.85517e-05
4.01145e-05
4.31129e-05
4.57781e-05
4.61276e-05
5.08833e-05
4.65395e-05
5.53591e-05
4.29957e-05
5.89434e-05
3.38185e-05
6.08597e-05
1.72723e-05
5.95716e-05
-7.54609e-06
5.31993e-05
-3.9365e-05
4.12154e-05
-7.39901e-05
2.42051e-05
-0.00010722
-0.000140861
-5.54175e-06
9.20317e-06
-3.23488e-06
1.0868e-05
-2.66101e-07
1.28807e-05
3.49095e-06
1.54063e-05
8.10403e-06
1.86191e-05
1.35216e-05
2.26079e-05
1.95585e-05
2.72577e-05
2.59294e-05
3.21808e-05
3.23394e-05
3.6703e-05
3.85514e-05
3.99155e-05
4.43881e-05
4.07027e-05
4.96465e-05
3.77373e-05
5.39189e-05
2.95461e-05
5.6361e-05
1.48302e-05
5.56169e-05
-6.80206e-06
5.01761e-05
-3.39242e-05
3.93889e-05
-6.32031e-05
2.31908e-05
-9.10221e-05
-0.00011767
-8.16768e-06
8.02368e-06
-6.56391e-06
9.26432e-06
-4.42396e-06
1.07408e-05
-1.60883e-06
1.25913e-05
2.02817e-06
1.49822e-05
6.56789e-06
1.80682e-05
1.19556e-05
2.187e-05
1.79947e-05
2.61416e-05
2.44013e-05
3.02964e-05
3.0882e-05
3.34349e-05
3.71608e-05
3.44239e-05
4.29172e-05
3.19808e-05
4.76422e-05
2.48212e-05
5.04789e-05
1.19934e-05
5.02231e-05
-6.54622e-06
4.56323e-05
-2.93335e-05
3.60258e-05
-5.35966e-05
2.11392e-05
-7.61359e-05
-9.65309e-05
-1.03734e-05
7.35574e-06
-9.37015e-06
8.26112e-06
-7.93756e-06
9.30827e-06
-5.94983e-06
1.06036e-05
-3.2516e-06
1.22841e-05
3.21971e-07
1.44947e-05
4.86161e-06
1.73305e-05
1.02985e-05
2.07048e-05
1.64001e-05
2.4195e-05
2.28472e-05
2.69877e-05
2.92793e-05
2.79919e-05
3.52793e-05
2.59808e-05
4.02761e-05
1.98244e-05
4.34331e-05
8.83629e-06
4.36751e-05
-6.78816e-06
3.99288e-05
-2.55873e-05
3.15453e-05
-4.52131e-05
1.83477e-05
-6.29382e-05
-7.81835e-05
-1.22425e-05
7.13292e-06
-1.17499e-05
7.76865e-06
-1.09126e-05
8.47106e-06
-9.62585e-06
9.31694e-06
-7.74968e-06
1.0408e-05
-5.11506e-06
1.18602e-05
-1.5528e-06
1.37683e-05
3.02346e-06
1.61286e-05
8.50346e-06
1.8715e-05
1.45822e-05
2.0909e-05
2.08543e-05
2.17199e-05
2.68375e-05
1.99976e-05
3.19364e-05
1.47255e-05
3.53536e-05
5.41913e-06
3.61166e-05
-7.55113e-06
3.32652e-05
-2.27359e-05
2.61964e-05
-3.81442e-05
1.49183e-05
-5.16604e-05
-6.3265e-05
-1.38522e-05
7.29849e-06
-1.37917e-05
7.70817e-06
-1.34476e-05
8.12705e-06
-1.27384e-05
8.60782e-06
-1.15502e-05
9.21993e-06
-9.73501e-06
1.00451e-05
-7.12285e-06
1.11562e-05
-3.56428e-06
1.25701e-05
9.89576e-07
1.41612e-05
6.34938e-06
1.55492e-05
1.21053e-05
1.5964e-05
1.77662e-05
1.43367e-05
2.27616e-05
9.73006e-06
2.63415e-05
1.83928e-06
2.76061e-05
-8.8157e-06
2.56921e-05
-2.08219e-05
2.00664e-05
-3.25186e-05
1.10303e-05
-4.2624e-05
-5.22349e-05
-1.52583e-05
7.79809e-06
-1.55559e-05
8.00584e-06
-1.56108e-05
8.18203e-06
-1.53616e-05
8.35866e-06
-1.47216e-05
8.57994e-06
-1.35745e-05
8.89804e-06
-1.17775e-05
9.35928e-06
-9.18372e-06
9.97628e-06
-5.69912e-06
1.06766e-05
-1.37466e-06
1.12247e-05
3.48987e-06
1.10995e-05
8.47092e-06
9.35562e-06
1.30936e-05
5.10742e-06
1.66342e-05
-1.70133e-06
1.82389e-05
-1.04204e-05
1.72309e-05
-1.98139e-05
1.32904e-05
-2.85779e-05
7.00058e-06
-3.63346e-05
-4.52342e-05
-1.64731e-05
8.56294e-06
-1.70511e-05
8.58391e-06
-1.74138e-05
8.54481e-06
-1.7512e-05
8.45686e-06
-1.72801e-05
8.34821e-06
-1.66322e-05
8.25014e-06
-1.54597e-05
8.1869e-06
-1.36431e-05
8.15978e-06
-1.10887e-05
8.1222e-06
-7.81874e-06
7.95488e-06
-4.10342e-06
7.38422e-06
-8.00734e-08
5.33235e-06
3.92263e-06
1.1048e-06
7.14212e-06
-4.92073e-06
8.826e-06
-1.21042e-05
8.67507e-06
-1.96628e-05
6.76103e-06
-2.66639e-05
3.77823e-06
-3.33514e-05
-4.14559e-05
-1.74311e-05
9.50088e-06
-1.82147e-05
9.36764e-06
-1.87949e-05
9.12506e-06
-1.91294e-05
8.79142e-06
-1.9167e-05
8.38592e-06
-1.88418e-05
7.9251e-06
-1.80697e-05
7.41488e-06
-1.67499e-05
6.84002e-06
-1.4778e-05
6.15041e-06
-1.21144e-05
5.2914e-06
-9.19319e-06
4.4631e-06
-5.82439e-06
1.96366e-06
-2.24655e-06
-2.47291e-06
5.12032e-07
-7.67918e-06
2.11283e-06
-1.37049e-05
2.63237e-06
-2.01822e-05
2.61979e-06
-2.66511e-05
2.48479e-06
-3.32163e-05
-3.8971e-05
-1.79983e-05
-1.89217e-05
-1.96286e-05
-2.00884e-05
-2.02582e-05
-2.00807e-05
-1.94792e-05
-1.83486e-05
-1.65268e-05
-1.36815e-05
-9.41022e-06
-5.27703e-06
-2.61591e-06
-1.01841e-06
-1.76718e-07
2.54684e-07
7.32789e-07
4.10141e-06
)
;

boundaryField
{
    leftWall
    {
        type            calculated;
        value           uniform 0;
    }
    rightWall
    {
        type            calculated;
        value           uniform 0;
    }
    lowerWall
    {
        type            calculated;
        value           uniform 0;
    }
    atmosphere
    {
        type            calculated;
        value           nonuniform List<scalar> 
46
(
7.08082e-06
-4.06097e-07
-1.97775e-06
-2.32744e-06
-2.44019e-06
-2.43311e-06
-2.32591e-06
-2.11455e-06
-1.78775e-06
-1.32962e-06
-7.13185e-07
7.16107e-08
1.14289e-06
2.28956e-06
3.4594e-06
4.59258e-06
5.66273e-06
6.63764e-06
7.48957e-06
8.20328e-06
8.77381e-06
9.20869e-06
9.53158e-06
4.53952e-06
4.5636e-06
4.56762e-06
4.55185e-06
1.06351e-05
1.02911e-05
9.83196e-06
9.25127e-06
8.55571e-06
7.74761e-06
6.81344e-06
5.70947e-06
4.32864e-06
2.44619e-06
1.91828e-07
-2.16949e-06
-5.13399e-06
-9.27663e-06
-1.45465e-05
-2.06136e-05
-2.71292e-05
-3.65849e-05
-3.48696e-05
)
;
    }
    defaultFaces
    {
        type            empty;
    }
}


// ************************************************************************* //
