/*--------------------------------*- C++ -*----------------------------------*\
  =========                 |
  \\      /  F ield         | OpenFOAM: The Open Source CFD Toolbox
   \\    /   O peration     | Website:  https://openfoam.org
    \\  /    A nd           | Version:  13
     \\/     M anipulation  |
\*---------------------------------------------------------------------------*/
FoamFile
{
    format      ascii;
    class       volVectorField;
    location    "2.2";
    object      U;
}
// * * * * * * * * * * * * * * * * * * * * * * * * * * * * * * * * * * * * * //

dimensions      [0 1 -1 0 0 0 0];

internalField   nonuniform List<vector> 
2268
(
(0.0135742 -0.00686565 0)
(0.0279972 -0.00335866 0)
(0.0389311 -0.00260944 0)
(0.0511284 -0.00248812 0)
(0.0620733 -0.00220949 0)
(0.0710189 -0.00168492 0)
(0.0771984 -0.000989473 0)
(0.0803308 -0.000234465 0)
(0.0806131 0.000458648 0)
(0.0784821 0.00106427 0)
(0.0743983 0.00155729 0)
(0.0687256 0.0019275 0)
(0.0619125 0.0021334 0)
(0.0545107 0.00218511 0)
(0.0469486 0.00217091 0)
(0.0394059 0.00215416 0)
(0.0320136 0.00208887 0)
(0.0250008 0.00190457 0)
(0.0186715 0.001515 0)
(0.0135373 0.000869229 0)
(0.0098392 2.03537e-05 0)
(0.00921029 -0.000321767 0)
(0.00788807 0.0029454 0)
(0.00927978 -0.013721 0)
(0.0248508 -0.0101701 0)
(0.0389452 -0.00976409 0)
(0.0539477 -0.00908189 0)
(0.0668612 -0.00768639 0)
(0.0768938 -0.0057224 0)
(0.0835378 -0.00346017 0)
(0.0867076 -0.00119404 0)
(0.0866848 0.000814382 0)
(0.0840548 0.00245863 0)
(0.0794287 0.00375943 0)
(0.0732253 0.00475277 0)
(0.0658798 0.00537719 0)
(0.057941 0.0056203 0)
(0.0498676 0.00563694 0)
(0.0419096 0.00555218 0)
(0.034227 0.00534438 0)
(0.0269858 0.00495401 0)
(0.0203279 0.00431745 0)
(0.0144499 0.00335252 0)
(0.00935049 0.00207703 0)
(0.00629503 0.00128366 0)
(0.00334666 0.00555945 0)
(0.00725506 -0.0203017 0)
(0.0240243 -0.0171946 0)
(0.0397669 -0.0168252 0)
(0.0557545 -0.0155148 0)
(0.0692212 -0.0129481 0)
(0.0794586 -0.00949858 0)
(0.0861186 -0.00566244 0)
(0.0892058 -0.00186964 0)
(0.0890227 0.00143248 0)
(0.0861997 0.00408192 0)
(0.0813993 0.00615433 0)
(0.0750724 0.00782291 0)
(0.0676241 0.00888676 0)
(0.0595802 0.00933416 0)
(0.0514166 0.00937971 0)
(0.0434294 0.00921035 0)
(0.0357954 0.00883129 0)
(0.0286412 0.00820785 0)
(0.0220172 0.00730414 0)
(0.0159404 0.00603683 0)
(0.0102317 0.00438589 0)
(0.00585115 0.0031249 0)
(0.000633752 0.00705171 0)
(0.00658757 -0.0269766 0)
(0.0238361 -0.0251073 0)
(0.0404848 -0.0244871 0)
(0.0567391 -0.0223196 0)
(0.070224 -0.0184389 0)
(0.0803405 -0.0134228 0)
(0.0868776 -0.00794238 0)
(0.0899081 -0.00253695 0)
(0.0897022 0.00220099 0)
(0.0868807 0.00599986 0)
(0.0821525 0.00895546 0)
(0.0759358 0.0112011 0)
(0.0685956 0.0127207 0)
(0.0606634 0.0133543 0)
(0.0526019 0.0133802 0)
(0.044752 0.013059 0)
(0.0373126 0.012453 0)
(0.0303799 0.0115681 0)
(0.0239438 0.0104201 0)
(0.017907 0.00895815 0)
(0.0119584 0.00716781 0)
(0.00677697 0.00579164 0)
(-0.000456725 0.00859054 0)
(0.00682047 -0.0341659 0)
(0.0237255 -0.0340155 0)
(0.0406018 -0.0329533 0)
(0.0565423 -0.0296731 0)
(0.0696379 -0.0242422 0)
(0.0794298 -0.0174623 0)
(0.0858287 -0.0102677 0)
(0.0889287 -0.00324304 0)
(0.0889141 0.00294999 0)
(0.0863307 0.00789798 0)
(0.0817886 0.0116356 0)
(0.0758436 0.0144983 0)
(0.0689037 0.0162874 0)
(0.0613033 0.0169574 0)
(0.0535255 0.0168269 0)
(0.0459835 0.016247 0)
(0.0389025 0.0153524 0)
(0.0323336 0.0141992 0)
(0.026232 0.0128435 0)
(0.020429 0.0112716 0)
(0.0144986 0.00949358 0)
(0.00874174 0.00814151 0)
(0.000152259 0.00937047 0)
(0.0072892 -0.0414081 0)
(0.023072 -0.0429657 0)
(0.0397346 -0.0415144 0)
(0.0549274 -0.0369761 0)
(0.0672828 -0.0299633 0)
(0.0765114 -0.0214521 0)
(0.0826498 -0.0125956 0)
(0.085883 -0.00405676 0)
(0.0862854 0.0033739 0)
(0.0841962 0.00915323 0)
(0.0802396 0.0134529 0)
(0.0748698 0.0167374 0)
(0.0685159 0.01886 0)
(0.0616183 0.0197464 0)
(0.0544045 0.0197007 0)
(0.0474181 0.0190527 0)
(0.0409888 0.018023 0)
(0.0350831 0.0167105 0)
(0.0295989 0.0152222 0)
(0.0243329 0.0135971 0)
(0.0187347 0.011876 0)
(0.0127826 0.0105826 0)
(0.00446679 0.0103474 0)
(0.00835484 -0.0462741 0)
(0.0218682 -0.0487787 0)
(0.0375961 -0.0468467 0)
(0.0512893 -0.0413468 0)
(0.0622632 -0.0334366 0)
(0.0706589 -0.0239921 0)
(0.0765015 -0.0142222 0)
(0.0799406 -0.00475948 0)
(0.0810513 0.00365497 0)
(0.0799279 0.0103871 0)
(0.076763 0.0155109 0)
(0.072292 0.0190776 0)
(0.0672453 0.0214034 0)
(0.0615424 0.0224152 0)
(0.055329 0.0223617 0)
(0.0493919 0.0215552 0)
(0.0443283 0.0203822 0)
(0.0398902 0.0189385 0)
(0.0358536 0.0173864 0)
(0.0319424 0.0158618 0)
(0.0273207 0.0145165 0)
(0.0209656 0.0141178 0)
(0.0145649 0.0192636 0)
(0.0113184 -0.0527512 0)
(0.0214567 -0.0563339 0)
(0.0347074 -0.0537108 0)
(0.0455585 -0.0469356 0)
(0.0541806 -0.0377422 0)
(0.0608794 -0.0269582 0)
(0.0659385 -0.0160686 0)
(0.0694378 -0.00572583 0)
(0.0710066 0.00348506 0)
(0.0697678 0.0108955 0)
(0.0660952 0.0167617 0)
(0.0616379 0.021793 0)
(0.0575027 0.0250612 0)
(0.0541149 0.0269959 0)
(0.0516304 0.0273342 0)
(0.0500826 0.0260856 0)
(0.049211 0.0243035 0)
(0.0486464 0.0224184 0)
(0.0480332 0.0206089 0)
(0.0469808 0.019202 0)
(0.0442659 0.0187025 0)
(0.0383607 0.0204452 0)
(0.0302617 0.0344008 0)
(0.00340589 -0.00068153 0)
(0.00603762 0.000236687 0)
(0.00845478 -0.000443398 0)
(0.00973147 -0.00135648 0)
(0.0116688 -0.00105741 0)
(0.0139893 -0.00368333 0)
(0.0157447 -0.00165366 0)
(0.0111739 0.00274943 0)
(0.00266611 0.0028397 0)
(-0.00427384 0.000713728 0)
(-0.00540285 -0.00177073 0)
(-0.00238042 -0.00207544 0)
(-0.00914845 0.00676135 0)
(-0.0350613 0.00982493 0)
(-0.0519173 0.00283593 0)
(-0.0556502 -0.00112361 0)
(-0.0522076 -0.00271833 0)
(-0.0373242 -0.00581033 0)
(-0.00832831 -0.00414892 0)
(0.0055756 -0.00264098 0)
(0.0169198 -0.00262114 0)
(0.0219204 -0.00117077 0)
(0.0240846 -0.000745757 0)
(0.0277491 -8.01052e-05 0)
(0.0254066 -0.000635521 0)
(0.0180937 0.00178954 0)
(0.0147348 0.00317605 0)
(0.0133435 0.00384546 0)
(0.00810632 0.00307519 0)
(0.000437748 0.0016568 0)
(-0.00908993 0.00248064 0)
(-0.0187668 0.0101243 0)
(-0.0285511 0.0135966 0)
(-0.0410717 0.00764773 0)
(-0.0526712 0.00192392 0)
(-0.0556202 -0.00504907 0)
(-0.0446121 -0.0151814 0)
(-0.0132613 -0.0163465 0)
(0.00736708 -0.0108723 0)
(0.0234457 -0.00901646 0)
(0.0304552 -0.00238167 0)
(0.0342315 -0.00284573 0)
(0.0387301 -0.0012266 0)
(0.0357518 0.0024847 0)
(0.0271769 0.00501254 0)
(0.0248381 0.00439013 0)
(0.0246221 0.00571035 0)
(0.0174561 0.00616341 0)
(0.0032195 0.00531115 0)
(-0.0147369 0.00699491 0)
(-0.0265117 0.0124231 0)
(-0.0319653 0.0167164 0)
(-0.0412027 0.0118098 0)
(-0.0522817 0.0055156 0)
(-0.0559619 -0.00568523 0)
(-0.0495843 -0.0214547 0)
(-0.0234635 -0.0279218 0)
(0.00290441 -0.0155129 0)
(0.0190494 -0.015019 0)
(0.0266795 -0.00475647 0)
(0.0299552 -0.00552517 0)
(0.032237 -0.00180121 0)
(0.0331407 0.00513255 0)
(0.0344503 0.00685853 0)
(0.0386173 0.00410605 0)
(0.0429584 0.00684023 0)
(0.0319761 0.0122227 0)
(0.00860724 0.0124124 0)
(-0.0179967 0.0137581 0)
(-0.0340558 0.0148938 0)
(-0.0392649 0.0189583 0)
(-0.0436201 0.0149546 0)
(-0.0516214 0.00820626 0)
(-0.05375 -0.0067802 0)
(-0.050536 -0.0257795 0)
(-0.0348736 -0.0498949 0)
(0.00961932 -0.018619 0)
(0.0170204 -0.0172255 0)
(0.0209194 -0.00675636 0)
(0.0194634 -0.00487938 0)
(0.0139809 -0.00175347 0)
(0.0167032 0.0024883 0)
(0.0270726 0.00266236 0)
(0.0375791 -0.000361842 0)
(0.0456707 0.00511033 0)
(0.0426076 0.0230012 0)
(0.0281247 0.0255313 0)
(-0.00278806 0.0283271 0)
(-0.0302821 0.0211301 0)
(-0.0383467 0.0201839 0)
(-0.0413387 0.0173309 0)
(-0.0465939 0.0102273 0)
(-0.0438922 -0.00869796 0)
(-0.0382664 -0.029287 0)
(-0.0183111 -0.0626666 0)
(0.0227402 -0.0259304 0)
(0.0191418 -0.0167914 0)
(0.0176326 -0.00728548 0)
(0.0115628 -0.00171847 0)
(0.00244548 -0.00123852 0)
(0.00450047 -0.00159489 0)
(0.0174421 -0.00298709 0)
(0.0284454 -0.00326922 0)
(0.0315061 0.00416819 0)
(0.0301716 0.0257146 0)
(0.0247344 0.0296191 0)
(0.0186744 0.0423196 0)
(-0.00771105 0.0311728 0)
(-0.0290048 0.0224192 0)
(-0.0369355 0.019637 0)
(-0.0363658 0.0107271 0)
(-0.0276047 -0.0109505 0)
(-0.0145067 -0.0341359 0)
(0.00956766 -0.0759799 0)
(0.0307667 -0.0426303 0)
(0.0238633 -0.0143797 0)
(0.0174506 -0.00537051 0)
(0.00884054 0.0026881 0)
(-0.000864866 0.000700572 0)
(-0.00208948 -0.00429552 0)
(0.0062278 -0.00693021 0)
(0.0135927 -0.00422663 0)
(0.0133694 0.00407311 0)
(0.0128853 0.0252889 0)
(0.0127973 0.0308691 0)
(0.0116157 0.0410937 0)
(0.00729966 0.0457569 0)
(-0.00877316 0.0283098 0)
(-0.0241981 0.0214513 0)
(-0.0224175 0.00604901 0)
(-0.00952473 -0.0173692 0)
(0.00573549 -0.0436258 0)
(0.0257724 -0.0696312 0)
(0.029792 -0.0544675 0)
(0.0264866 -0.011097 0)
(0.0187147 -0.000667997 0)
(0.00932955 0.00673812 0)
(-0.00084157 0.00423434 0)
(-0.00718257 -0.00440917 0)
(-0.00620519 -0.00910669 0)
(-0.0044062 -0.00615447 0)
(-0.00373269 0.00459405 0)
(-0.0018343 0.0238298 0)
(0.000501733 0.031248 0)
(0.000888318 0.0405826 0)
(0.00151512 0.044285 0)
(-0.00434761 0.0372283 0)
(-0.0111492 0.0249947 0)
(-0.00839892 0.00243653 0)
(0.00315709 -0.0243271 0)
(0.0215642 -0.0558016 0)
(0.0494983 -0.0589224 0)
(0.0150134 -0.0705024 0)
(0.0188797 -0.0660147 0)
(0.0258405 -0.0617412 0)
(0.0295682 -0.0534723 0)
(0.0312142 -0.0437071 0)
(0.0312985 -0.0322715 0)
(0.0301478 -0.0201464 0)
(0.028145 -0.00767276 0)
(0.0258862 0.00454278 0)
(0.0248173 0.0151634 0)
(0.0260228 0.0222438 0)
(0.0288804 0.0252557 0)
(0.0326455 0.0266959 0)
(0.0367541 0.0267808 0)
(0.041063 0.0257279 0)
(0.0453224 0.0238593 0)
(0.049266 0.0219171 0)
(0.0526105 0.0201959 0)
(0.0551109 0.0188495 0)
(0.0564033 0.018386 0)
(0.0551778 0.0202254 0)
(0.0510587 0.0261608 0)
(0.0496735 0.0418492 0)
(-0.0115167 -0.0757051 0)
(-0.0130804 -0.0727344 0)
(-0.0178131 -0.0657136 0)
(-0.0227902 -0.0545913 0)
(-0.02704 -0.0417487 0)
(-0.0296341 -0.0286749 0)
(-0.0296837 -0.0164216 0)
(-0.0272573 -0.00550767 0)
(-0.022611 0.00317803 0)
(-0.0163038 0.00946711 0)
(-0.00902725 0.0135276 0)
(-0.00140212 0.0162622 0)
(0.00624037 0.0178364 0)
(0.0136077 0.0185599 0)
(0.0205333 0.0182426 0)
(0.0269657 0.0172432 0)
(0.032563 0.0162107 0)
(0.0369685 0.0157573 0)
(0.039935 0.0159722 0)
(0.0415358 0.0169281 0)
(0.0413883 0.0219854 0)
(0.0391074 0.0296116 0)
(0.0417478 0.0398718 0)
(-0.0162902 -0.050044 0)
(-0.0297964 -0.0548956 0)
(-0.0417662 -0.0510755 0)
(-0.0513994 -0.0433636 0)
(-0.0581941 -0.0345482 0)
(-0.0617235 -0.0260557 0)
(-0.061683 -0.018281 0)
(-0.058586 -0.0106032 0)
(-0.0532686 -0.00401978 0)
(-0.0463512 0.00109902 0)
(-0.0386307 0.00479749 0)
(-0.0306333 0.00712681 0)
(-0.0226831 0.00899012 0)
(-0.0152693 0.0105166 0)
(-0.00856916 0.0107835 0)
(-0.00240808 0.0105575 0)
(0.00271413 0.0110849 0)
(0.00600068 0.0125664 0)
(0.00757108 0.0146819 0)
(0.00771041 0.016812 0)
(0.00745114 0.0237424 0)
(0.00584471 0.0318809 0)
(0.00333152 0.0413998 0)
(-0.0135106 -0.0284793 0)
(-0.0378412 -0.0366486 0)
(-0.0557735 -0.0372073 0)
(-0.0697554 -0.0333787 0)
(-0.0795994 -0.028154 0)
(-0.0854238 -0.0233719 0)
(-0.0871401 -0.0195244 0)
(-0.085676 -0.0142186 0)
(-0.0824033 -0.00945688 0)
(-0.077546 -0.00560158 0)
(-0.071789 -0.00231637 0)
(-0.0657676 -2.3904e-05 0)
(-0.0596743 0.0024594 0)
(-0.054059 0.00508058 0)
(-0.049112 0.00631089 0)
(-0.0447109 0.00688556 0)
(-0.0412027 0.00936938 0)
(-0.0395581 0.0125443 0)
(-0.0390474 0.0149031 0)
(-0.0390027 0.01697 0)
(-0.039909 0.0235309 0)
(-0.0394527 0.033009 0)
(-0.0375295 0.0408333 0)
(-0.0175767 -0.00772251 0)
(-0.0525515 -0.0149762 0)
(-0.0765673 -0.0203246 0)
(-0.0949102 -0.020837 0)
(-0.107626 -0.0200514 0)
(-0.115516 -0.0193456 0)
(-0.119405 -0.0189847 0)
(-0.121131 -0.01511 0)
(-0.121354 -0.0117822 0)
(-0.120144 -0.00906909 0)
(-0.117846 -0.00601887 0)
(-0.115009 -0.00385245 0)
(-0.112043 -0.00109836 0)
(-0.108614 0.00157041 0)
(-0.104475 0.00200323 0)
(-0.100608 0.00233908 0)
(-0.096957 0.00601521 0)
(-0.0932212 0.00945682 0)
(-0.0892563 0.0116572 0)
(-0.0848386 0.0160736 0)
(-0.0807607 0.0218007 0)
(-0.0755904 0.0294028 0)
(-0.0669106 0.0333797 0)
(-0.037728 0.0490035 0)
(-0.0826615 0.0260351 0)
(-0.114361 0.0078787 0)
(-0.136733 -0.0016466 0)
(-0.150884 -0.00782806 0)
(-0.159872 -0.0120304 0)
(-0.16606 -0.014949 0)
(-0.171351 -0.0130164 0)
(-0.174884 -0.0116514 0)
(-0.176651 -0.0104432 0)
(-0.177017 -0.00835746 0)
(-0.175575 -0.00711298 0)
(-0.172278 -0.00576844 0)
(-0.167077 -0.00470033 0)
(-0.160005 -0.00410855 0)
(-0.151747 -0.00303258 0)
(-0.143146 0.000227553 0)
(-0.133646 0.00344081 0)
(-0.12456 0.00593943 0)
(-0.116773 0.0102808 0)
(-0.108939 0.0153487 0)
(-0.099605 0.0206599 0)
(-0.0880612 0.0224731 0)
(-0.0618994 0.0834828 0)
(-0.109621 0.0530153 0)
(-0.149038 0.0294096 0)
(-0.174366 0.0148159 0)
(-0.190198 0.00513716 0)
(-0.201496 -0.00122337 0)
(-0.2102 -0.00500756 0)
(-0.216613 -0.00537988 0)
(-0.220643 -0.00584183 0)
(-0.223025 -0.00692663 0)
(-0.222857 -0.0081786 0)
(-0.219476 -0.00963543 0)
(-0.21357 -0.0104786 0)
(-0.205546 -0.011718 0)
(-0.196101 -0.0128536 0)
(-0.185436 -0.0128841 0)
(-0.173484 -0.0108164 0)
(-0.160927 -0.00772641 0)
(-0.149052 -0.00412232 0)
(-0.138195 0.000630222 0)
(-0.127332 0.00534668 0)
(-0.115623 0.0091541 0)
(-0.10332 0.0102863 0)
(-0.063908 0.153572 0)
(-0.108131 0.0991211 0)
(-0.165281 0.051375 0)
(-0.198535 0.0250037 0)
(-0.217301 0.0104269 0)
(-0.22931 0.00235847 0)
(-0.236971 -0.00142137 0)
(-0.242772 -0.00167095 0)
(-0.24711 -0.00233114 0)
(-0.24975 -0.00513768 0)
(-0.249512 -0.00974473 0)
(-0.245198 -0.0145686 0)
(-0.238026 -0.0180616 0)
(-0.229339 -0.0211694 0)
(-0.218982 -0.0245973 0)
(-0.206723 -0.026495 0)
(-0.192956 -0.025849 0)
(-0.178647 -0.0231843 0)
(-0.164735 -0.0187077 0)
(-0.151695 -0.0132463 0)
(-0.13903 -0.00876045 0)
(-0.125837 -0.00552128 0)
(-0.112861 -0.00361527 0)
(-0.145623 0.262284 0)
(-0.0477055 0.153966 0)
(-0.117005 0.0831881 0)
(-0.172377 0.030258 0)
(-0.218525 0.0101069 0)
(-0.244854 0.0040424 0)
(-0.253816 0.000215406 0)
(-0.258254 -0.0026134 0)
(-0.26151 -0.00392931 0)
(-0.263363 -0.00784682 0)
(-0.261614 -0.0143919 0)
(-0.256861 -0.0203617 0)
(-0.250127 -0.0244922 0)
(-0.241858 -0.0288814 0)
(-0.231804 -0.034414 0)
(-0.219307 -0.0382699 0)
(-0.205098 -0.0387498 0)
(-0.189753 -0.036322 0)
(-0.174304 -0.030964 0)
(-0.159912 -0.024501 0)
(-0.14594 -0.0201863 0)
(-0.130973 -0.01616 0)
(-0.117955 -0.011364 0)
(0.0467194 0.467142 0)
(0.0647617 0.22805 0)
(-0.00676409 0.259105 0)
(-0.0768622 0.188256 0)
(-0.130735 0.131528 0)
(-0.184877 0.0474347 0)
(-0.219985 0.00119111 0)
(-0.244532 -0.00655257 0)
(-0.255568 -0.00928601 0)
(-0.26214 -0.0136181 0)
(-0.263024 -0.0198306 0)
(-0.25888 -0.0265269 0)
(-0.253519 -0.0302774 0)
(-0.246389 -0.0355868 0)
(-0.237199 -0.042161 0)
(-0.226178 -0.0468728 0)
(-0.212345 -0.0476117 0)
(-0.197118 -0.0449313 0)
(-0.181183 -0.040192 0)
(-0.164217 -0.0328895 0)
(-0.147837 -0.0284152 0)
(-0.132549 -0.0258075 0)
(-0.114917 -0.0194468 0)
(0.0620116 0.052567 0)
(0.0669497 0.256222 0)
(0.0228534 0.250891 0)
(-0.00566739 0.197431 0)
(-0.0364835 0.141189 0)
(-0.0609498 0.108659 0)
(-0.0942291 0.0780364 0)
(-0.132896 0.0575849 0)
(-0.166837 0.0403629 0)
(-0.191795 0.0177344 0)
(-0.220043 -0.0169144 0)
(-0.235864 -0.0347319 0)
(-0.241313 -0.0406036 0)
(-0.23824 -0.0441697 0)
(-0.2315 -0.0508402 0)
(-0.224219 -0.0539711 0)
(-0.214572 -0.0524984 0)
(-0.200349 -0.0502384 0)
(-0.185048 -0.0439548 0)
(-0.167609 -0.0364475 0)
(-0.14729 -0.0346166 0)
(-0.12939 -0.0373717 0)
(-0.116219 -0.0331175 0)
(-0.010456 0.239711 0)
(-7.9388e-05 0.251536 0)
(0.0258159 0.23956 0)
(0.0351273 0.205626 0)
(0.0261593 0.162287 0)
(0.00491449 0.1159 0)
(-0.0237509 0.0936719 0)
(-0.0545322 0.0793287 0)
(-0.0799825 0.0571025 0)
(-0.0966442 0.0350454 0)
(-0.106791 0.0138806 0)
(-0.119521 -0.011744 0)
(-0.132454 -0.0304312 0)
(-0.143738 -0.0515021 0)
(-0.153941 -0.0708502 0)
(-0.161601 -0.0868469 0)
(-0.164776 -0.0998683 0)
(-0.165642 -0.107503 0)
(-0.163537 -0.109379 0)
(-0.156359 -0.104127 0)
(-0.149547 -0.0988701 0)
(-0.145046 -0.0906491 0)
(-0.138177 -0.0726231 0)
(-0.00342894 0.167411 0)
(0.0118242 0.208095 0)
(0.0365187 0.212844 0)
(0.0528376 0.196062 0)
(0.0559094 0.167243 0)
(0.0446727 0.136967 0)
(0.0252821 0.114529 0)
(0.00717209 0.0971612 0)
(-0.00756828 0.0757204 0)
(-0.0215673 0.04742 0)
(-0.0356355 0.0199217 0)
(-0.0511737 0.00366427 0)
(-0.0676409 -0.0123259 0)
(-0.0829747 -0.0290864 0)
(-0.0980846 -0.0439711 0)
(-0.112545 -0.0568554 0)
(-0.125937 -0.067082 0)
(-0.137818 -0.0741073 0)
(-0.14766 -0.076092 0)
(-0.154766 -0.0732622 0)
(-0.160845 -0.068956 0)
(-0.165188 -0.0626284 0)
(-0.166937 -0.0385247 0)
(0.00110031 0.167721 0)
(0.0179191 0.189867 0)
(0.0383292 0.194361 0)
(0.0551515 0.185598 0)
(0.0632949 0.167619 0)
(0.0614549 0.145824 0)
(0.0532116 0.127149 0)
(0.0438744 0.108791 0)
(0.0350535 0.0849378 0)
(0.0251444 0.0588172 0)
(0.011014 0.0349673 0)
(-0.00489806 0.0173405 0)
(-0.0207229 0.00345665 0)
(-0.037446 -0.0113087 0)
(-0.0547542 -0.0259175 0)
(-0.0721671 -0.0388982 0)
(-0.089106 -0.0495489 0)
(-0.10548 -0.0570352 0)
(-0.120655 -0.0607084 0)
(-0.133678 -0.0604119 0)
(-0.146271 -0.0566111 0)
(-0.155833 -0.0480964 0)
(-0.157378 -0.0307903 0)
(0.00145857 0.162445 0)
(0.017606 0.173773 0)
(0.0342796 0.177021 0)
(0.0500864 0.172901 0)
(0.0610209 0.162207 0)
(0.0655954 0.147842 0)
(0.065346 0.1327 0)
(0.0629196 0.115577 0)
(0.0581747 0.0931325 0)
(0.0506121 0.069827 0)
(0.0394338 0.0483917 0)
(0.0257451 0.0324328 0)
(0.011479 0.0192844 0)
(-0.00347872 0.00515346 0)
(-0.0195939 -0.00890125 0)
(-0.0366168 -0.0217431 0)
(-0.0539718 -0.0326232 0)
(-0.0712896 -0.0408227 0)
(-0.0879482 -0.0455693 0)
(-0.103149 -0.0466143 0)
(-0.117505 -0.0440638 0)
(-0.127272 -0.0374027 0)
(-0.128776 -0.0244272 0)
(0.000429669 0.154123 0)
(0.0143317 0.159385 0)
(0.0277422 0.161386 0)
(0.0419737 0.159433 0)
(0.0538436 0.152986 0)
(0.0619929 0.143121 0)
(0.0668379 0.13117 0)
(0.0692006 0.116603 0)
(0.0684776 0.0979503 0)
(0.0636769 0.0781183 0)
(0.0551469 0.0601484 0)
(0.0443583 0.0456631 0)
(0.0326823 0.033056 0)
(0.020244 0.0198588 0)
(0.00671833 0.00682279 0)
(-0.00798871 -0.00537834 0)
(-0.0236614 -0.016086 0)
(-0.0397687 -0.0245214 0)
(-0.0555988 -0.0301166 0)
(-0.0702666 -0.0324827 0)
(-0.0841732 -0.0315892 0)
(-0.0928611 -0.0274649 0)
(-0.0935585 -0.0188712 0)
(-0.000592279 0.147516 0)
(0.010531 0.147842 0)
(0.0209807 0.148124 0)
(0.0332386 0.146677 0)
(0.0447662 0.142316 0)
(0.0543497 0.135202 0)
(0.0616815 0.125801 0)
(0.0667858 0.113884 0)
(0.0688868 0.0992712 0)
(0.0671918 0.0832967 0)
(0.0620179 0.0683828 0)
(0.0545222 0.0555804 0)
(0.0459528 0.0435852 0)
(0.0364908 0.0315916 0)
(0.0257653 0.0197601 0)
(0.0138502 0.00862706 0)
(0.000969786 -0.00133366 0)
(-0.0126076 -0.00961834 0)
(-0.0262971 -0.0156716 0)
(-0.0392413 -0.0190935 0)
(-0.051372 -0.0198799 0)
(-0.058624 -0.0182252 0)
(-0.0585664 -0.0129127 0)
(-0.00126301 0.14325 0)
(0.00724092 0.139199 0)
(0.0150773 0.137381 0)
(0.025245 0.135411 0)
(0.0356567 0.131805 0)
(0.0452625 0.12623 0)
(0.0534718 0.118721 0)
(0.059856 0.109208 0)
(0.0637794 0.0977385 0)
(0.0646675 0.0853115 0)
(0.0626463 0.0731564 0)
(0.0585878 0.061849 0)
(0.053213 0.0510524 0)
(0.0466441 0.0402828 0)
(0.0388222 0.0297014 0)
(0.0298297 0.0196406 0)
(0.0198685 0.0104833 0)
(0.00919569 0.00261904 0)
(-0.00176985 -0.00356813 0)
(-0.0122067 -0.00777244 0)
(-0.0222814 -0.00992598 0)
(-0.0277033 -0.0102597 0)
(-0.0265613 -0.00756791 0)
(-0.0015649 0.140691 0)
(0.00472419 0.132922 0)
(0.0103937 0.128947 0)
(0.0185943 0.125894 0)
(0.0275623 0.122219 0)
(0.0364372 0.117359 0)
(0.0445706 0.111128 0)
(0.0514249 0.103449 0)
(0.0564269 0.0944397 0)
(0.0591794 0.0846212 0)
(0.0597307 0.0747118 0)
(0.0584897 0.0650668 0)
(0.0558707 0.0555584 0)
(0.0520174 0.0460744 0)
(0.0469552 0.0367079 0)
(0.040781 0.0276921 0)
(0.0336536 0.019325 0)
(0.0257853 0.0119305 0)
(0.0175796 0.00580406 0)
(0.00960067 0.00117423 0)
(0.00185363 -0.00190388 0)
(-0.00205649 -0.00367339 0)
(-8.27072e-05 -0.00294937 0)
(-0.00168784 0.139365 0)
(0.00296917 0.128487 0)
(0.00698672 0.122457 0)
(0.0134621 0.118085 0)
(0.0209605 0.113875 0)
(0.028789 0.10917 0)
(0.036356 0.10367 0)
(0.0431446 0.0972493 0)
(0.0486811 0.0899518 0)
(0.0526371 0.0820607 0)
(0.0549619 0.0739218 0)
(0.055833 0.0657403 0)
(0.0554499 0.0575306 0)
(0.0539072 0.0492665 0)
(0.0512565 0.0410349 0)
(0.0475827 0.0330102 0)
(0.0430081 0.0254258 0)
(0.0376892 0.0185385 0)
(0.0319611 0.0125888 0)
(0.0263951 0.00775453 0)
(0.020654 0.00404634 0)
(0.0183073 0.00129015 0)
(0.0211958 0.000877814 0)
(-0.00164028 0.138804 0)
(0.00185181 0.125425 0)
(0.00471554 0.1175 0)
(0.00980872 0.111776 0)
(0.0159919 0.106804 0)
(0.0227259 0.1019 0)
(0.0295181 0.0967096 0)
(0.0359275 0.0910521 0)
(0.0415672 0.0848907 0)
(0.0461614 0.0783277 0)
(0.0496035 0.0715209 0)
(0.0519247 0.0645704 0)
(0.053196 0.0574973 0)
(0.0534629 0.0503151 0)
(0.0527624 0.0430979 0)
(0.0511539 0.0359799 0)
(0.0487218 0.0291415 0)
(0.0455777 0.0227806 0)
(0.0419999 0.0170941 0)
(0.0383934 0.0122187 0)
(0.0346169 0.00816303 0)
(0.0335992 0.00478384 0)
(0.0371846 0.00369981 0)
(-0.00143968 0.138628 0)
(0.00131069 0.123237 0)
(0.0034206 0.113667 0)
(0.0074932 0.106679 0)
(0.0126013 0.100876 0)
(0.0183385 0.0955802 0)
(0.0243192 0.0904091 0)
(0.0301903 0.0851422 0)
(0.0356441 0.0796746 0)
(0.0404492 0.0739968 0)
(0.0444768 0.0681444 0)
(0.047685 0.0621441 0)
(0.0500704 0.056001 0)
(0.0516359 0.0497292 0)
(0.0523931 0.0433839 0)
(0.0523744 0.0370652 0)
(0.0516296 0.0309078 0)
(0.0502263 0.0250656 0)
(0.0483727 0.0196943 0)
(0.0464851 0.0149077 0)
(0.0441368 0.0107196 0)
(0.0443855 0.00700527 0)
(0.0488292 0.00552463 0)
(-0.00110868 0.138522 0)
(0.0012203 0.121513 0)
(0.00295173 0.11058 0)
(0.00634208 0.102487 0)
(0.0106357 0.0958886 0)
(0.0155398 0.090125 0)
(0.0207658 0.0848038 0)
(0.0260442 0.0796761 0)
(0.0311375 0.0745899 0)
(0.0358577 0.0694656 0)
(0.0400784 0.0642652 0)
(0.0437274 0.058964 0)
(0.0467643 0.0535437 0)
(0.0491635 0.0480045 0)
(0.0509149 0.0423803 0)
(0.0520265 0.0367404 0)
(0.0525182 0.031183 0)
(0.052423 0.0258269 0)
(0.0519082 0.0207942 0)
(0.0512483 0.0161883 0)
(0.0502176 0.01201 0)
(0.0513162 0.00818321 0)
(0.056197 0.00647932 0)
(-0.000664679 0.138233 0)
(0.00152699 0.119907 0)
(0.00316999 0.107922 0)
(0.00616931 0.0989138 0)
(0.00989484 0.0916185 0)
(0.014149 0.0853985 0)
(0.0187231 0.0798554 0)
(0.0234207 0.0747223 0)
(0.028066 0.0698171 0)
(0.0325136 0.0650181 0)
(0.0366543 0.0602433 0)
(0.0404118 0.0554344 0)
(0.0437321 0.0505516 0)
(0.0465763 0.0455785 0)
(0.04892 0.0405286 0)
(0.0507543 0.0354452 0)
(0.0520777 0.030398 0)
(0.0528914 0.0254757 0)
(0.0533175 0.0207782 0)
(0.053652 0.0163931 0)
(0.0534239 0.01232 0)
(0.0552698 0.00849624 0)
(0.0605452 0.00672453 0)
(-0.000185937 0.137497 0)
(0.002146 0.118186 0)
(0.00397223 0.105422 0)
(0.00679213 0.0957058 0)
(0.0101651 0.0878559 0)
(0.0139435 0.0812504 0)
(0.0179831 0.0754875 0)
(0.0221487 0.0702886 0)
(0.0263182 0.0654534 0)
(0.0303871 0.0608363 0)
(0.0342707 0.0563305 0)
(0.0379033 0.0518567 0)
(0.0412328 0.0473595 0)
(0.044218 0.0428087 0)
(0.0468295 0.0382006 0)
(0.0490484 0.0335585 0)
(0.0508572 0.0289291 0)
(0.0522396 0.0243782 0)
(0.0532948 0.0199889 0)
(0.0541936 0.0158286 0)
(0.0546871 0.0119059 0)
(0.0568928 0.00817948 0)
(0.0621385 0.00640732 0)
(0.000397384 0.136102 0)
(0.00307228 0.116195 0)
(0.00520389 0.102861 0)
(0.00803367 0.0926556 0)
(0.0112302 0.0844198 0)
(0.0146834 0.0775392 0)
(0.0183013 0.07161 0)
(0.0220002 0.0663462 0)
(0.025704 0.0615372 0)
(0.0293457 0.057025 0)
(0.0328683 0.0526896 0)
(0.036224 0.0484409 0)
(0.0393715 0.0442141 0)
(0.0422757 0.0399691 0)
(0.0449086 0.0356907 0)
(0.047248 0.0313871 0)
(0.0492689 0.0270884 0)
(0.0509406 0.0228442 0)
(0.0523266 0.0187223 0)
(0.0536443 0.0147813 0)
(0.0544284 0.0110404 0)
(0.0569041 0.0074534 0)
(0.0622381 0.00574359 0)
(0.00109027 0.133927 0)
(0.00419431 0.113743 0)
(0.00674623 0.100085 0)
(0.00972721 0.0896088 0)
(0.0128793 0.0811656 0)
(0.016126 0.0741432 0)
(0.0194197 0.0681345 0)
(0.0227194 0.0628486 0)
(0.025988 0.0580695 0)
(0.0291927 0.0536335 0)
(0.0323036 0.049416 0)
(0.0352937 0.0453224 0)
(0.0381373 0.0412842 0)
(0.0408101 0.0372565 0)
(0.0432904 0.0332171 0)
(0.0455579 0.029165 0)
(0.0475841 0.0251194 0)
(0.0493333 0.0211194 0)
(0.0508613 0.0172217 0)
(0.0522863 0.0134876 0)
(0.053354 0.00992568 0)
(0.0558116 0.00653158 0)
(0.0608549 0.00487482 0)
(0.00188269 0.130885 0)
(0.00546415 0.110697 0)
(0.00848151 0.0969769 0)
(0.0117049 0.0864519 0)
(0.0149044 0.0779848 0)
(0.0180325 0.0709655 0)
(0.0210798 0.0649832 0)
(0.0240418 0.0597436 0)
(0.0269152 0.0550286 0)
(0.0296966 0.0506739 0)
(0.032382 0.0465548 0)
(0.0349653 0.0425779 0)
(0.0374376 0.038675 0)
(0.0397879 0.0348007 0)
(0.0420036 0.0309303 0)
(0.0440697 0.0270587 0)
(0.0459602 0.0231988 0)
(0.0476354 0.0193843 0)
(0.049135 0.0156664 0)
(0.0506248 0.0121052 0)
(0.051657 0.00872274 0)
(0.054104 0.00548966 0)
(0.0589349 0.00390618 0)
(0.00270925 0.126924 0)
(0.00675597 0.106997 0)
(0.0103014 0.0934732 0)
(0.0138149 0.0831153 0)
(0.0171138 0.0748058 0)
(0.0201794 0.0679364 0)
(0.0230363 0.0620937 0)
(0.0257116 0.0569816 0)
(0.0282306 0.0523824 0)
(0.0306158 0.0481343 0)
(0.0328861 0.0441167 0)
(0.0350545 0.0402402 0)
(0.0371291 0.0364411 0)
(0.0391118 0.0326765 0)
(0.041001 0.0289235 0)
(0.0427883 0.0251757 0)
(0.044452 0.0214457 0)
(0.0459563 0.0177628 0)
(0.0473438 0.0141806 0)
(0.0486906 0.0107508 0)
(0.0497506 0.00751935 0)
(0.0520016 0.00443479 0)
(0.0563279 0.00288765 0)
(0.00351367 0.122033 0)
(0.00803321 0.102641 0)
(0.0120976 0.0895551 0)
(0.0159118 0.0795694 0)
(0.0193322 0.07159 0)
(0.022366 0.0650118 0)
(0.0250689 0.0594204 0)
(0.0274961 0.0545197 0)
(0.0296981 0.0500948 0)
(0.0317198 0.0459893 0)
(0.0335992 0.0420889 0)
(0.0353671 0.0383116 0)
(0.0370457 0.0345999 0)
(0.0386501 0.0309171 0)
(0.040188 0.027244 0)
(0.0416598 0.0235776 0)
(0.0430495 0.0199313 0)
(0.0443261 0.0163367 0)
(0.0455175 0.0128465 0)
(0.0467513 0.00952129 0)
(0.0476299 0.00641682 0)
(0.0497166 0.0034326 0)
(0.0537673 0.00192813 0)
(0.00425919 0.116241 0)
(0.00920907 0.0976583 0)
(0.0137898 0.0852364 0)
(0.0178879 0.0758144 0)
(0.021424 0.0683254 0)
(0.024432 0.0621701 0)
(0.0269978 0.0569342 0)
(0.0292018 0.0523246 0)
(0.0311169 0.0481318 0)
(0.0328069 0.0442073 0)
(0.0343266 0.0404456 0)
(0.0357204 0.036774 0)
(0.0370233 0.0331437 0)
(0.0382606 0.0295255 0)
(0.0394498 0.0259064 0)
(0.0405981 0.0222891 0)
(0.0416965 0.0186907 0)
(0.0427209 0.015148 0)
(0.0437076 0.0117152 0)
(0.0447036 0.00847554 0)
(0.0455149 0.00544828 0)
(0.0473253 0.00257461 0)
(0.0508461 0.00105639 0)
(0.00493552 0.109615 0)
(0.0103039 0.0920948 0)
(0.0153298 0.0805507 0)
(0.0196743 0.0718718 0)
(0.0232995 0.0650221 0)
(0.0262676 0.0594093 0)
(0.0286941 0.0546226 0)
(0.0306849 0.0503747 0)
(0.0323329 0.0464656 0)
(0.0337185 0.042757 0)
(0.0349093 0.0391554 0)
(0.035961 0.0355988 0)
(0.0369176 0.0320489 0)
(0.037813 0.0284851 0)
(0.0386716 0.0249025 0)
(0.0395079 0.0213096 0)
(0.0403207 0.0177308 0)
(0.0410912 0.0142076 0)
(0.0418513 0.0108019 0)
(0.0426873 0.00760906 0)
(0.0432973 0.00464037 0)
(0.0448966 0.00181779 0)
(0.0480399 0.000294389 0)
(0.00555311 0.102224 0)
(0.0112987 0.0860104 0)
(0.0167315 0.0755508 0)
(0.0212691 0.0677856 0)
(0.0249333 0.0617133 0)
(0.0278225 0.0567496 0)
(0.0300862 0.0524915 0)
(0.0318561 0.0486629 0)
(0.0332443 0.0450776 0)
(0.0343443 0.0416122 0)
(0.0352336 0.0381872 0)
(0.0359748 0.0347538 0)
(0.0366179 0.0312847 0)
(0.0372018 0.0277694 0)
(0.0377565 0.0242105 0)
(0.0383018 0.0206242 0)
(0.038843 0.0170407 0)
(0.0393712 0.0135083 0)
(0.039926 0.0100996 0)
(0.0405315 0.00691442 0)
(0.0410539 0.00395961 0)
(0.0423836 0.0011896 0)
(0.0449569 -0.000387418 0)
(0.00614158 0.0941231 0)
(0.0122873 0.0794608 0)
(0.0180512 0.0702975 0)
(0.0227171 0.0636188 0)
(0.0263501 0.0584554 0)
(0.029098 0.0542341 0)
(0.0311532 0.0505671 0)
(0.032677 0.047198 0)
(0.0337991 0.0439615 0)
(0.0346233 0.040754 0)
(0.0352325 0.037514 0)
(0.0356921 0.0342073 0)
(0.0360535 0.0308191 0)
(0.0363575 0.027348 0)
(0.0366362 0.0238048 0)
(0.0369139 0.0202112 0)
(0.0372022 0.0166039 0)
(0.0375017 0.0130378 0)
(0.0378429 0.0095966 0)
(0.038303 0.00638517 0)
(0.0386489 0.00343316 0)
(0.039761 0.00067399 0)
(0.0420211 -0.000939468 0)
(0.0067715 0.0853006 0)
(0.0133397 0.0724726 0)
(0.0194156 0.0648503 0)
(0.0241281 0.0594521 0)
(0.0276268 0.0553305 0)
(0.0301389 0.051931 0)
(0.0319154 0.0488964 0)
(0.03315 0.0460045 0)
(0.0339881 0.0431215 0)
(0.0345389 0.0401712 0)
(0.0348847 0.0371134 0)
(0.0350882 0.0339311 0)
(0.0351975 0.0306215 0)
(0.0352508 0.0271922 0)
(0.0352796 0.0236598 0)
(0.0353098 0.0200508 0)
(0.0353592 0.0164052 0)
(0.0354388 0.0127839 0)
(0.0355923 0.0092817 0)
(0.0358574 0.00601879 0)
(0.0361241 0.00303292 0)
(0.037006 0.000309943 0)
(0.0387914 -0.00138037 0)
(0.00755453 0.0756405 0)
(0.0146682 0.0650136 0)
(0.0210008 0.0592675 0)
(0.0256476 0.0553941 0)
(0.0288655 0.0524543 0)
(0.0310115 0.0499371 0)
(0.0324151 0.0475467 0)
(0.0333047 0.0451194 0)
(0.0338348 0.0425695 0)
(0.0341117 0.0398564 0)
(0.0342096 0.0369659 0)
(0.0341816 0.0338985 0)
(0.0340667 0.0306635 0)
(0.033896 0.0272756 0)
(0.0336964 0.0237546 0)
(0.0334933 0.020128 0)
(0.0333097 0.0164353 0)
(0.0331685 0.0127391 0)
(0.0331228 0.0091449 0)
(0.0332553 0.00579047 0)
(0.0333841 0.00275802 0)
(0.0340826 2.6921e-05 0)
(0.0355696 -0.00171358 0)
(0.00870881 0.0648677 0)
(0.0165008 0.0569976 0)
(0.0230682 0.0536314 0)
(0.0274563 0.0516092 0)
(0.0301721 0.049994 0)
(0.0317779 0.0483829 0)
(0.0326972 0.0466029 0)
(0.0331833 0.0445876 0)
(0.0333853 0.0423194 0)
(0.0333934 0.0398026 0)
(0.0332635 0.0370515 0)
(0.0330312 0.034084 0)
(0.0327209 0.0309194 0)
(0.0323512 0.0275766 0)
(0.0319403 0.0240757 0)
(0.0315087 0.0204388 0)
(0.0310827 0.0166993 0)
(0.0307017 0.0129117 0)
(0.0304484 0.00918697 0)
(0.0303889 0.00569243 0)
(0.0304359 0.00256855 0)
(0.0309485 -0.000157914 0)
(0.0319988 -0.00198126 0)
(0.0105458 0.0525385 0)
(0.0192109 0.0482898 0)
(0.0258613 0.0481137 0)
(0.029676 0.0483566 0)
(0.0315848 0.0481738 0)
(0.0324505 0.0474203 0)
(0.0327825 0.0461491 0)
(0.0328271 0.0444427 0)
(0.0327015 0.042372 0)
(0.0324622 0.0399914 0)
(0.0321357 0.0373421 0)
(0.0317335 0.0344568 0)
(0.0312599 0.0313609 0)
(0.0307172 0.0280754 0)
(0.0301085 0.024615 0)
(0.0294455 0.0209923 0)
(0.0287527 0.0172207 0)
(0.0280836 0.0133314 0)
(0.0275577 0.00942783 0)
(0.027321 0.00573094 0)
(0.0272302 0.00250469 0)
(0.0275294 -0.00025674 0)
(0.0283298 -0.00213178 0)
(0.0134943 0.0378251 0)
(0.0231073 0.0388227 0)
(0.0294888 0.0431636 0)
(0.0322154 0.0460897 0)
(0.0329755 0.0472891 0)
(0.032945 0.0472042 0)
(0.0326511 0.0462474 0)
(0.0322724 0.0446945 0)
(0.0318606 0.0427116 0)
(0.0314219 0.0403964 0)
(0.0309464 0.0378093 0)
(0.0304182 0.0349906 0)
(0.0298198 0.0319687 0)
(0.0291328 0.028763 0)
(0.0283424 0.0253821 0)
(0.0274399 0.0218213 0)
(0.0264342 0.0180592 0)
(0.0253947 0.0140759 0)
(0.0245149 0.00990591 0)
(0.0240158 0.00586086 0)
(0.0237785 0.00249107 0)
(0.0238186 -0.000245772 0)
(0.0241558 -0.00221971 0)
(0.0174429 0.0188394 0)
(0.0280066 0.0293126 0)
(0.0333296 0.0396144 0)
(0.0343873 0.0453506 0)
(0.0338705 0.0475279 0)
(0.0330327 0.0477181 0)
(0.0322449 0.0467873 0)
(0.031565 0.0451993 0)
(0.0309659 0.0431881 0)
(0.0304055 0.0408711 0)
(0.0298425 0.0383123 0)
(0.0292393 0.0355512 0)
(0.0285592 0.0326162 0)
(0.027765 0.0295255 0)
(0.0268168 0.0262843 0)
(0.0256733 0.0228711 0)
(0.0243072 0.0192251 0)
(0.0227496 0.015216 0)
(0.0212847 0.010669 0)
(0.0204615 0.00646245 0)
(0.0200948 0.00301928 0)
(0.0197466 0.00032089 0)
(0.0196582 -0.0018088 0)
(0.0197722 -0.00442909 0)
(0.0290631 0.0192293 0)
(0.0340969 0.0379363 0)
(0.0344118 0.0461096 0)
(0.0333989 0.0488689 0)
(0.0323995 0.0490304 0)
(0.0315212 0.0479283 0)
(0.0307829 0.0461939 0)
(0.0301434 0.0440986 0)
(0.0295537 0.0417602 0)
(0.0289668 0.0392353 0)
(0.0283381 0.03656 0)
(0.0276222 0.0337623 0)
(0.0267679 0.030866 0)
(0.0257126 0.0278833 0)
(0.0243753 0.0248037 0)
(0.0226387 0.0215589 0)
(0.0203657 0.0179612 0)
(0.0183539 0.0135783 0)
(0.0170296 0.007755 0)
(0.0160856 0.00435042 0)
(0.0152532 0.00170232 0)
(0.0142666 -0.000685639 0)
(-0.00286111 -0.0221081 0)
(0.0156516 0.00149017 0)
(0.0263129 0.0291846 0)
(0.0306447 0.0438757 0)
(0.0313884 0.0486017 0)
(0.0312526 0.0493501 0)
(0.0307444 0.0483416 0)
(0.03017 0.0465574 0)
(0.0296044 0.0443938 0)
(0.0290507 0.0420085 0)
(0.0284841 0.039473 0)
(0.0278683 0.036831 0)
(0.0271588 0.0341205 0)
(0.0263015 0.0313784 0)
(0.025226 0.0286415 0)
(0.0238294 0.0259353 0)
(0.0219525 0.0232367 0)
(0.0192484 0.0202919 0)
(0.0164837 0.0137595 0)
(0.0121628 0.00865297 0)
(0.0106738 0.00456194 0)
(0.00954393 0.00167227 0)
(0.00826307 -0.00058439 0)
(0.0390653 0.023846 0)
(0.027015 -0.000313055 0)
(0.030201 -0.0147419 0)
(0.041749 -0.0356686 0)
(0.0402256 0.0341426 0)
(0.0324957 0.0210257 0)
(0.0202003 0.00101624 0)
(0.00976007 -0.0219847 0)
(0.00118654 0.0418095 0)
(0.000471245 0.0333433 0)
(-0.000890808 0.014666 0)
(-0.00549662 -0.00433487 0)
(-0.0333879 0.0363236 0)
(-0.0300165 0.0277583 0)
(-0.0284958 0.0174111 0)
(-0.0304162 0.00670223 0)
(-0.0595073 0.0276588 0)
(-0.055651 0.02194 0)
(-0.0535815 0.0158572 0)
(-0.0534226 0.0103995 0)
(-0.0798599 0.0183549 0)
(-0.0756444 0.0150694 0)
(-0.0725691 0.0119126 0)
(-0.0707404 0.00933012 0)
(-0.0949826 0.00823332 0)
(-0.0901487 0.00669787 0)
(-0.0860882 0.00562968 0)
(-0.0830698 0.00512405 0)
(-0.104838 -0.00458659 0)
(-0.100185 -0.00516499 0)
(-0.0960163 -0.00456398 0)
(-0.0925769 -0.00269062 0)
(-0.111154 -0.0105628 0)
(-0.107539 -0.0101138 0)
(-0.10422 -0.00797836 0)
(-0.100887 -0.00536824 0)
(-0.10561 -0.0124997 0)
(-0.105929 -0.0159514 0)
(-0.107298 -0.013909 0)
(-0.106123 -0.0089129 0)
(-0.101353 -0.0197225 0)
(-0.102065 -0.0123829 0)
(-0.119618 -0.00887574 0)
(-0.133999 -0.00842801 0)
(-0.157537 -0.0193715 0)
(-0.167232 0.00980519 0)
(-0.168953 0.0238334 0)
(-0.169478 0.0225154 0)
(-0.184694 -0.00856816 0)
(-0.185773 0.0101071 0)
(-0.18157 0.0182716 0)
(-0.174289 0.0187854 0)
(-0.171224 -0.00557896 0)
(-0.172445 0.00641067 0)
(-0.168841 0.0126944 0)
(-0.162186 0.0144218 0)
(-0.142163 -0.0059112 0)
(-0.144798 0.00256421 0)
(-0.142607 0.00762576 0)
(-0.137161 0.0092715 0)
(-0.107511 -0.00403334 0)
(-0.11119 0.00231442 0)
(-0.110358 0.00608743 0)
(-0.106352 0.00657422 0)
(-0.0723114 -0.000705404 0)
(-0.0769008 0.0040665 0)
(-0.0768204 0.00663539 0)
(-0.073437 0.00563692 0)
(-0.0402556 0.00298963 0)
(-0.0448636 0.00670866 0)
(-0.0451745 0.00822375 0)
(-0.0424878 0.00586005 0)
(-0.01257 0.00665216 0)
(-0.0173331 0.00961948 0)
(-0.0176983 0.010341 0)
(-0.0150128 0.00678967 0)
(0.00946936 0.00987273 0)
(0.00526541 0.012298 0)
(0.00491862 0.0123145 0)
(0.00723262 0.00777268 0)
(0.026973 0.0123726 0)
(0.022907 0.0143696 0)
(0.0227819 0.0138791 0)
(0.0253862 0.00852455 0)
(0.0394065 0.0140715 0)
(0.0360602 0.0157998 0)
(0.0361175 0.0149705 0)
(0.0384882 0.00904505 0)
(0.0481518 0.01512 0)
(0.0449951 0.0166757 0)
(0.0453347 0.0156271 0)
(0.0480672 0.00929591 0)
(0.0531083 0.015452 0)
(0.0506422 0.0169216 0)
(0.0511177 0.015746 0)
(0.0536112 0.00919567 0)
(0.0558903 0.0151389 0)
(0.0535279 0.0165342 0)
(0.0541931 0.0153332 0)
(0.0570228 0.00873576 0)
(0.0563771 0.0144314 0)
(0.0545973 0.0157541 0)
(0.0553272 0.0145896 0)
(0.0578303 0.00803433 0)
(0.0559493 0.0135206 0)
(0.0541891 0.0147885 0)
(0.0550184 0.0136573 0)
(0.0577543 0.00721252 0)
(0.0542739 0.0124175 0)
(0.0529806 0.0136281 0)
(0.0537716 0.0125593 0)
(0.0561136 0.0062742 0)
(0.0524952 0.0111532 0)
(0.0511391 0.0123002 0)
(0.0519318 0.0113063 0)
(0.0544345 0.00526122 0)
(0.0500884 0.00993897 0)
(0.0491124 0.0109923 0)
(0.0498357 0.0100945 0)
(0.051892 0.00427109 0)
(0.0478732 0.00884929 0)
(0.0468298 0.00983129 0)
(0.0475299 0.00897058 0)
(0.0496843 0.00338681 0)
(0.045214 0.00781657 0)
(0.0445055 0.00870074 0)
(0.0451222 0.00789204 0)
(0.0468521 0.00253913 0)
(0.0427894 0.00673703 0)
(0.0420244 0.00751755 0)
(0.0426021 0.00674574 0)
(0.0444206 0.00170263 0)
(0.0399851 0.00573802 0)
(0.0395207 0.00636194 0)
(0.0400429 0.00565569 0)
(0.0414573 0.000907909 0)
(0.0373114 0.00482439 0)
(0.0368156 0.0053105 0)
(0.0372996 0.0046182 0)
(0.0387625 0.000216611 0)
(0.034201 0.00396878 0)
(0.0339526 0.00428762 0)
(0.0343686 0.00364486 0)
(0.0354506 -0.000414381 0)
(0.031088 0.00310148 0)
(0.0307988 0.00327526 0)
(0.0311452 0.00267523 0)
(0.0322361 -0.000967711 0)
(0.0274643 0.00236266 0)
(0.0273608 0.00236705 0)
(0.0276513 0.00185886 0)
(0.0283634 -0.00139586 0)
(0.0235759 0.00175446 0)
(0.0234685 0.00162254 0)
(0.023725 0.00117362 0)
(0.0244229 -0.00161737 0)
(0.0190182 0.0013011 0)
(0.019073 0.000889106 0)
(0.0193899 0.000563781 0)
(0.0198207 -0.00168458 0)
(0.0138394 0.00186127 0)
(0.014096 0.000832903 0)
(0.0145397 0.00042465 0)
(0.0150099 -0.00118053 0)
(0.00776649 -0.000629668 0)
(0.00771353 -0.00134833 0)
(0.007612 -0.00133299 0)
(0.00715445 -0.00183438 0)
(0.038353 -0.0457978 0)
(0.0219798 -0.00954538 0)
(0.0168203 0.00584694 0)
(0.0071215 0.012886 0)
(-0.00521153 0.0118736 0)
(-0.0168231 -2.02946e-05 0)
(-0.0232024 -0.0100345 0)
(-0.0236805 -0.00717142 0)
(-0.0234581 0.00445551 0)
(-0.0206293 0.0207787 0)
(-0.0165941 0.0301029 0)
(-0.0134017 0.0389007 0)
(-0.00940041 0.0432077 0)
(-0.00767389 0.0365895 0)
(-0.0067644 0.0233852 0)
(-0.00272544 -0.00193762 0)
(0.00492347 -0.0321442 0)
(0.012731 -0.0632601 0)
(0.029172 -0.0335914 0)
(1.26854e-05 -0.0301976 0)
(-0.00564225 -0.00819538 0)
(-0.00422842 0.0101459 0)
(-0.00647903 0.022032 0)
(-0.0151461 0.0236792 0)
(-0.0238399 0.00774165 0)
(-0.0298295 -0.00480556 0)
(-0.0349052 -0.00545356 0)
(-0.036592 0.00402122 0)
(-0.0342774 0.0168436 0)
(-0.0297378 0.0265386 0)
(-0.0245578 0.0344494 0)
(-0.0187175 0.0388333 0)
(-0.0147861 0.0351181 0)
(-0.0136263 0.0212861 0)
(-0.0144479 -0.00338631 0)
(-0.0168568 -0.0345493 0)
(-0.0228784 -0.0640311 0)
(-0.0193006 -0.0305811 0)
(-0.0170656 -0.017215 0)
(-0.0295046 -0.00585825 0)
(-0.0323154 0.00967084 0)
(-0.0310832 0.0237523 0)
(-0.0285343 0.0278867 0)
(-0.0294103 0.0133795 0)
(-0.0357966 0.00221486 0)
(-0.0420403 -0.00192606 0)
(-0.0442332 0.00440152 0)
(-0.0420966 0.0140445 0)
(-0.0368647 0.0225346 0)
(-0.0299159 0.0295385 0)
(-0.0216212 0.0339323 0)
(-0.0140543 0.0323414 0)
(-0.0100653 0.02152 0)
(-0.0119741 0.000312675 0)
(-0.0207588 -0.0282888 0)
(-0.0332664 -0.0597022 0)
(-0.0328018 -0.0665783 0)
(-0.0381312 -0.00368788 0)
(-0.048472 0.00066535 0)
(-0.0519366 0.0107006 0)
(-0.0508674 0.0206645 0)
(-0.0474318 0.0237984 0)
(-0.0466291 0.015439 0)
(-0.0498509 0.00682536 0)
(-0.0544025 0.00203657 0)
(-0.0572423 0.0043345 0)
(-0.0556633 0.00987631 0)
(-0.0500516 0.0155699 0)
(-0.0413449 0.0205719 0)
(-0.0299483 0.0239843 0)
(-0.0167431 0.0237945 0)
(-0.00389177 0.0177233 0)
(0.00467551 0.00440492 0)
(0.00380853 -0.0168489 0)
(-0.00546425 -0.0555971 0)
(-0.0105712 -0.0949226 0)
(-0.0559353 0.00389365 0)
(-0.0620163 0.00566197 0)
(-0.0650142 0.0120939 0)
(-0.0647802 0.0187479 0)
(-0.0625867 0.0210978 0)
(-0.06186 0.0162299 0)
(-0.0646038 0.00980919 0)
(-0.0690591 0.00552782 0)
(-0.0723103 0.00520638 0)
(-0.0720694 0.00712736 0)
(-0.0678284 0.00949784 0)
(-0.0599099 0.0114741 0)
(-0.0485144 0.0120694 0)
(-0.0338691 0.0098659 0)
(-0.0171138 0.00419715 0)
(-0.000287443 -0.00463595 0)
(0.0143869 -0.0174325 0)
(0.0228151 -0.0483841 0)
(0.0159514 -0.0855045 0)
(-0.0698488 0.00645205 0)
(-0.072008 0.00835506 0)
(-0.0735451 0.0132896 0)
(-0.0736758 0.0182206 0)
(-0.0730566 0.0202134 0)
(-0.0738215 0.0177216 0)
(-0.0771046 0.0133094 0)
(-0.0818049 0.00946017 0)
(-0.0857947 0.00721526 0)
(-0.0871085 0.0058921 0)
(-0.0848168 0.00461253 0)
(-0.0789286 0.00304196 0)
(-0.0695925 3.13561e-05 0)
(-0.0565908 -0.00577057 0)
(-0.040122 -0.0142316 0)
(-0.0214303 -0.0245506 0)
(-0.00209965 -0.0360103 0)
(0.014107 -0.0542147 0)
(0.00665889 -0.0660893 0)
(-0.079939 0.00516477 0)
(-0.0790438 0.00859634 0)
(-0.0789675 0.013622 0)
(-0.0789423 0.0182993 0)
(-0.0792767 0.0209235 0)
(-0.0810992 0.0202392 0)
(-0.0849672 0.0174352 0)
(-0.0901165 0.0138584 0)
(-0.095009 0.0101105 0)
(-0.0978597 0.00594176 0)
(-0.0973084 0.00133359 0)
(-0.0932806 -0.00335492 0)
(-0.0857865 -0.00977019 0)
(-0.0747358 -0.0193196 0)
(-0.0606336 -0.0306077 0)
(-0.0437465 -0.0420099 0)
(-0.0248947 -0.050978 0)
(-0.0060416 -0.0608952 0)
(-0.0150027 -0.0687246 0)
(-0.0879995 0.00109193 0)
(-0.084283 0.00703927 0)
(-0.0823503 0.0129722 0)
(-0.0815762 0.018004 0)
(-0.0820145 0.0212523 0)
(-0.0841126 0.0216505 0)
(-0.087952 0.0198598 0)
(-0.0931521 0.0166415 0)
(-0.098467 0.0122763 0)
(-0.102279 0.00668859 0)
(-0.104075 4.48462e-05 0)
(-0.10271 -0.00712514 0)
(-0.0959028 -0.0151791 0)
(-0.0834993 -0.0260906 0)
(-0.0659819 -0.0375756 0)
(-0.0469062 -0.0504304 0)
(-0.0271298 -0.0630848 0)
(-0.000370851 -0.0684346 0)
(-0.0122907 -0.0770008 0)
(-0.0960523 -0.00189925 0)
(-0.0900891 0.0047881 0)
(-0.085456 0.0115572 0)
(-0.082331 0.0176496 0)
(-0.0810378 0.0220047 0)
(-0.0815216 0.0237272 0)
(-0.0837171 0.0229938 0)
(-0.0870448 0.0204259 0)
(-0.0909132 0.0157482 0)
(-0.093519 0.00917817 0)
(-0.0950307 0.00138056 0)
(-0.0988063 -0.00548966 0)
(-0.0962634 -0.0179528 0)
(-0.0832063 -0.0351388 0)
(-0.0625835 -0.0500196 0)
(-0.0370603 -0.0594758 0)
(-0.0229923 -0.0606388 0)
(-0.0248302 -0.0581909 0)
(-0.0730637 -0.0529915 0)
(-0.101357 -0.00361586 0)
(-0.0956248 0.00357688 0)
(-0.0908581 0.0105463 0)
(-0.0866816 0.0166471 0)
(-0.0847831 0.0213994 0)
(-0.0855761 0.0234938 0)
(-0.0882349 0.0249924 0)
(-0.0910005 0.0250782 0)
(-0.0948185 0.0216111 0)
(-0.102301 0.0130099 0)
(-0.10766 0.00816238 0)
(-0.0995931 -0.0116322 0)
(-0.0792408 -0.032486 0)
(-0.0692841 -0.0557481 0)
(-0.0672736 -0.0751944 0)
(-0.0871627 -0.0925097 0)
(-0.0983143 -0.101667 0)
(-0.0750769 -0.101391 0)
(-0.0339543 -0.160413 0)
(-0.141025 -0.0149803 0)
(-0.155226 -0.0124016 0)
(-0.155013 -0.00150775 0)
(-0.158255 0.0123827 0)
(-0.160681 0.0246509 0)
(-0.162739 0.0326813 0)
(-0.155643 0.0283711 0)
(-0.137146 0.0260282 0)
(-0.119569 0.0275973 0)
(-0.113467 0.0192859 0)
(-0.114118 0.00506847 0)
(-0.111852 -0.027939 0)
(-0.0984078 -0.0607576 0)
(-0.0820933 -0.0816704 0)
(-0.0743087 -0.0769741 0)
(-0.0726708 -0.082498 0)
(-0.0650619 -0.092853 0)
(-0.0397278 -0.118589 0)
(-0.00218751 -0.169107 0)
(-0.170955 0.00310855 0)
(-0.182341 0.000883075 0)
(-0.187278 0.00573998 0)
(-0.187534 0.0155094 0)
(-0.185934 0.0248246 0)
(-0.181051 0.0241613 0)
(-0.169915 0.00796224 0)
(-0.153989 -0.000137547 0)
(-0.133132 0.00281871 0)
(-0.115535 0.0122335 0)
(-0.106842 0.00523081 0)
(-0.0978549 -0.0360162 0)
(-0.0918907 -0.0641645 0)
(-0.0848442 -0.0769341 0)
(-0.0738399 -0.070762 0)
(-0.0595535 -0.0790172 0)
(-0.0420266 -0.104949 0)
(-0.0216599 -0.139689 0)
(-0.00129003 -0.179708 0)
(-0.164304 0.00998684 0)
(-0.17513 0.00378616 0)
(-0.179461 0.00737843 0)
(-0.178605 0.0150347 0)
(-0.173558 0.019934 0)
(-0.163982 0.0156377 0)
(-0.154785 -0.00284258 0)
(-0.144335 -0.0129225 0)
(-0.131359 -0.012727 0)
(-0.114002 -0.00435537 0)
(-0.0931729 -0.0093087 0)
(-0.0814357 -0.0380643 0)
(-0.0776304 -0.0655193 0)
(-0.0752198 -0.0770788 0)
(-0.0656605 -0.0809659 0)
(-0.0473857 -0.0949319 0)
(-0.0297279 -0.119102 0)
(-0.0151397 -0.151903 0)
(-0.00342116 -0.190942 0)
(-0.148679 0.00701819 0)
(-0.156039 0.00611692 0)
(-0.157993 0.00811619 0)
(-0.154739 0.0114074 0)
(-0.147569 0.0121391 0)
(-0.137243 0.00555965 0)
(-0.128777 -0.0105974 0)
(-0.123266 -0.0216112 0)
(-0.11495 -0.0248381 0)
(-0.100586 -0.0195687 0)
(-0.0821148 -0.0260975 0)
(-0.0666057 -0.0479686 0)
(-0.0600448 -0.0693585 0)
(-0.0551754 -0.0847914 0)
(-0.0460743 -0.0939754 0)
(-0.03309 -0.109532 0)
(-0.0197871 -0.132487 0)
(-0.00954945 -0.163079 0)
(-0.00136826 -0.199762 0)
(-0.124054 0.00346479 0)
(-0.129771 0.00414866 0)
(-0.128966 0.00558353 0)
(-0.124031 0.00650822 0)
(-0.116565 0.00450356 0)
(-0.107247 -0.00293909 0)
(-0.0996398 -0.0158317 0)
(-0.0942804 -0.0274801 0)
(-0.0883875 -0.0328838 0)
(-0.0774695 -0.0347086 0)
(-0.0620331 -0.0413916 0)
(-0.0490154 -0.0575193 0)
(-0.0406676 -0.0757277 0)
(-0.0347419 -0.0906342 0)
(-0.027595 -0.104255 0)
(-0.0184925 -0.120206 0)
(-0.00976163 -0.141502 0)
(-0.0038055 -0.169426 0)
(0.00105417 -0.20377 0)
(-0.0937247 -0.000392368 0)
(-0.099048 0.000766914 0)
(-0.096934 0.00172734 0)
(-0.0912085 0.000932674 0)
(-0.0842073 -0.00256941 0)
(-0.076334 -0.0100572 0)
(-0.0695799 -0.0209614 0)
(-0.0645766 -0.0315586 0)
(-0.0591206 -0.0395849 0)
(-0.0507504 -0.0448829 0)
(-0.0397464 -0.0534469 0)
(-0.0293947 -0.0666323 0)
(-0.0220873 -0.0816746 0)
(-0.0167415 -0.0962694 0)
(-0.0115333 -0.110201 0)
(-0.00605202 -0.126154 0)
(-0.00152897 -0.146086 0)
(0.00109604 -0.172058 0)
(0.00327534 -0.204312 0)
(-0.0618966 -0.00335602 0)
(-0.0673138 -0.00289972 0)
(-0.0650403 -0.00259439 0)
(-0.0593909 -0.00447826 0)
(-0.0531946 -0.00889108 0)
(-0.046617 -0.0162193 0)
(-0.0408959 -0.0259324 0)
(-0.0362866 -0.0359817 0)
(-0.0316834 -0.0446761 0)
(-0.0255565 -0.0525495 0)
(-0.0179331 -0.0616754 0)
(-0.0107659 -0.0733851 0)
(-0.00538573 -0.0865696 0)
(-0.0015968 -0.0999604 0)
(0.00141815 -0.113678 0)
(0.00378859 -0.128983 0)
(0.00523323 -0.147573 0)
(0.00487904 -0.171825 0)
(0.00449503 -0.202418 0)
(-0.0313411 -0.00545888 0)
(-0.0373681 -0.00632808 0)
(-0.0355244 -0.00673193 0)
(-0.0303916 -0.00934024 0)
(-0.0251617 -0.0141983 0)
(-0.0198406 -0.0213328 0)
(-0.0151894 -0.030229 0)
(-0.0113741 -0.0396849 0)
(-0.0077745 -0.0487718 0)
(-0.00358278 -0.057479 0)
(0.00121197 -0.0669574 0)
(0.00564659 -0.0778424 0)
(0.00885472 -0.0897262 0)
(0.0107451 -0.102073 0)
(0.011588 -0.11497 0)
(0.0115196 -0.129304 0)
(0.0101692 -0.146588 0)
(0.00772484 -0.169369 0)
(0.00544546 -0.198669 0)
(-0.00486617 -0.00676472 0)
(-0.0110443 -0.00919491 0)
(-0.00981206 -0.0102489 0)
(-0.00542003 -0.0133187 0)
(-0.00119987 -0.0183585 0)
(0.00297355 -0.0252381 0)
(0.00659936 -0.0335563 0)
(0.00953137 -0.0425539 0)
(0.0120586 -0.0515893 0)
(0.0145974 -0.0605945 0)
(0.0171671 -0.0700243 0)
(0.0192712 -0.0802178 0)
(0.0204033 -0.091058 0)
(0.0203954 -0.102361 0)
(0.0193138 -0.114295 0)
(0.0170871 -0.127575 0)
(0.0139329 -0.143648 0)
(0.00964403 -0.165241 0)
(0.00573302 -0.193619 0)
(0.0172549 -0.00777229 0)
(0.010842 -0.011499 0)
(0.0116229 -0.0131412 0)
(0.0152539 -0.0165504 0)
(0.0185323 -0.0216453 0)
(0.0216782 -0.0282494 0)
(0.0243069 -0.0360491 0)
(0.0262929 -0.044539 0)
(0.027753 -0.0532796 0)
(0.0288811 -0.0621249 0)
(0.0296827 -0.0712332 0)
(0.0299016 -0.0807578 0)
(0.0292425 -0.0906905 0)
(0.0275598 -0.101021 0)
(0.0248147 -0.111976 0)
(0.0210659 -0.124232 0)
(0.0161969 -0.139254 0)
(0.010857 -0.159898 0)
(0.00591694 -0.187756 0)
(0.0345719 -0.00864357 0)
(0.0283448 -0.0133145 0)
(0.0286128 -0.0154316 0)
(0.0315196 -0.0190578 0)
(0.033964 -0.0240941 0)
(0.0362035 -0.030385 0)
(0.0379281 -0.0376855 0)
(0.0390229 -0.0456392 0)
(0.0395133 -0.0539184 0)
(0.0394738 -0.0623589 0)
(0.0388958 -0.0709714 0)
(0.0376417 -0.0798123 0)
(0.0355426 -0.0889072 0)
(0.0324941 -0.0983304 0)
(0.0284741 -0.10836 0)
(0.0234083 -0.119685 0)
(0.0177009 -0.133822 0)
(0.0114043 -0.153785 0)
(0.00568239 -0.18147 0)
(0.047649 -0.00938739 0)
(0.0414273 -0.0147586 0)
(0.0413075 -0.0172033 0)
(0.043599 -0.0209127 0)
(0.0453316 -0.0258097 0)
(0.0468049 -0.031756 0)
(0.0477552 -0.0385594 0)
(0.0480754 -0.0459523 0)
(0.0477443 -0.0536785 0)
(0.0467753 -0.0615742 0)
(0.0451497 -0.0695863 0)
(0.0427902 -0.0777221 0)
(0.0396031 -0.0860197 0)
(0.0355286 -0.0946001 0)
(0.0305389 -0.103783 0)
(0.0247413 -0.114298 0)
(0.0181344 -0.127735 0)
(0.011551 -0.147236 0)
(0.00549822 -0.175054 0)
(0.0564613 -0.0100555 0)
(0.0506111 -0.0159136 0)
(0.0501458 -0.0185337 0)
(0.0519247 -0.0222296 0)
(0.0530791 -0.0269233 0)
(0.0539309 -0.032497 0)
(0.0542507 -0.0387975 0)
(0.0539399 -0.0456147 0)
(0.0529561 -0.0527391 0)
(0.0512826 -0.0600178 0)
(0.048896 -0.0673745 0)
(0.0457513 -0.0747965 0)
(0.0417998 -0.0823317 0)
(0.0370166 -0.0901327 0)
(0.0314252 -0.0985601 0)
(0.0250111 -0.108391 0)
(0.0182772 -0.121294 0)
(0.0113474 -0.140542 0)
(0.00513591 -0.168691 0)
(0.0620795 -0.0107203 0)
(0.0563312 -0.0168461 0)
(0.055692 -0.0195208 0)
(0.0570652 -0.0231203 0)
(0.0577667 -0.0275595 0)
(0.0581333 -0.0327387 0)
(0.0579638 -0.0385327 0)
(0.0571693 -0.04477 0)
(0.0556999 -0.0512743 0)
(0.0535263 -0.0579075 0)
(0.0506242 -0.0645902 0)
(0.0469668 -0.071307 0)
(0.0425342 -0.0781181 0)
(0.0373295 -0.0852042 0)
(0.0313763 -0.0929647 0)
(0.0248426 -0.102232 0)
(0.0177787 -0.114752 0)
(0.0110398 -0.133893 0)
(0.00493114 -0.162482 0)
(0.064724 -0.0114093 0)
(0.059406 -0.017611 0)
(0.0585954 -0.0202461 0)
(0.0596403 -0.0236815 0)
(0.059996 -0.0278294 0)
(0.0599956 -0.0326012 0)
(0.0594641 -0.037892 0)
(0.0583221 -0.0435567 0)
(0.05652 -0.0494442 0)
(0.0540243 -0.0554321 0)
(0.0508126 -0.061448 0)
(0.0468694 -0.0674837 0)
(0.0421925 -0.0736151 0)
(0.0368033 -0.0800503 0)
(0.030768 -0.0872288 0)
(0.024116 -0.0960355 0)
(0.0173795 -0.108289 0)
(0.0106325 -0.127423 0)
(0.00470357 -0.156446 0)
(0.0654856 -0.0120841 0)
(0.0603461 -0.0182317 0)
(0.0594704 -0.0207627 0)
(0.0602564 -0.0239894 0)
(0.0603488 -0.0278248 0)
(0.0600791 -0.0321871 0)
(0.0592927 -0.0369863 0)
(0.0579206 -0.0420968 0)
(0.0559162 -0.0473869 0)
(0.053247 -0.0527496 0)
(0.0498931 -0.0581245 0)
(0.0458466 -0.0635152 0)
(0.0411168 -0.0690163 0)
(0.035737 -0.0748634 0)
(0.0297609 -0.0815342 0)
(0.0233821 -0.0899653 0)
(0.0166399 -0.102032 0)
(0.0103072 -0.121196 0)
(0.00463836 -0.150565 0)
(0.0645414 -0.012721 0)
(0.0598531 -0.0187239 0)
(0.0588827 -0.0211066 0)
(0.0594516 -0.0241015 0)
(0.0593453 -0.0276171 0)
(0.0588821 -0.0315788 0)
(0.0579266 -0.0359073 0)
(0.0564192 -0.0404916 0)
(0.0543182 -0.0452158 0)
(0.0515938 -0.0499874 0)
(0.0482291 -0.0547594 0)
(0.0442211 -0.0595499 0)
(0.0395844 -0.064473 0)
(0.0343579 -0.069791 0)
(0.0286218 -0.0760175 0)
(0.0224087 -0.0841326 0)
(0.0162158 -0.0960546 0)
(0.00999842 -0.115237 0)
(0.00459969 -0.144781 0)
(0.0627987 -0.0133047 0)
(0.0582652 -0.0191005 0)
(0.0572884 -0.0213069 0)
(0.0576768 -0.0240594 0)
(0.0574178 -0.0272597 0)
(0.0568177 -0.0308393 0)
(0.055758 -0.034726 0)
(0.0541879 -0.0388202 0)
(0.052071 -0.0430189 0)
(0.0493809 -0.0472431 0)
(0.0461032 -0.0514586 0)
(0.0422374 -0.055699 0)
(0.0378009 -0.0600972 0)
(0.0328328 -0.06494 0)
(0.0273866 -0.0707719 0)
(0.0216405 -0.0786093 0)
(0.015569 -0.0903941 0)
(0.00981927 -0.109532 0)
(0.00464843 -0.139054 0)
(0.0602098 -0.0138314 0)
(0.056098 -0.0193632 0)
(0.0550615 -0.0213816 0)
(0.0552819 -0.0238909 0)
(0.0549015 -0.0267906 0)
(0.0542033 -0.0300143 0)
(0.0530857 -0.0334949 0)
(0.0515051 -0.0371414 0)
(0.0494303 -0.0408615 0)
(0.0468379 -0.0445876 0)
(0.0437156 -0.048298 0)
(0.0400636 -0.0520406 0)
(0.0358978 -0.0559654 0)
(0.0312539 -0.0603806 0)
(0.0261989 -0.0658562 0)
(0.0207325 -0.0734325 0)
(0.0152768 -0.0850578 0)
(0.00964762 -0.104065 0)
(0.00471306 -0.133327 0)
(0.0574286 -0.0142489 0)
(0.0535001 -0.0194992 0)
(0.0524504 -0.0213339 0)
(0.0525184 -0.0236122 0)
(0.0520338 -0.0262347 0)
(0.0512632 -0.0291351 0)
(0.0501183 -0.0322505 0)
(0.0485621 -0.0354959 0)
(0.0465676 -0.0387879 0)
(0.0441142 -0.0420687 0)
(0.0411903 -0.0453276 0)
(0.0377954 -0.0486248 0)
(0.033943 -0.052125 0)
(0.0296613 -0.0561545 0)
(0.0249825 -0.0613007 0)
(0.0200433 -0.0686182 0)
(0.0147235 -0.0800463 0)
(0.00955513 -0.098804 0)
(0.00476522 -0.1276 0)
(0.0542842 -0.0145423 0)
(0.0507453 -0.0195011 0)
(0.0496261 -0.0211634 0)
(0.049542 -0.0232332 0)
(0.0489643 -0.0256078 0)
(0.0481366 -0.0282225 0)
(0.046983 -0.0310166 0)
(0.0454721 -0.0339102 0)
(0.0435804 -0.0368266 0)
(0.0412891 -0.039716 0)
(0.0385868 -0.0425767 0)
(0.0354711 -0.0454793 0)
(0.0319497 -0.0486008 0)
(0.0280436 -0.0522802 0)
(0.023793 -0.0571174 0)
(0.0191476 -0.0641702 0)
(0.0144501 -0.0753463 0)
(0.00938977 -0.0937557 0)
(0.00481413 -0.121855 0)
(0.0512306 -0.0147005 0)
(0.0478084 -0.019367 0)
(0.0466658 -0.0208739 0)
(0.0464359 -0.0227602 0)
(0.0457701 -0.0249196 0)
(0.0448935 -0.0272887 0)
(0.0437411 -0.0298075 0)
(0.0422862 -0.0323995 0)
(0.0405079 -0.0349931 0)
(0.0383887 -0.0375445 0)
(0.0359163 -0.040059 0)
(0.0330848 -0.0426154 0)
(0.0298974 -0.0454 0)
(0.0263645 -0.0487614 0)
(0.0224904 -0.0533055 0)
(0.01837 -0.060084 0)
(0.0137902 -0.07097 0)
(0.00920979 -0.0889052 0)
(0.00475626 -0.116157 0)
(0.0479555 -0.0147347 0)
(0.044832 -0.0190928 0)
(0.0436089 -0.0204668 0)
(0.0432258 -0.0221964 0)
(0.0424733 -0.0241757 0)
(0.0415507 -0.0263408 0)
(0.0404037 -0.0286311 0)
(0.0390089 -0.0309717 0)
(0.0373473 -0.0332944 0)
(0.0354015 -0.0355597 0)
(0.0331577 -0.0377778 0)
(0.0306062 -0.0400334 0)
(0.0277426 -0.0425192 0)
(0.0245697 -0.0455909 0)
(0.0211021 -0.0498571 0)
(0.0172473 -0.0563591 0)
(0.0132994 -0.06691 0)
(0.00885243 -0.0843149 0)
(0.00468097 -0.110543 0)
(0.0447357 -0.0146064 0)
(0.041712 -0.0186648 0)
(0.0404319 -0.0199353 0)
(0.0398973 -0.02154 0)
(0.0390556 -0.0233772 0)
(0.0380884 -0.0253814 0)
(0.0369487 -0.0274902 0)
(0.0356156 -0.0296289 0)
(0.0340705 -0.031731 0)
(0.0322957 -0.0337598 0)
(0.0302749 -0.0357286 0)
(0.027994 -0.0377252 0)
(0.0254424 -0.0399473 0)
(0.0226115 -0.0427548 0)
(0.0194829 -0.0467585 0)
(0.0161302 -0.0529854 0)
(0.0122824 -0.0632017 0)
(0.00838058 -0.0799996 0)
(0.00441162 -0.105147 0)
(0.0412567 -0.0143175 0)
(0.0384774 -0.0180775 0)
(0.0370969 -0.0192726 0)
(0.0364042 -0.0207883 0)
(0.0354738 -0.0225238 0)
(0.0344645 -0.0244115 0)
(0.0333358 -0.0263861 0)
(0.0320669 -0.028371 0)
(0.0306392 -0.0303013 0)
(0.0290333 -0.0321406 0)
(0.0272308 -0.0339045 0)
(0.0252124 -0.0356811 0)
(0.0229588 -0.0376707 0)
(0.0204534 -0.0402367 0)
(0.0176909 -0.0439917 0)
(0.0145587 -0.0499587 0)
(0.0113575 -0.0598348 0)
(0.00763539 -0.0760603 0)
(0.00409502 -0.100068 0)
(0.0377177 -0.013866 0)
(0.0349852 -0.0173331 0)
(0.0335338 -0.0184792 0)
(0.0326872 -0.0199433 0)
(0.0316724 -0.0216201 0)
(0.030629 -0.0234382 0)
(0.0295198 -0.0253252 0)
(0.028323 -0.027204 0)
(0.0270178 -0.0290081 0)
(0.0255835 -0.0307036 0)
(0.0239984 -0.0323034 0)
(0.0222394 -0.033897 0)
(0.0202794 -0.0356821 0)
(0.0180896 -0.0380239 0)
(0.015627 -0.0415425 0)
(0.0129664 -0.0472561 0)
(0.0098295 -0.0568442 0)
(0.00670048 -0.0725139 0)
(0.00348373 -0.0955107 0)
(0.0338084 -0.0132724 0)
(0.0312412 -0.0164339 0)
(0.0296813 -0.0175587 0)
(0.0286812 -0.0190128 0)
(0.0275949 -0.0206802 0)
(0.0265349 -0.0224776 0)
(0.0254634 -0.0243252 0)
(0.0243547 -0.026143 0)
(0.0231849 -0.0278657 0)
(0.0219315 -0.029459 0)
(0.0205715 -0.0309361 0)
(0.0190776 -0.0323813 0)
(0.0174161 -0.0339893 0)
(0.0155445 -0.0361222 0)
(0.0134318 -0.0394057 0)
(0.0109465 -0.044877 0)
(0.00844579 -0.0541918 0)
(0.00547417 -0.069456 0)
(0.00278541 -0.0916689 0)
(0.0296657 -0.0125045 0)
(0.0271132 -0.0153627 0)
(0.025457 -0.0165033 0)
(0.024324 -0.0180018 0)
(0.0231941 -0.019717 0)
(0.0221501 -0.021545 0)
(0.0211479 -0.0233997 0)
(0.0201541 -0.0251985 0)
(0.0191416 -0.0268804 0)
(0.0180866 -0.0284113 0)
(0.0169665 -0.0298042 0)
(0.0157537 -0.0311382 0)
(0.0144105 -0.0325977 0)
(0.0128835 -0.0345385 0)
(0.0110922 -0.0375822 0)
(0.0090956 -0.0427903 0)
(0.00661698 -0.0518864 0)
(0.00419423 -0.0668271 0)
(0.00187124 -0.0887694 0)
(0.0250727 -0.0115442 0)
(0.0225696 -0.0140776 0)
(0.0207924 -0.0152929 0)
(0.0195649 -0.0169104 0)
(0.0184464 -0.0187336 0)
(0.0174729 -0.0206409 0)
(0.0165865 -0.0225388 0)
(0.015746 -0.0243512 0)
(0.0149203 -0.0260202 0)
(0.0140872 -0.0275185 0)
(0.0132268 -0.0288571 0)
(0.0123174 -0.0301103 0)
(0.0113228 -0.0314508 0)
(0.0101885 -0.0332142 0)
(0.00884968 -0.0360143 0)
(0.00710856 -0.0409446 0)
(0.00537628 -0.0497695 0)
(0.00303319 -0.0644619 0)
(0.0014285 -0.0866054 0)
(0.0201463 -0.010196 0)
(0.0174888 -0.0124118 0)
(0.0156203 -0.0138372 0)
(0.0143959 -0.0156731 0)
(0.0133846 -0.0176639 0)
(0.0125626 -0.0196824 0)
(0.0118557 -0.0216444 0)
(0.0112158 -0.0234852 0)
(0.0106128 -0.0251594 0)
(0.0100273 -0.0266462 0)
(0.00944773 -0.0279608 0)
(0.00886056 -0.0291733 0)
(0.00824659 -0.0304469 0)
(0.00756471 -0.0320994 0)
(0.00672032 -0.0347348 0)
(0.0057556 -0.0394516 0)
(0.00437943 -0.0480788 0)
(0.00241769 -0.0629166 0)
(0.00203059 -0.0850969 0)
(0.014493 -0.00860112 0)
(0.0117218 -0.010899 0)
(0.00991149 -0.0128246 0)
(0.00889336 -0.0150452 0)
(0.00814589 -0.0172984 0)
(0.00758173 -0.0194964 0)
(0.00712384 -0.0215862 0)
(0.00672871 -0.0235251 0)
(0.00637227 -0.0252843 0)
(0.00604286 -0.0268547 0)
(0.00573562 -0.0282587 0)
(0.00544934 -0.0295708 0)
(0.00517879 -0.0309512 0)
(0.00490553 -0.0327155 0)
(0.00461475 -0.0354599 0)
(0.00420442 -0.0403356 0)
(0.00373423 -0.0497233 0)
(0.00205663 -0.0660903 0)
(0.00532502 -0.0901039 0)
(0.00614419 -0.00621955 0)
(0.00434584 -0.0090066 0)
(0.00347571 -0.0116393 0)
(0.00302752 -0.0142001 0)
(0.00273979 -0.0166071 0)
(0.00253246 -0.0188636 0)
(0.00236579 -0.020953 0)
(0.00222015 -0.0228495 0)
(0.00208566 -0.0245297 0)
(0.00195782 -0.0259837 0)
(0.00183502 -0.0272257 0)
(0.00171648 -0.0283121 0)
(0.0016004 -0.029371 0)
(0.00148052 -0.0306538 0)
(0.00135469 -0.0326389 0)
(0.00127809 -0.0363194 0)
(0.00137648 -0.0438074 0)
(0.00013661 -0.0605651 0)
(0.0142656 -0.0659945 0)
)
;

boundaryField
{
    leftWall
    {
        type            noSlip;
    }
    rightWall
    {
        type            noSlip;
    }
    lowerWall
    {
        type            noSlip;
    }
    atmosphere
    {
        type            pressureInletOutletVelocity;
        value           nonuniform List<vector> 
46
(
(0 -0.0221081 0)
(0 0.00149017 0)
(0.0263129 0.0291846 0)
(0.0306447 0.0438757 0)
(0.0313884 0.0486017 0)
(0.0312526 0.0493501 0)
(0.0307444 0.0483416 0)
(0.03017 0.0465574 0)
(0.0296044 0.0443938 0)
(0.0290507 0.0420085 0)
(0.0284841 0.039473 0)
(0.0278683 0.036831 0)
(0.0271588 0.0341205 0)
(0.0263015 0.0313784 0)
(0.025226 0.0286415 0)
(0.0238294 0.0259353 0)
(0.0219525 0.0232367 0)
(0.0192484 0.0202919 0)
(0.0164837 0.0137595 0)
(0.0121628 0.00865297 0)
(0.0106738 0.00456194 0)
(0.00954393 0.00167227 0)
(0.00826307 -0.00058439 0)
(0.00776649 -0.000629668 0)
(0 -0.00134833 0)
(0 -0.00133299 0)
(0 -0.00183438 0)
(0 -0.00621955 0)
(0 -0.0090066 0)
(0 -0.0116393 0)
(0 -0.0142001 0)
(0 -0.0166071 0)
(0 -0.0188636 0)
(0 -0.020953 0)
(0 -0.0228495 0)
(0 -0.0245297 0)
(0 -0.0259837 0)
(0 -0.0272257 0)
(0 -0.0283121 0)
(0 -0.029371 0)
(0 -0.0306538 0)
(0 -0.0326389 0)
(0 -0.0363194 0)
(0 -0.0438074 0)
(0 -0.0605651 0)
(0 -0.0659945 0)
)
;
    }
    defaultFaces
    {
        type            empty;
    }
}


// ************************************************************************* //
