/*--------------------------------*- C++ -*----------------------------------*\
  =========                 |
  \\      /  F ield         | OpenFOAM: The Open Source CFD Toolbox
   \\    /   O peration     | Website:  https://openfoam.org
    \\  /    A nd           | Version:  13
     \\/     M anipulation  |
\*---------------------------------------------------------------------------*/
FoamFile
{
    format      ascii;
    class       volVectorField;
    location    "2.7";
    object      U;
}
// * * * * * * * * * * * * * * * * * * * * * * * * * * * * * * * * * * * * * //

dimensions      [0 1 -1 0 0 0 0];

internalField   nonuniform List<vector> 
2268
(
(-0.0091658 0.0036877 0)
(-0.0169772 0.00146386 0)
(-0.0200274 0.000332044 0)
(-0.0232165 0.000258694 0)
(-0.0262742 0.000410404 0)
(-0.0294725 0.000555143 0)
(-0.032721 0.000660807 0)
(-0.0360605 0.000781989 0)
(-0.0396524 0.000943352 0)
(-0.0435124 0.00104879 0)
(-0.0474252 0.00106092 0)
(-0.0511105 0.00097865 0)
(-0.0543184 0.00083527 0)
(-0.0569086 0.000697196 0)
(-0.0588573 0.000601877 0)
(-0.060025 0.000473311 0)
(-0.060152 0.000256428 0)
(-0.0590151 0.000130801 0)
(-0.0565858 3.43374e-05 0)
(-0.0527466 -0.000332352 0)
(-0.0464656 -0.00154493 0)
(-0.036864 -0.0043645 0)
(-0.0197689 -0.010282 0)
(-0.00603111 0.00855846 0)
(-0.0108091 0.00393987 0)
(-0.014548 0.00267231 0)
(-0.0190119 0.00247669 0)
(-0.0232108 0.00247022 0)
(-0.0272318 0.00247462 0)
(-0.0310998 0.00248561 0)
(-0.0349489 0.00259173 0)
(-0.0389739 0.00280812 0)
(-0.04322 0.00294867 0)
(-0.0475154 0.00290312 0)
(-0.0516001 0.00264828 0)
(-0.0552204 0.00225367 0)
(-0.0582053 0.00179143 0)
(-0.060407 0.00124218 0)
(-0.0615215 0.000478903 0)
(-0.0611076 -0.000528059 0)
(-0.0588448 -0.00158963 0)
(-0.0546354 -0.00271041 0)
(-0.0483703 -0.00420186 0)
(-0.0396752 -0.00654532 0)
(-0.0298006 -0.0102539 0)
(-0.0142927 -0.0189175 0)
(-0.00252256 0.0115506 0)
(-0.0070901 0.00592754 0)
(-0.0115255 0.00486685 0)
(-0.0166218 0.00465512 0)
(-0.0213158 0.00453997 0)
(-0.025679 0.00443818 0)
(-0.0298089 0.00437854 0)
(-0.0338812 0.00448337 0)
(-0.0380819 0.00475715 0)
(-0.0424528 0.00492513 0)
(-0.0468517 0.00481694 0)
(-0.0510433 0.00438573 0)
(-0.0547857 0.0037123 0)
(-0.0578839 0.00293696 0)
(-0.0601124 0.00194732 0)
(-0.0610795 0.000566305 0)
(-0.060293 -0.00121434 0)
(-0.0574189 -0.00319011 0)
(-0.0523561 -0.00527489 0)
(-0.0450735 -0.00776141 0)
(-0.0354455 -0.0110728 0)
(-0.0252999 -0.0158411 0)
(-0.010465 -0.0275246 0)
(0.00110955 0.0131513 0)
(-0.00455754 0.00818782 0)
(-0.00954311 0.00739115 0)
(-0.0149624 0.00710257 0)
(-0.0198626 0.00681165 0)
(-0.0243679 0.00657647 0)
(-0.028604 0.00645365 0)
(-0.0327864 0.00657433 0)
(-0.0370658 0.00690882 0)
(-0.0414539 0.00710572 0)
(-0.0458401 0.00694463 0)
(-0.0500255 0.00633502 0)
(-0.0537577 0.00542989 0)
(-0.0568202 0.00425096 0)
(-0.0589556 0.00270118 0)
(-0.0597102 0.000555369 0)
(-0.0585766 -0.00216768 0)
(-0.0552475 -0.00516629 0)
(-0.0496456 -0.00826332 0)
(-0.0418034 -0.0117258 0)
(-0.0317321 -0.0158976 0)
(-0.0214505 -0.0215685 0)
(-0.00731478 -0.03492 0)
(0.00334461 0.0113008 0)
(-0.00335791 0.00972512 0)
(-0.00836439 0.00930275 0)
(-0.0137644 0.00897489 0)
(-0.0186336 0.00856796 0)
(-0.0230705 0.00826443 0)
(-0.0272679 0.00816827 0)
(-0.0314979 0.00838681 0)
(-0.0357985 0.0088459 0)
(-0.0401051 0.00913233 0)
(-0.0443724 0.00898983 0)
(-0.0484296 0.00828859 0)
(-0.0521005 0.00710418 0)
(-0.0550729 0.00553103 0)
(-0.0569859 0.00336301 0)
(-0.0574193 0.000371674 0)
(-0.0558846 -0.00338868 0)
(-0.0521322 -0.00747982 0)
(-0.0461163 -0.0116991 0)
(-0.0379331 -0.0162224 0)
(-0.0277248 -0.0212629 0)
(-0.0175604 -0.0275999 0)
(-0.00439322 -0.041124 0)
(0.00213577 0.0120591 0)
(-0.00400326 0.0120833 0)
(-0.00811455 0.0116519 0)
(-0.012884 0.0111445 0)
(-0.0172514 0.010553 0)
(-0.0213225 0.0100581 0)
(-0.0253708 0.00986342 0)
(-0.0297327 0.0100454 0)
(-0.0340894 0.0104297 0)
(-0.0382476 0.0106605 0)
(-0.0422977 0.0104678 0)
(-0.0462343 0.00966935 0)
(-0.0497636 0.00829967 0)
(-0.0524658 0.00641158 0)
(-0.0540283 0.00374519 0)
(-0.0540124 -2.81322e-05 0)
(-0.0520112 -0.00480819 0)
(-0.0479053 -0.0100386 0)
(-0.0416061 -0.0154088 0)
(-0.0332012 -0.0209821 0)
(-0.0230027 -0.0267877 0)
(-0.0130779 -0.0334034 0)
(-0.000844542 -0.0452525 0)
(-0.000636291 0.0172818 0)
(-0.00468905 0.0152062 0)
(-0.00710618 0.0142277 0)
(-0.0102829 0.0134941 0)
(-0.0134983 0.0125104 0)
(-0.0170604 0.0118067 0)
(-0.0212943 0.0116066 0)
(-0.0263056 0.0118846 0)
(-0.0309279 0.0121743 0)
(-0.0349795 0.0123628 0)
(-0.0388103 0.0121424 0)
(-0.0424667 0.0112702 0)
(-0.0458647 0.00971762 0)
(-0.0483441 0.00729727 0)
(-0.049456 0.00402556 0)
(-0.048878 -0.000466853 0)
(-0.046414 -0.00598884 0)
(-0.0420548 -0.011955 0)
(-0.0355519 -0.018097 0)
(-0.0270263 -0.0242599 0)
(-0.0170018 -0.0303874 0)
(-0.00738093 -0.0368742 0)
(0.00355101 -0.0454093 0)
(0.000206211 0.0157061 0)
(-0.00319122 0.0169406 0)
(-0.00260552 0.0160375 0)
(-0.00234867 0.0155719 0)
(-0.00227306 0.0150706 0)
(-0.00296257 0.0148984 0)
(-0.00475265 0.0154331 0)
(-0.00808087 0.0160876 0)
(-0.01308 0.0158038 0)
(-0.0186888 0.0153741 0)
(-0.0243881 0.0145641 0)
(-0.0299545 0.0131283 0)
(-0.0352271 0.0107561 0)
(-0.0391641 0.00780927 0)
(-0.041012 0.00406962 0)
(-0.0403114 -0.00107264 0)
(-0.0375622 -0.00731721 0)
(-0.0331164 -0.014087 0)
(-0.0266789 -0.0213477 0)
(-0.0185379 -0.028458 0)
(-0.00929491 -0.0352839 0)
(-0.000646905 -0.0417707 0)
(0.00706342 -0.0464922 0)
(-0.0312425 0.0143527 0)
(-0.0731194 0.0127003 0)
(-0.100342 0.00638713 0)
(-0.107673 -0.000263963 0)
(-0.095675 -0.00790324 0)
(-0.0790063 -0.00492552 0)
(-0.0694306 -0.00213273 0)
(-0.05877 -0.00509274 0)
(-0.043791 -0.00688892 0)
(-0.0277861 -0.00848995 0)
(-0.0133642 -0.00329127 0)
(-0.0174315 0.00670888 0)
(-0.0266435 0.000148346 0)
(-0.0196421 -0.00476169 0)
(-0.0133946 -0.00156359 0)
(-0.00952256 -0.00283706 0)
(-0.00434113 -0.00221388 0)
(-0.000984095 -0.00254398 0)
(0.00590475 0.00128721 0)
(-0.0323456 0.0296309 0)
(-0.064563 0.0224407 0)
(-0.0837494 0.0106624 0)
(-0.0890166 0.000733156 0)
(-0.0849662 -0.00999372 0)
(-0.076488 -0.0083592 0)
(-0.0635697 -0.00771918 0)
(-0.0491554 -0.00920936 0)
(-0.0369106 -0.00885703 0)
(-0.0302527 -0.00929985 0)
(-0.0259894 -0.00426749 0)
(-0.018783 0.00354753 0)
(-0.0120975 -0.00194992 0)
(-0.0108194 -0.00334567 0)
(-0.0121049 -0.0016764 0)
(-0.0106036 -0.00307853 0)
(-0.00874148 -0.00202062 0)
(-0.00718047 -0.00158226 0)
(-0.00587556 0.000657867 0)
(-0.0302294 0.0467308 0)
(-0.0522549 0.0321185 0)
(-0.0660618 0.0139227 0)
(-0.0658006 0.00114377 0)
(-0.0627867 -0.0105286 0)
(-0.0616862 -0.0104859 0)
(-0.0533593 -0.0120754 0)
(-0.0402206 -0.0131933 0)
(-0.0278824 -0.0116881 0)
(-0.0255606 -0.00971227 0)
(-0.0267256 -0.00586243 0)
(-0.0171941 -0.000459733 0)
(-0.00783581 -0.00366058 0)
(-0.00900543 -0.00250806 0)
(-0.0111599 -0.00168865 0)
(-0.0109246 -0.00309204 0)
(-0.0108817 -0.00232001 0)
(-0.00822173 -0.00221279 0)
(-0.0103809 -0.00458585 0)
(-0.0288182 0.0623088 0)
(-0.0411399 0.0406001 0)
(-0.0484226 0.015231 0)
(-0.0403806 -0.00231154 0)
(-0.0339259 -0.0119182 0)
(-0.0390156 -0.0103933 0)
(-0.0372232 -0.0159176 0)
(-0.0258194 -0.0173534 0)
(-0.0114799 -0.0155258 0)
(-0.0104212 -0.00779802 0)
(-0.0166892 -0.00626912 0)
(-0.00972089 -0.00412358 0)
(-0.00558335 -0.00438292 0)
(-0.0122332 -0.00117845 0)
(-0.0142605 -0.00127736 0)
(-0.0111253 -0.00238356 0)
(-0.00605213 -0.00249009 0)
(0.00669092 -0.00351419 0)
(0.0142197 -0.00913463 0)
(-0.0202658 0.0774715 0)
(-0.0233553 0.0461234 0)
(-0.0231808 0.0151577 0)
(-0.0199462 -0.00674908 0)
(-0.0144592 -0.0142728 0)
(-0.0115987 -0.00864832 0)
(-0.0102462 -0.0197335 0)
(0.000289136 -0.0245909 0)
(0.0108986 -0.0216794 0)
(0.0155958 -0.00643754 0)
(0.00858904 -0.00543797 0)
(0.00910331 -0.00570785 0)
(-0.00370101 -0.0012821 0)
(-0.0286375 0.00253481 0)
(-0.0290238 -0.00274571 0)
(-0.0086517 -0.00824799 0)
(0.018257 -0.0110192 0)
(0.0469769 -0.0158814 0)
(0.0835737 0.0107874 0)
(-0.000935296 0.0817506 0)
(0.00551787 0.0456198 0)
(0.0080827 0.0151584 0)
(9.09687e-06 -0.00577072 0)
(-0.00619124 -0.0148982 0)
(-0.00138271 -0.0117458 0)
(0.00772628 -0.0225774 0)
(0.0166192 -0.0289702 0)
(0.0186961 -0.0225999 0)
(0.017833 -0.00635351 0)
(0.0188176 -0.00545869 0)
(0.0287961 -0.00660158 0)
(0.00141642 0.014629 0)
(-0.0423914 0.00774845 0)
(-0.0261205 -0.0138003 0)
(0.00170892 -0.0217311 0)
(0.032015 -0.0267769 0)
(0.0557695 -0.0337146 0)
(0.0837094 0.0468917 0)
(0.0199263 0.0747997 0)
(0.0367184 0.0416244 0)
(0.0398793 0.0165323 0)
(0.0253326 -9.17828e-06 0)
(0.00599765 -0.0124735 0)
(0.00634804 -0.0154275 0)
(0.0170209 -0.0253844 0)
(0.0207616 -0.0299808 0)
(0.0154796 -0.0203578 0)
(0.0101383 -0.00626779 0)
(0.0108935 -0.00669711 0)
(0.0156342 -0.00692264 0)
(0.0016552 0.0444148 0)
(-0.0227417 0.00926744 0)
(-0.00779078 -0.0224173 0)
(0.0110652 -0.0315379 0)
(0.0336599 -0.0372625 0)
(0.0429071 -0.039392 0)
(0.0640121 0.0724862 0)
(0.0562384 0.054808 0)
(0.0669261 0.0363239 0)
(0.0690155 0.01816 0)
(0.0528683 0.00835502 0)
(0.0255042 -0.00523285 0)
(0.0188058 -0.017262 0)
(0.0223489 -0.02698 0)
(0.0184287 -0.0280019 0)
(0.00718352 -0.0163892 0)
(0.00152815 -0.00600035 0)
(0.00148776 -0.00717313 0)
(-0.00118752 -0.00562767 0)
(-0.00415513 0.0446703 0)
(0.000423811 0.00682492 0)
(0.00902355 -0.0275904 0)
(0.0174294 -0.0379972 0)
(0.0294072 -0.043323 0)
(0.0243826 -0.0393878 0)
(0.0422216 0.0896163 0)
(-0.000737065 0.0166947 0)
(-0.000827089 0.0151246 0)
(0.00346826 0.0133969 0)
(0.00727484 0.0131029 0)
(0.0108358 0.0130326 0)
(0.0137582 0.013642 0)
(0.0157027 0.0152295 0)
(0.0164706 0.0172179 0)
(0.016062 0.018598 0)
(0.0147999 0.0195162 0)
(0.0129294 0.0198659 0)
(0.010624 0.0193354 0)
(0.00780746 0.0175275 0)
(0.00418137 0.0129205 0)
(0.000172022 0.00621323 0)
(-0.00347201 -0.00207042 0)
(-0.00548452 -0.0104486 0)
(-0.00526946 -0.018745 0)
(-0.00274841 -0.0268348 0)
(0.00242527 -0.0340848 0)
(0.00953662 -0.0406351 0)
(0.0165883 -0.046297 0)
(0.0159019 -0.0460558 0)
(-0.00396792 0.018583 0)
(-0.000598488 0.0102815 0)
(0.00639661 0.00700322 0)
(0.0125764 0.00726081 0)
(0.0182471 0.00782732 0)
(0.023494 0.00911272 0)
(0.0279165 0.0117212 0)
(0.0312358 0.0145983 0)
(0.0335685 0.0166813 0)
(0.0351878 0.0178931 0)
(0.0363439 0.0183174 0)
(0.0372014 0.0179208 0)
(0.0379688 0.0164385 0)
(0.0387954 0.0134613 0)
(0.0399139 0.00830693 0)
(0.041518 0.000768102 0)
(0.0437667 -0.00881581 0)
(0.0468668 -0.0199831 0)
(0.0510202 -0.0321409 0)
(0.0563568 -0.0437555 0)
(0.062531 -0.052459 0)
(0.0686609 -0.0552733 0)
(0.0741608 -0.0514517 0)
(0.00274711 0.0194858 0)
(0.00487323 0.00479265 0)
(0.00992836 0.000262629 0)
(0.0150498 0.00103425 0)
(0.0204479 0.00167923 0)
(0.026029 0.00317727 0)
(0.0312578 0.00679035 0)
(0.0356264 0.0107267 0)
(0.0391952 0.0135422 0)
(0.0422938 0.0152191 0)
(0.0451235 0.0158885 0)
(0.047874 0.0155944 0)
(0.0507217 0.0141281 0)
(0.0537579 0.0108959 0)
(0.057049 0.00534395 0)
(0.0604888 -0.00250517 0)
(0.0639735 -0.0120612 0)
(0.0675312 -0.0228578 0)
(0.0709035 -0.0340265 0)
(0.0736059 -0.0446798 0)
(0.0753557 -0.0525146 0)
(0.0754399 -0.0544262 0)
(0.07223 -0.0472219 0)
(0.00576905 0.0119455 0)
(0.00919961 0.000671823 0)
(0.0138643 -0.00358249 0)
(0.0181039 -0.00316788 0)
(0.0224697 -0.00297874 0)
(0.0260911 -0.0012501 0)
(0.0297113 0.00240993 0)
(0.0340246 0.00679938 0)
(0.0382555 0.0101122 0)
(0.0420677 0.0120613 0)
(0.045664 0.0129297 0)
(0.0492477 0.0125285 0)
(0.0532322 0.0106461 0)
(0.0576883 0.00713862 0)
(0.0619198 0.001648 0)
(0.065287 -0.00584086 0)
(0.0676513 -0.0150409 0)
(0.0694517 -0.025808 0)
(0.070507 -0.0360688 0)
(0.0695509 -0.0452253 0)
(0.0657226 -0.0511093 0)
(0.0592775 -0.0504382 0)
(0.0507638 -0.0395108 0)
(0.00273681 0.0126578 0)
(0.00916957 -0.00516368 0)
(0.0134249 -0.00735674 0)
(0.0171522 -0.00703209 0)
(0.0200664 -0.00591412 0)
(0.02155 -0.00276475 0)
(0.0234829 -0.00087322 0)
(0.0274587 0.00253181 0)
(0.032311 0.0059898 0)
(0.0369579 0.008132 0)
(0.0412855 0.00905227 0)
(0.0456812 0.00832464 0)
(0.0503459 0.00574166 0)
(0.0550414 0.00221532 0)
(0.059075 -0.0024093 0)
(0.0616635 -0.00851772 0)
(0.0623396 -0.016517 0)
(0.0613832 -0.0266507 0)
(0.0591334 -0.0347911 0)
(0.0547665 -0.0408574 0)
(0.0479973 -0.0436591 0)
(0.0394708 -0.0407094 0)
(0.0312809 -0.0310566 0)
(0.00508401 0.000343866 0)
(0.00545829 -0.00895726 0)
(0.00418888 -0.00994381 0)
(0.00505399 -0.0099539 0)
(0.00668747 -0.0080644 0)
(0.00916383 -0.00494488 0)
(0.0127007 -0.00457637 0)
(0.0171301 -0.00273402 0)
(0.0223737 0.000337947 0)
(0.0278297 0.00270965 0)
(0.0332871 0.00361612 0)
(0.0386704 0.00300065 0)
(0.0435903 0.000761784 0)
(0.0477828 -0.00215861 0)
(0.0511647 -0.00562897 0)
(0.0535697 -0.0100315 0)
(0.0545868 -0.0158484 0)
(0.0533343 -0.0236816 0)
(0.049469 -0.0300142 0)
(0.0436064 -0.034104 0)
(0.0359746 -0.0352258 0)
(0.0275273 -0.0323209 0)
(0.0205045 -0.0253455 0)
(-0.00357593 0.00167524 0)
(-0.0058123 -0.00533776 0)
(-0.00902009 -0.00955029 0)
(-0.00888147 -0.011676 0)
(-0.00649009 -0.0112476 0)
(-0.00211798 -0.00981591 0)
(0.00306127 -0.00961913 0)
(0.00829514 -0.00835173 0)
(0.0140738 -0.00583222 0)
(0.020346 -0.00358686 0)
(0.0266825 -0.00249971 0)
(0.0326715 -0.00269528 0)
(0.0379357 -0.00400316 0)
(0.0422832 -0.00602801 0)
(0.0457699 -0.00857844 0)
(0.0482538 -0.0118353 0)
(0.0490878 -0.0157802 0)
(0.0474985 -0.0207566 0)
(0.0433871 -0.0248429 0)
(0.0372255 -0.0271652 0)
(0.0296141 -0.0272177 0)
(0.0216405 -0.0246953 0)
(0.0150346 -0.0205147 0)
(-0.0114283 -0.00086467 0)
(-0.0158186 -0.00378662 0)
(-0.0202385 -0.00994814 0)
(-0.019958 -0.0134055 0)
(-0.0163126 -0.0144842 0)
(-0.010688 -0.0143461 0)
(-0.00429286 -0.0141374 0)
(0.00207229 -0.0130356 0)
(0.00857958 -0.010976 0)
(0.0154139 -0.00900596 0)
(0.0223343 -0.00777757 0)
(0.0288717 -0.00737691 0)
(0.0346214 -0.00781023 0)
(0.0394169 -0.00888832 0)
(0.0432099 -0.0104718 0)
(0.045759 -0.0124862 0)
(0.0466593 -0.0147058 0)
(0.0452871 -0.0174997 0)
(0.0412839 -0.0197843 0)
(0.0349993 -0.0208505 0)
(0.027159 -0.0203842 0)
(0.0191237 -0.0185337 0)
(0.0123977 -0.0160259 0)
(-0.0062396 0.0238386 0)
(-0.0130257 0.0112198 0)
(-0.0246014 -0.00546463 0)
(-0.0265512 -0.0132377 0)
(-0.0229621 -0.0165118 0)
(-0.0163273 -0.0179735 0)
(-0.00859832 -0.0181593 0)
(-0.00139874 -0.0170922 0)
(0.0056458 -0.015324 0)
(0.0131334 -0.013665 0)
(0.020833 -0.0124485 0)
(0.0282117 -0.0117223 0)
(0.0348281 -0.0115782 0)
(0.0404591 -0.0119863 0)
(0.0449978 -0.0127942 0)
(0.0481554 -0.0137665 0)
(0.0495754 -0.0146552 0)
(0.0484765 -0.0158922 0)
(0.0441016 -0.0167333 0)
(0.0366975 -0.0166797 0)
(0.0271677 -0.0156235 0)
(0.0173484 -0.0138925 0)
(0.00902914 -0.0116249 0)
(-0.0204982 0.0236633 0)
(-0.00224481 0.0230658 0)
(-0.0111919 0.000483831 0)
(-0.0200852 -0.0119593 0)
(-0.0199577 -0.0169467 0)
(-0.0154836 -0.0199626 0)
(-0.00956064 -0.0203428 0)
(-0.00288392 -0.0192067 0)
(0.00445396 -0.0179957 0)
(0.0122362 -0.0169883 0)
(0.0200627 -0.0161782 0)
(0.0275721 -0.0154597 0)
(0.0344044 -0.0150881 0)
(0.0401379 -0.0151293 0)
(0.0444611 -0.015354 0)
(0.0469512 -0.0152436 0)
(0.0474541 -0.0142402 0)
(0.0453174 -0.0122841 0)
(0.0401345 -0.00895884 0)
(0.0328287 -0.00473458 0)
(0.0247387 -0.00126317 0)
(0.0173357 -0.000523656 0)
(0.0132084 -0.0018562 0)
(0.0239527 0.0309701 0)
(0.0133417 0.0315499 0)
(0.00549167 0.0127797 0)
(-0.00152343 -0.0123033 0)
(-0.0085221 -0.0331042 0)
(-0.0141618 -0.0445615 0)
(-0.0166315 -0.0476812 0)
(-0.0154674 -0.0469936 0)
(-0.0121432 -0.0456835 0)
(-0.008885 -0.0439516 0)
(-0.00650853 -0.0416792 0)
(-0.00465286 -0.0386993 0)
(-0.00292355 -0.0353521 0)
(-0.00129991 -0.0318586 0)
(3.30117e-05 -0.0278893 0)
(0.00082744 -0.0228498 0)
(0.000951528 -0.0160336 0)
(0.000319109 -0.00757335 0)
(-0.0010755 0.00104174 0)
(-0.00306134 0.00765136 0)
(-0.00499038 0.0103856 0)
(-0.00625444 0.00794707 0)
(-0.00580929 0.00431888 0)
(0.00324987 0.001884 0)
(0.00979894 0.0240679 0)
(0.00491954 0.0157208 0)
(-0.00249662 0.000694381 0)
(-0.0125904 -0.0126206 0)
(-0.0227455 -0.0227277 0)
(-0.0297072 -0.0301076 0)
(-0.0321434 -0.0344532 0)
(-0.0316812 -0.034843 0)
(-0.0309511 -0.0323239 0)
(-0.0314831 -0.0298169 0)
(-0.032564 -0.0277179 0)
(-0.033468 -0.0258816 0)
(-0.0341001 -0.0240323 0)
(-0.0345578 -0.0217973 0)
(-0.0349107 -0.0187601 0)
(-0.0350574 -0.0146245 0)
(-0.0348123 -0.00947153 0)
(-0.0339391 -0.0041166 0)
(-0.0320819 0.000139656 0)
(-0.0294145 0.00204102 0)
(-0.0265126 0.000687389 0)
(-0.0226691 -0.00155876 0)
(-0.0136401 0.0103063 0)
(-0.00659386 0.0246827 0)
(-0.00948007 0.0186288 0)
(-0.0143751 0.00892388 0)
(-0.0227961 -0.00118116 0)
(-0.0324234 -0.0120185 0)
(-0.0400984 -0.0233211 0)
(-0.0443936 -0.0313967 0)
(-0.0461147 -0.0333518 0)
(-0.046919 -0.0305982 0)
(-0.0485473 -0.0269713 0)
(-0.0508672 -0.0249807 0)
(-0.0529099 -0.023532 0)
(-0.0544608 -0.0221256 0)
(-0.0555902 -0.0202919 0)
(-0.0562599 -0.0177521 0)
(-0.056275 -0.0143589 0)
(-0.055336 -0.0102898 0)
(-0.0531618 -0.0061431 0)
(-0.0496506 -0.00286098 0)
(-0.0452323 -0.00147098 0)
(-0.0404096 -0.0023635 0)
(-0.0348663 -0.00435144 0)
(-0.0179798 0.0226578 0)
(-0.0157898 0.0280572 0)
(-0.0200289 0.0223877 0)
(-0.0245777 0.0151065 0)
(-0.0309234 0.00715644 0)
(-0.0384471 -0.00386838 0)
(-0.0455949 -0.0173052 0)
(-0.0512014 -0.0276343 0)
(-0.0551745 -0.0313648 0)
(-0.0575098 -0.0293627 0)
(-0.0594124 -0.024842 0)
(-0.0618247 -0.0229532 0)
(-0.0637625 -0.0218944 0)
(-0.065256 -0.0208969 0)
(-0.0662659 -0.019488 0)
(-0.0667252 -0.0175038 0)
(-0.0664055 -0.0149071 0)
(-0.0650542 -0.0118608 0)
(-0.0624928 -0.00884094 0)
(-0.0587417 -0.00653742 0)
(-0.0542815 -0.00562223 0)
(-0.0492282 -0.00643442 0)
(-0.0434096 -0.00861099 0)
(-0.0159089 0.0375711 0)
(-0.018216 0.034239 0)
(-0.0243435 0.0267236 0)
(-0.0294759 0.0198127 0)
(-0.0345595 0.012808 0)
(-0.0398336 0.00210645 0)
(-0.0459112 -0.0111336 0)
(-0.0524771 -0.0223779 0)
(-0.0579528 -0.0274887 0)
(-0.062011 -0.0269492 0)
(-0.0646414 -0.0227465 0)
(-0.0665252 -0.0211906 0)
(-0.0680398 -0.0205232 0)
(-0.0691343 -0.0199523 0)
(-0.0698386 -0.0190457 0)
(-0.0700209 -0.0177446 0)
(-0.0694868 -0.0160587 0)
(-0.0680549 -0.0140999 0)
(-0.0656245 -0.0122104 0)
(-0.0622529 -0.0108465 0)
(-0.0583247 -0.0104388 0)
(-0.0537618 -0.0112333 0)
(-0.0483417 -0.0131486 0)
(-0.0126527 0.0504935 0)
(-0.0164968 0.0421105 0)
(-0.0235261 0.0327271 0)
(-0.0291869 0.0249341 0)
(-0.0336595 0.017273 0)
(-0.0377259 0.00691562 0)
(-0.042638 -0.00501811 0)
(-0.0489102 -0.0159258 0)
(-0.0554626 -0.0220091 0)
(-0.0607286 -0.0229631 0)
(-0.0639784 -0.0205274 0)
(-0.065773 -0.0196429 0)
(-0.0669709 -0.0193817 0)
(-0.0678704 -0.0191872 0)
(-0.0683894 -0.0187191 0)
(-0.0684378 -0.0180263 0)
(-0.0678879 -0.0170901 0)
(-0.0666263 -0.0159967 0)
(-0.0646037 -0.0149673 0)
(-0.0618705 -0.0143039 0)
(-0.0587535 -0.0142858 0)
(-0.0550184 -0.0151054 0)
(-0.0504089 -0.0166638 0)
(-0.0094612 0.0615252 0)
(-0.013292 0.04986 0)
(-0.0197997 0.0391364 0)
(-0.025146 0.0300574 0)
(-0.0293338 0.0212008 0)
(-0.0330389 0.0110324 0)
(-0.0374603 0.000267558 0)
(-0.0431104 -0.00940145 0)
(-0.0493176 -0.0158516 0)
(-0.054786 -0.0181743 0)
(-0.0583963 -0.0180538 0)
(-0.0604608 -0.018061 0)
(-0.0618726 -0.018308 0)
(-0.0628315 -0.0184744 0)
(-0.0634046 -0.0184387 0)
(-0.0635366 -0.0182507 0)
(-0.0631666 -0.0179033 0)
(-0.0622544 -0.0174548 0)
(-0.0607761 -0.017051 0)
(-0.0587876 -0.0168855 0)
(-0.0565392 -0.0171376 0)
(-0.05377 -0.0179468 0)
(-0.0501372 -0.0190959 0)
(-0.00628604 0.0698738 0)
(-0.00937079 0.0562469 0)
(-0.0146188 0.0447648 0)
(-0.0191046 0.0346399 0)
(-0.022912 0.024969 0)
(-0.0265253 0.0149656 0)
(-0.030677 0.00504031 0)
(-0.0357177 -0.00372138 0)
(-0.0412299 -0.0100642 0)
(-0.0462018 -0.0136047 0)
(-0.0498854 -0.015139 0)
(-0.0523663 -0.0161707 0)
(-0.054085 -0.0169826 0)
(-0.055313 -0.0175875 0)
(-0.0561104 -0.0179934 0)
(-0.0564852 -0.0182472 0)
(-0.0564419 -0.0183712 0)
(-0.0559696 -0.0184067 0)
(-0.0550811 -0.018453 0)
(-0.0538211 -0.01863 0)
(-0.0524273 -0.0190486 0)
(-0.0505707 -0.0197893 0)
(-0.0478621 -0.0205219 0)
(-0.00321289 0.0750078 0)
(-0.00518846 0.0608315 0)
(-0.00894944 0.0490481 0)
(-0.0124352 0.0384955 0)
(-0.0157398 0.0284984 0)
(-0.0191061 0.0187227 0)
(-0.0229375 0.00942675 0)
(-0.0273854 0.00125649 0)
(-0.0321609 -0.00507689 0)
(-0.0366074 -0.00933407 0)
(-0.0402026 -0.012032 0)
(-0.0428968 -0.0139043 0)
(-0.0449242 -0.0153269 0)
(-0.0464413 -0.0164168 0)
(-0.0475257 -0.0172513 0)
(-0.0482184 -0.01791 0)
(-0.0485454 -0.0184212 0)
(-0.0485304 -0.0188316 0)
(-0.0482017 -0.0192056 0)
(-0.0476101 -0.0196143 0)
(-0.0469421 -0.0201179 0)
(-0.0458971 -0.0207599 0)
(-0.0439924 -0.0210917 0)
(-0.000588287 0.077026 0)
(-0.00135367 0.0634955 0)
(-0.00364795 0.0520138 0)
(-0.00610162 0.0415206 0)
(-0.00876386 0.0316037 0)
(-0.0117069 0.0221438 0)
(-0.0150934 0.0133379 0)
(-0.0189482 0.00558756 0)
(-0.0230533 -0.000717956 0)
(-0.0269811 -0.00545166 0)
(-0.03037 -0.00887316 0)
(-0.0331324 -0.0114321 0)
(-0.035345 -0.0134089 0)
(-0.0370956 -0.0149589 0)
(-0.0384437 -0.0162019 0)
(-0.0394355 -0.0172189 0)
(-0.0401117 -0.01806 0)
(-0.0405093 -0.018767 0)
(-0.0406656 -0.0193841 0)
(-0.0406207 -0.0199501 0)
(-0.0405708 -0.0204936 0)
(-0.0401523 -0.0210171 0)
(-0.0388702 -0.0210021 0)
(0.00125105 0.0764089 0)
(0.00163764 0.0644524 0)
(0.000702614 0.0537288 0)
(-0.000737609 0.0436709 0)
(-0.00266135 0.034109 0)
(-0.00502927 0.0250609 0)
(-0.0078591 0.0166985 0)
(-0.0110988 0.00928337 0)
(-0.0145625 0.0030432 0)
(-0.017979 -0.00195408 0)
(-0.0210796 -0.00585001 0)
(-0.0237592 -0.00890648 0)
(-0.0260232 -0.0113367 0)
(-0.0279033 -0.0132933 0)
(-0.029436 -0.0148952 0)
(-0.0306607 -0.0162286 0)
(-0.0316167 -0.017348 0)
(-0.0323445 -0.0182937 0)
(-0.032883 -0.0190956 0)
(-0.0332768 -0.0197726 0)
(-0.0336696 -0.0203263 0)
(-0.0337445 -0.0207434 0)
(-0.0329387 -0.0204335 0)
(0.00226493 0.0740587 0)
(0.0035722 0.0640019 0)
(0.00378723 0.0543039 0)
(0.00330891 0.0449322 0)
(0.00218157 0.0359098 0)
(0.000494108 0.0273539 0)
(-0.00169316 0.0194334 0)
(-0.00428478 0.0123404 0)
(-0.00712 0.00621865 0)
(-0.0099961 0.00110797 0)
(-0.0127327 -0.00306614 0)
(-0.0152091 -0.00646266 0)
(-0.0173949 -0.00923817 0)
(-0.0192884 -0.0115233 0)
(-0.0209043 -0.0134257 0)
(-0.022268 -0.0150249 0)
(-0.0234111 -0.0163753 0)
(-0.0243716 -0.0175129 0)
(-0.0251852 -0.0184577 0)
(-0.0258783 -0.0192139 0)
(-0.026612 -0.0197678 0)
(-0.0270074 -0.020089 0)
(-0.02651 -0.019547 0)
(0.00254394 0.0708651 0)
(0.00451544 0.062509 0)
(0.00562167 0.0538895 0)
(0.00599215 0.0453185 0)
(0.00565058 0.0369469 0)
(0.00468927 0.0289512 0)
(0.00319912 0.0214987 0)
(0.00128683 0.0147428 0)
(-0.000911137 0.00879393 0)
(-0.00323134 0.0036904 0)
(-0.00553422 -0.000616024 0)
(-0.00771192 -0.004218 0)
(-0.00971096 -0.0072317 0)
(-0.0115103 -0.00976133 0)
(-0.0131064 -0.0118967 0)
(-0.0145106 -0.0137074 0)
(-0.0157446 -0.0152421 0)
(-0.0168381 -0.0165304 0)
(-0.0178198 -0.0175847 0)
(-0.0187175 -0.0183977 0)
(-0.0196376 -0.0189456 0)
(-0.0202628 -0.0191922 0)
(-0.0199861 -0.018467 0)
(0.00232781 0.0674907 0)
(0.00470458 0.0603579 0)
(0.00643672 0.0526974 0)
(0.00750461 0.0449233 0)
(0.00788103 0.0372319 0)
(0.00762787 0.0298228 0)
(0.00683266 0.022861 0)
(0.00559629 0.0164796 0)
(0.00403811 0.0107677 0)
(0.00228858 0.00575866 0)
(0.000465688 0.00143025 0)
(-0.00134729 -0.0022666 0)
(-0.00307921 -0.00541824 0)
(-0.00469734 -0.00810775 0)
(-0.00618553 -0.0104066 0)
(-0.00754261 -0.0123721 0)
(-0.00877966 -0.0140441 0)
(-0.00991838 -0.015445 0)
(-0.0109785 -0.0165796 0)
(-0.0119677 -0.0174327 0)
(-0.0130147 -0.0179752 0)
(-0.0137392 -0.0181624 0)
(-0.0135817 -0.0172976 0)
(0.0018836 0.0643564 0)
(0.00444257 0.0578654 0)
(0.00656179 0.0509417 0)
(0.00816097 0.0438764 0)
(0.00914655 0.0368366 0)
(0.00953361 0.0300092 0)
(0.00938695 0.0235448 0)
(0.00879037 0.0175597 0)
(0.00784254 0.0121315 0)
(0.00664922 0.00729483 0)
(0.00531086 0.00304212 0)
(0.00390192 -0.000656565 0)
(0.00249082 -0.00386297 0)
(0.00111653 -0.00663867 0)
(-0.000196316 -0.00903785 0)
(-0.00143799 -0.0111034 0)
(-0.00260935 -0.0128657 0)
(-0.00372128 -0.0143419 0)
(-0.004785 -0.0155292 0)
(-0.00581146 -0.0164075 0)
(-0.0068729 -0.0169413 0)
(-0.007655 -0.0170857 0)
(-0.00758266 -0.0161108 0)
(0.00141662 0.0616416 0)
(0.00400047 0.0552542 0)
(0.0063285 0.0488142 0)
(0.0083029 0.042324 0)
(0.00976972 0.0358665 0)
(0.0106957 0.0295882 0)
(0.011115 0.0236127 0)
(0.0110891 0.0180364 0)
(0.0106953 0.0129252 0)
(0.0100191 0.00831267 0)
(0.00914421 0.00420135 0)
(0.00814015 0.000573655 0)
(0.00706428 -0.00260889 0)
(0.00596125 -0.00539798 0)
(0.00486034 -0.00783283 0)
(0.00377936 -0.00994588 0)
(0.00272468 -0.0117583 0)
(0.00169157 -0.0132774 0)
(0.000675949 -0.0144943 0)
(-0.000313666 -0.0153839 0)
(-0.00137641 -0.0159048 0)
(-0.0021318 -0.0160094 0)
(-0.00207161 -0.0149671 0)
(0.00105642 0.0593373 0)
(0.00358582 0.0526483 0)
(0.00600814 0.046463 0)
(0.00823027 0.040406 0)
(0.0100524 0.0344442 0)
(0.0114014 0.0286648 0)
(0.0122823 0.0231549 0)
(0.0127341 0.0179865 0)
(0.0128145 0.0132114 0)
(0.0125915 0.00885917 0)
(0.0121343 0.0049369 0)
(0.0115058 0.00143467 0)
(0.0107539 -0.00166703 0)
(0.0099251 -0.00441474 0)
(0.00904982 -0.00683474 0)
(0.00814972 -0.00894848 0)
(0.0072358 -0.0107684 0)
(0.00631044 -0.0122947 0)
(0.00537644 -0.0135136 0)
(0.00443774 -0.014394 0)
(0.00344863 -0.0148923 0)
(0.00270121 -0.0149628 0)
(0.00274246 -0.0138767 0)
(0.000861693 0.0573277 0)
(0.00332385 0.0500888 0)
(0.00579001 0.0439859 0)
(0.00816908 0.0382398 0)
(0.0102369 0.0326896 0)
(0.0118943 0.0273545 0)
(0.0131245 0.0222786 0)
(0.0139483 0.0175062 0)
(0.0144076 0.0130728 0)
(0.014556 0.00900096 0)
(0.0144506 0.00529893 0)
(0.0141465 0.00196167 0)
(0.0136847 -0.00101741 0)
(0.01311 -0.00368052 0)
(0.0124517 -0.0060439 0)
(0.0117325 -0.00812007 0)
(0.0109668 -0.00991405 0)
(0.0101602 -0.01142 0)
(0.00932102 -0.0126194 0)
(0.00847023 -0.0134776 0)
(0.00753001 -0.0139506 0)
(0.00683994 -0.0139897 0)
(0.0068881 -0.0128542 0)
(0.000849024 0.0554414 0)
(0.0032803 0.0475541 0)
(0.00578475 0.0414322 0)
(0.00826614 0.0359123 0)
(0.0104932 0.0307081 0)
(0.0123557 0.0257693 0)
(0.0138255 0.0210954 0)
(0.0149126 0.0167011 0)
(0.0156485 0.0126045 0)
(0.0160765 0.00881985 0)
(0.0162447 0.00535429 0)
(0.0162003 0.00220638 0)
(0.015979 -0.00062296 0)
(0.0156218 -0.00317094 0)
(0.015155 -0.00544606 0)
(0.0146005 -0.00745404 0)
(0.0139733 -0.00919389 0)
(0.0132827 -0.0106554 0)
(0.0125407 -0.0118158 0)
(0.0117587 -0.0126395 0)
(0.0109118 -0.0130795 0)
(0.0102505 -0.0130893 0)
(0.0102756 -0.0119159 0)
(0.00100679 0.0534945 0)
(0.00347178 0.0449834 0)
(0.00604425 0.0388134 0)
(0.00860239 0.0334813 0)
(0.0109246 0.028586 0)
(0.0129035 0.0240112 0)
(0.0145117 0.0197129 0)
(0.015757 0.0156776 0)
(0.016667 0.0119063 0)
(0.0172801 0.00840498 0)
(0.0176384 0.00517935 0)
(0.0177823 0.00223152 0)
(0.0177434 -0.000434018 0)
(0.0175573 -0.00284804 0)
(0.0172458 -0.00501331 0)
(0.0168282 -0.00693044 0)
(0.0163191 -0.00859443 0)
(0.0157283 -0.00999166 0)
(0.0150691 -0.0110971 0)
(0.0143687 -0.0118735 0)
(0.0135675 -0.0122729 0)
(0.0129624 -0.0122518 0)
(0.0129943 -0.0110531 0)
(0.00131705 0.0513041 0)
(0.00389486 0.0422951 0)
(0.00658115 0.0361157 0)
(0.00921019 0.0309815 0)
(0.0115805 0.0263915 0)
(0.0136006 0.0221691 0)
(0.0152554 0.0182308 0)
(0.0165601 0.0145378 0)
(0.0175461 0.0110763 0)
(0.018252 0.0078462 0)
(0.0187176 0.00485308 0)
(0.0189782 0.00210395 0)
(0.0190616 -0.000395078 0)
(0.0189963 -0.00266671 0)
(0.0187987 -0.00470931 0)
(0.0184839 -0.00652031 0)
(0.0180643 -0.00809255 0)
(0.0175508 -0.00941056 0)
(0.0169587 -0.0104484 0)
(0.0163041 -0.0111668 0)
(0.0155764 -0.0115203 0)
(0.0149837 -0.0114642 0)
(0.0149773 -0.0102561 0)
(0.00175797 0.0487073 0)
(0.00453054 0.0394017 0)
(0.00738759 0.0333119 0)
(0.0100916 0.0284336 0)
(0.0124723 0.0241804 0)
(0.0144664 0.0203222 0)
(0.0160828 0.0167409 0)
(0.0173547 0.0133773 0)
(0.0183243 0.0102076 0)
(0.0190362 0.00722955 0)
(0.0195312 0.00445171 0)
(0.0198414 0.00188892 0)
(0.0199899 -0.000450756 0)
(0.0199968 -0.0025802 0)
(0.0198713 -0.00449455 0)
(0.0196228 -0.00619023 0)
(0.0192616 -0.00766001 0)
(0.0187975 -0.00888879 0)
(0.018247 -0.00985045 0)
(0.0176394 -0.0105058 0)
(0.0169308 -0.0108097 0)
(0.0163697 -0.0107231 0)
(0.0163338 -0.00951464 0)
(0.00231427 0.0455566 0)
(0.00536246 0.0362147 0)
(0.00844671 0.0303693 0)
(0.0112311 0.0258525 0)
(0.013585 0.0220036 0)
(0.0154865 0.0185445 0)
(0.0169825 0.0153294 0)
(0.0181335 0.0122859 0)
(0.0190005 0.00938711 0)
(0.0196387 0.00663441 0)
(0.0200931 0.00404485 0)
(0.0203934 0.00164566 0)
(0.0205571 -0.000550369 0)
(0.0205931 -0.00254458 0)
(0.0205009 -0.00433029 0)
(0.0202833 -0.00590565 0)
(0.0199475 -0.00726649 0)
(0.0195047 -0.00840026 0)
(0.0189734 -0.00928185 0)
(0.0183722 -0.00987379 0)
(0.0177029 -0.0101309 0)
(0.0171308 -0.0100139 0)
(0.0170258 -0.00882318 0)
(0.00297491 0.0417233 0)
(0.00637502 0.0326479 0)
(0.0097426 0.0272573 0)
(0.0126042 0.0232572 0)
(0.0148839 0.0199158 0)
(0.0166193 0.0169117 0)
(0.0179102 0.014081 0)
(0.0188549 0.0113488 0)
(0.0195391 0.00869461 0)
(0.0200323 0.00613176 0)
(0.0203857 0.00369307 0)
(0.0206271 0.00142431 0)
(0.0207658 -0.000651182 0)
(0.0207957 -0.00252178 0)
(0.0207036 -0.00418102 0)
(0.0204842 -0.00563322 0)
(0.0201428 -0.00688129 0)
(0.0196922 -0.00791768 0)
(0.0191528 -0.00871995 0)
(0.0185574 -0.00925107 0)
(0.017878 -0.0094643 0)
(0.0173116 -0.00932724 0)
(0.017169 -0.00816383 0)
(0.00374391 0.0370839 0)
(0.00756538 0.0286167 0)
(0.0112597 0.023956 0)
(0.0141751 0.0206826 0)
(0.0163123 0.0179855 0)
(0.0177941 0.0155073 0)
(0.018791 0.0130817 0)
(0.0194473 0.0106471 0)
(0.0198762 0.00820244 0)
(0.0201631 0.00578303 0)
(0.0203661 0.00344599 0)
(0.0205111 0.00126405 0)
(0.0205959 -0.000720521 0)
(0.0205941 -0.00248119 0)
(0.020475 -0.00401579 0)
(0.0202245 -0.00534186 0)
(0.0198482 -0.00647505 0)
(0.0193643 -0.00741532 0)
(0.0187988 -0.00814309 0)
(0.0181768 -0.00862036 0)
(0.0175103 -0.00880142 0)
(0.0169222 -0.00864815 0)
(0.0167145 -0.0075362 0)
(0.0046493 0.0315136 0)
(0.00893652 0.0240437 0)
(0.0129741 0.0204679 0)
(0.0158819 0.0181917 0)
(0.0177765 0.0163027 0)
(0.0189028 0.0144246 0)
(0.0195179 0.0124166 0)
(0.0198138 0.0102547 0)
(0.0199284 0.0079727 0)
(0.0199605 0.00563811 0)
(0.0199748 0.00334156 0)
(0.0199967 0.00119202 0)
(0.0200092 -0.000736839 0)
(0.0199591 -0.00240057 0)
(0.0197915 -0.00380909 0)
(0.019484 -0.00500433 0)
(0.0190474 -0.00602238 0)
(0.0185087 -0.00687251 0)
(0.0179008 -0.00753683 0)
(0.0172613 -0.00797487 0)
(0.0165771 -0.00813769 0)
(0.0159952 -0.00799118 0)
(0.0157553 -0.00694294 0)
(0.00577461 0.0248661 0)
(0.010498 0.0188782 0)
(0.0148175 0.0168383 0)
(0.0175967 0.0158882 0)
(0.0191155 0.0149786 0)
(0.0197853 0.013757 0)
(0.0199525 0.0121585 0)
(0.0198437 0.0102284 0)
(0.0196088 0.00805119 0)
(0.0193538 0.00573398 0)
(0.0191504 0.00340673 0)
(0.0190282 0.00122449 0)
(0.0189576 -0.000689102 0)
(0.0188488 -0.00226528 0)
(0.0186146 -0.00353972 0)
(0.0182265 -0.0045976 0)
(0.0177081 -0.00550386 0)
(0.0171024 -0.00627701 0)
(0.0164508 -0.00689623 0)
(0.015782 -0.00731757 0)
(0.015114 -0.0074863 0)
(0.0145347 -0.00736197 0)
(0.0142568 -0.00640825 0)
(0.00727335 0.0170424 0)
(0.0122036 0.0131977 0)
(0.0166002 0.0132128 0)
(0.019056 0.0139405 0)
(0.0200628 0.0141356 0)
(0.020225 0.0135745 0)
(0.0199416 0.012344 0)
(0.0194385 0.0105917 0)
(0.0188568 0.00846065 0)
(0.0183008 0.00609518 0)
(0.0178523 0.00366279 0)
(0.0175608 0.00137159 0)
(0.017394 -0.00057214 0)
(0.0172168 -0.00206282 0)
(0.0168962 -0.00318956 0)
(0.0164054 -0.00410211 0)
(0.015793 -0.00490779 0)
(0.0151212 -0.00562673 0)
(0.0144348 -0.00622887 0)
(0.0137688 -0.00665888 0)
(0.0131157 -0.00685501 0)
(0.0125721 -0.00678802 0)
(0.0123108 -0.00594357 0)
(0.0091996 0.00794208 0)
(0.0137525 0.00736426 0)
(0.0178261 0.0099473 0)
(0.0197691 0.0125882 0)
(0.0202325 0.0138592 0)
(0.01998 0.0138689 0)
(0.0193643 0.0129331 0)
(0.0185609 0.0113105 0)
(0.0176833 0.00918982 0)
(0.0168288 0.00673559 0)
(0.0160963 0.00413473 0)
(0.0155887 0.00164113 0)
(0.0152931 -0.000402648 0)
(0.015021 -0.00180115 0)
(0.0145843 -0.00275696 0)
(0.0139748 -0.00352173 0)
(0.0132708 -0.00425135 0)
(0.0125566 -0.00495387 0)
(0.0118733 -0.0055738 0)
(0.0112344 -0.00603999 0)
(0.010641 -0.00629058 0)
(0.0101426 -0.00628511 0)
(0.00988664 -0.00559404 0)
(0.00977063 -0.00394547 0)
(0.0138695 0.00170686 0)
(0.0174189 0.00738334 0)
(0.019015 0.0118661 0)
(0.0192156 0.0139833 0)
(0.0188908 0.0144355 0)
(0.0182206 0.0137572 0)
(0.0173022 0.0122767 0)
(0.0162283 0.0101994 0)
(0.0150904 0.00768529 0)
(0.0140059 0.00490453 0)
(0.013176 0.00210063 0)
(0.012658 5.39447e-06 0)
(0.0122427 -0.00128922 0)
(0.011628 -0.00209638 0)
(0.0108943 -0.00273407 0)
(0.0101333 -0.00343877 0)
(0.00943475 -0.00417387 0)
(0.00881548 -0.00484711 0)
(0.00826637 -0.00536926 0)
(0.00776485 -0.00566517 0)
(0.00731468 -0.00571655 0)
(0.00707049 -0.00520238 0)
(0.00621161 -0.0152511 0)
(0.0109388 -0.00389984 0)
(0.0140384 0.00465844 0)
(0.0162192 0.0111176 0)
(0.0169303 0.0140126 0)
(0.0171185 0.0150318 0)
(0.0167627 0.0148094 0)
(0.0159551 0.0136681 0)
(0.0148163 0.0118214 0)
(0.0134367 0.00943652 0)
(0.0119099 0.00664874 0)
(0.0107267 0.00355896 0)
(0.00972345 0.000752405 0)
(0.00883446 -0.000489668 0)
(0.0079059 -0.0011875 0)
(0.00713698 -0.00177355 0)
(0.0064244 -0.00254603 0)
(0.00585418 -0.00336957 0)
(0.00539417 -0.00411802 0)
(0.00500658 -0.00468981 0)
(0.00465604 -0.00500691 0)
(0.0042642 -0.00504781 0)
(0.00394083 -0.00470734 0)
(-0.00355711 -0.0152097 0)
(0.00428578 -0.00971533 0)
(0.00654292 0.000578976 0)
(0.0120375 0.00757661 0)
(0.0144541 0.011783 0)
(0.0155717 0.0139685 0)
(0.0157067 0.0146402 0)
(0.0151146 0.0141362 0)
(0.0140106 0.0127547 0)
(0.012497 0.0107361 0)
(0.010565 0.00817257 0)
(0.00874347 0.00413522 0)
(0.00578065 0.00244669 0)
(0.00463201 0.00096315 0)
(0.00330308 -0.000431678 0)
(0.00273302 -0.00135796 0)
(0.00230649 -0.00243208 0)
(0.00203495 -0.00347139 0)
(0.00184671 -0.0043597 0)
(0.00170277 -0.00502495 0)
(0.00158073 -0.00539888 0)
(0.00143728 -0.00543655 0)
(0.00124702 -0.00514348 0)
(0.0312523 -0.0661458 0)
(0.0617466 -0.0604665 0)
(0.0854163 -0.0513236 0)
(0.104545 -0.014563 0)
(0.0724249 -0.0525346 0)
(0.0659817 -0.0510442 0)
(0.059818 -0.0411026 0)
(0.0600536 -0.0148598 0)
(0.0653857 -0.0423939 0)
(0.0584185 -0.0371609 0)
(0.0521286 -0.0313713 0)
(0.0488819 -0.0197817 0)
(0.0439489 -0.0298905 0)
(0.0399326 -0.0241143 0)
(0.0359242 -0.0202903 0)
(0.0326095 -0.013926 0)
(0.027075 -0.0237025 0)
(0.025051 -0.0196537 0)
(0.0235196 -0.0152675 0)
(0.0223564 -0.00980581 0)
(0.0176501 -0.0203979 0)
(0.0164871 -0.0172461 0)
(0.0157617 -0.0135599 0)
(0.0154736 -0.00906554 0)
(0.0121524 -0.0178507 0)
(0.0109493 -0.0159472 0)
(0.0103631 -0.0133584 0)
(0.0103638 -0.010106 0)
(0.00939697 -0.0146971 0)
(0.0079786 -0.0139118 0)
(0.00706272 -0.0126074 0)
(0.0068338 -0.0106544 0)
(0.00514149 -0.0105085 0)
(0.0035198 -0.00963267 0)
(0.0026198 -0.00921797 0)
(0.00255644 -0.00904232 0)
(0.00966823 -0.00623394 0)
(0.0067003 -0.00768855 0)
(0.00459756 -0.00902257 0)
(0.00285246 -0.0100982 0)
(-0.00908791 0.000536826 0)
(-0.0103989 -0.000811043 0)
(-0.0110298 -0.00574506 0)
(-0.0112058 -0.0122759 0)
(-0.0232798 -0.00234395 0)
(-0.0220002 -0.0029134 0)
(-0.0203867 -0.00567101 0)
(-0.0191201 -0.00986459 0)
(-0.0339681 -0.00447103 0)
(-0.032093 -0.00596686 0)
(-0.0299023 -0.00837791 0)
(-0.0278087 -0.0113771 0)
(-0.042303 -0.00920235 0)
(-0.0404235 -0.0109644 0)
(-0.0383358 -0.0129328 0)
(-0.0362752 -0.0151442 0)
(-0.0477251 -0.0133487 0)
(-0.0463499 -0.0148071 0)
(-0.0447969 -0.0163734 0)
(-0.0432257 -0.0181619 0)
(-0.0506056 -0.0162717 0)
(-0.0497924 -0.0172889 0)
(-0.0488344 -0.0184942 0)
(-0.0478568 -0.0200179 0)
(-0.0511063 -0.018004 0)
(-0.05083 -0.0185675 0)
(-0.0503762 -0.0194442 0)
(-0.0498872 -0.0207874 0)
(-0.0495319 -0.0187102 0)
(-0.0496484 -0.0188554 0)
(-0.0495972 -0.0194497 0)
(-0.0495168 -0.0206502 0)
(-0.0461455 -0.0185996 0)
(-0.0465949 -0.0183936 0)
(-0.0468276 -0.0187428 0)
(-0.0470042 -0.0198432 0)
(-0.0414131 -0.0179145 0)
(-0.0420458 -0.0174132 0)
(-0.0424835 -0.0175692 0)
(-0.0428662 -0.0185883 0)
(-0.0356557 -0.016837 0)
(-0.0364526 -0.0161062 0)
(-0.0370051 -0.0161027 0)
(-0.0374629 -0.0170741 0)
(-0.0293686 -0.0155204 0)
(-0.0302005 -0.0146065 0)
(-0.0308216 -0.0144873 0)
(-0.0313574 -0.0154331 0)
(-0.0228101 -0.0140721 0)
(-0.0236975 -0.0130208 0)
(-0.0243278 -0.0128168 0)
(-0.0248359 -0.0137683 0)
(-0.0163948 -0.0126079 0)
(-0.0172299 -0.011448 0)
(-0.0178578 -0.0111899 0)
(-0.0183786 -0.0121566 0)
(-0.0102404 -0.0111898 0)
(-0.011078 -0.00995509 0)
(-0.011667 -0.00965514 0)
(-0.0121103 -0.0106479 0)
(-0.00464574 -0.00985706 0)
(-0.00539168 -0.00856118 0)
(-0.00594641 -0.00823504 0)
(-0.00638336 -0.0092578 0)
(0.000391347 -0.00861038 0)
(-0.000336806 -0.00726857 0)
(-0.000839962 -0.00692217 0)
(-0.00118808 -0.00797279 0)
(0.00466553 -0.00747665 0)
(0.0040458 -0.00610054 0)
(0.00358216 -0.00574219 0)
(0.00323757 -0.00681124 0)
(0.00829246 -0.0064697 0)
(0.00769416 -0.00507588 0)
(0.0072867 -0.00470966 0)
(0.00702978 -0.00580073 0)
(0.0111379 -0.00557137 0)
(0.010646 -0.00417081 0)
(0.0102763 -0.00379827 0)
(0.0100159 -0.00490101 0)
(0.013349 -0.00476399 0)
(0.012878 -0.00336762 0)
(0.0125612 -0.00299522 0)
(0.0123805 -0.00409773 0)
(0.0148237 -0.00405957 0)
(0.0144512 -0.00268072 0)
(0.0141643 -0.00230826 0)
(0.0139757 -0.00339483 0)
(0.0157291 -0.00346089 0)
(0.0153714 -0.00211503 0)
(0.0151275 -0.00174284 0)
(0.0150119 -0.00278822 0)
(0.0159788 -0.00294044 0)
(0.0157078 -0.00164691 0)
(0.0154911 -0.00127211 0)
(0.0153627 -0.00226593 0)
(0.0157186 -0.00248776 0)
(0.0154628 -0.00125636 0)
(0.0152856 -0.000889457 0)
(0.0152214 -0.00181496 0)
(0.0148691 -0.00211123 0)
(0.0146917 -0.000956348 0)
(0.0145419 -0.000594573 0)
(0.0144716 -0.00144922 0)
(0.0135652 -0.00183274 0)
(0.0134114 -0.000758229 0)
(0.0133035 -0.000409191 0)
(0.0133003 -0.00118053 0)
(0.0117505 -0.00165014 0)
(0.0116793 -0.000666663 0)
(0.011618 -0.000327087 0)
(0.0116281 -0.00102827 0)
(0.0095237 -0.00158351 0)
(0.00952365 -0.000695962 0)
(0.00954757 -0.000384659 0)
(0.00965459 -0.00100184 0)
(0.00685659 -0.00162615 0)
(0.0069982 -0.000910641 0)
(0.00717872 -0.000620929 0)
(0.00738857 -0.00111536 0)
(0.00386002 -0.00143499 0)
(0.00420554 -0.00108205 0)
(0.00461928 -0.000847124 0)
(0.00504244 -0.00107004 0)
(0.00125528 -0.00319627 0)
(0.00143232 -0.00304257 0)
(0.00165591 -0.0028593 0)
(0.0018434 -0.00285783 0)
(0.106428 0.0320137 0)
(0.103106 0.0336701 0)
(0.0975769 0.0243589 0)
(0.0834765 0.0243786 0)
(0.0604192 0.0111122 0)
(0.0419673 -0.0134813 0)
(0.0294645 -0.0238016 0)
(0.0124817 -0.019352 0)
(-0.00173731 -0.0105462 0)
(-0.00634112 -0.00459662 0)
(-0.00888244 -0.00536382 0)
(-0.0142172 -0.00161701 0)
(-0.00292137 0.0270079 0)
(0.0177935 0.000254376 0)
(0.0235217 -0.0295615 0)
(0.0213123 -0.0404106 0)
(0.0175075 -0.0433521 0)
(-0.00363524 -0.0318952 0)
(-0.000946167 0.106791 0)
(0.0737023 0.0269057 0)
(0.0862609 0.0390833 0)
(0.0845212 0.0315585 0)
(0.0801196 0.0339521 0)
(0.0758863 0.023753 0)
(0.0622503 0.00668872 0)
(0.0383424 -0.00365129 0)
(0.0172028 -0.00190921 0)
(0.0042755 -0.00244482 0)
(-0.00233197 -0.00128545 0)
(-0.00646978 -0.00225572 0)
(-0.00973171 -0.000686971 0)
(0.000685996 0.00828581 0)
(0.0172361 -0.00871749 0)
(0.0197067 -0.0264797 0)
(0.010119 -0.031017 0)
(-0.00814115 -0.0261182 0)
(-0.0391156 -0.0086922 0)
(-0.0436176 0.0753961 0)
(0.0517606 0.012373 0)
(0.0628681 0.0366397 0)
(0.0653508 0.0332809 0)
(0.0678125 0.0318397 0)
(0.0712886 0.0261733 0)
(0.0628879 0.024653 0)
(0.0439628 0.0161994 0)
(0.0276361 0.0115589 0)
(0.015784 0.00614614 0)
(0.00853606 0.00355244 0)
(0.00391619 0.000835539 0)
(0.00089223 -0.0017052 0)
(0.00545278 -0.00333419 0)
(0.0113031 -0.0133323 0)
(0.00666335 -0.0203466 0)
(-0.00803132 -0.0157661 0)
(-0.0277048 -0.00373305 0)
(-0.0481416 0.00471466 0)
(-0.051896 0.0224305 0)
(0.0310924 0.00625641 0)
(0.0415637 0.0293195 0)
(0.0504289 0.0307716 0)
(0.0550829 0.0270745 0)
(0.0564661 0.0258645 0)
(0.0545336 0.0346171 0)
(0.0483913 0.0294607 0)
(0.0381394 0.0231069 0)
(0.0302537 0.0144855 0)
(0.0248302 0.00870099 0)
(0.0201985 0.00469617 0)
(0.0156378 5.88975e-05 0)
(0.0121609 -0.00486684 0)
(0.00732437 -0.0100055 0)
(-0.00244857 -0.00978933 0)
(-0.0138957 -0.001372 0)
(-0.022255 0.00936375 0)
(-0.0266168 0.0073417 0)
(-0.0181048 -0.0204759 0)
(0.0220579 0.00266672 0)
(0.0297347 0.0191127 0)
(0.0389925 0.0243933 0)
(0.0448475 0.0239619 0)
(0.0473563 0.0262863 0)
(0.0496051 0.0327329 0)
(0.0510558 0.0328979 0)
(0.0498106 0.0281757 0)
(0.046144 0.0193237 0)
(0.0406757 0.0134244 0)
(0.0345788 0.00958704 0)
(0.0277887 0.00556857 0)
(0.020338 0.0016933 0)
(0.0115581 -0.00104229 0)
(0.00137551 -7.96223e-05 0)
(-0.00689731 0.00479826 0)
(-0.00920567 0.0092764 0)
(-0.00694977 0.00354539 0)
(0.004739 -0.021396 0)
(0.0160397 -0.000261148 0)
(0.0223008 0.0114717 0)
(0.0308116 0.0173408 0)
(0.0378681 0.0198242 0)
(0.0430125 0.023182 0)
(0.0481667 0.0281987 0)
(0.053233 0.0301927 0)
(0.0559707 0.0278315 0)
(0.0549164 0.0225381 0)
(0.0502321 0.0186281 0)
(0.0434097 0.0157654 0)
(0.0352477 0.0128429 0)
(0.0260831 0.00989637 0)
(0.0162204 0.00786036 0)
(0.00652014 0.00771706 0)
(-0.000383367 0.00840806 0)
(-0.00172242 0.00695445 0)
(0.000735679 -0.00108949 0)
(0.00888838 -0.0176446 0)
(0.0114132 -0.00387752 0)
(0.0173254 0.00414894 0)
(0.0256316 0.0093072 0)
(0.0338061 0.0129222 0)
(0.0411321 0.0170859 0)
(0.0481804 0.0220724 0)
(0.0545331 0.0254527 0)
(0.0584532 0.0263284 0)
(0.0583355 0.0254705 0)
(0.0541146 0.0247418 0)
(0.0469285 0.0241339 0)
(0.0377565 0.0226788 0)
(0.0276586 0.020337 0)
(0.0175716 0.0179267 0)
(0.00840847 0.0159862 0)
(0.00210611 0.0124358 0)
(0.000684835 0.00581825 0)
(0.00272522 -0.00440873 0)
(0.00832407 -0.0145266 0)
(0.00796689 -0.00659233 0)
(0.0140973 -0.00128072 0)
(0.0227576 0.00264596 0)
(0.0317254 0.00623957 0)
(0.0402927 0.0106117 0)
(0.0484093 0.0156875 0)
(0.0552506 0.0201768 0)
(0.0591996 0.0235297 0)
(0.0589662 0.0260178 0)
(0.0543334 0.0283717 0)
(0.0461965 0.030058 0)
(0.0359296 0.0301536 0)
(0.0248137 0.0285841 0)
(0.0143257 0.0260789 0)
(0.00605201 0.0231248 0)
(0.00119871 0.0165958 0)
(0.000130454 0.00682564 0)
(0.00106917 -0.00488474 0)
(0.0028031 -0.00873152 0)
(0.00340887 -0.00780283 0)
(0.00982149 -0.00509348 0)
(0.0188944 -0.00255373 0)
(0.0283081 0.000698432 0)
(0.0373608 0.0053741 0)
(0.0459264 0.0110576 0)
(0.0530876 0.0168345 0)
(0.0569369 0.0222207 0)
(0.0559197 0.0271662 0)
(0.0502228 0.0315672 0)
(0.0411972 0.0349151 0)
(0.0299272 0.0361147 0)
(0.0177201 0.0343874 0)
(0.0070992 0.0308305 0)
(0.000620168 0.0260537 0)
(-0.00157604 0.0177683 0)
(-0.00052871 0.00690243 0)
(0.000834393 -0.00482228 0)
(-0.0012081 -0.00664784 0)
(0.0028194 -0.00953218 0)
(0.00843103 -0.00930838 0)
(0.0159584 -0.00734852 0)
(0.0241812 -0.00369632 0)
(0.0328718 0.00101337 0)
(0.0417874 0.00690864 0)
(0.0494693 0.0134858 0)
(0.0531234 0.019727 0)
(0.0517464 0.0258646 0)
(0.0452619 0.0315894 0)
(0.0366622 0.0352449 0)
(0.0281465 0.0361037 0)
(0.0154011 0.0335483 0)
(0.000364687 0.0301851 0)
(-0.00429499 0.0256544 0)
(-0.000780347 0.0153075 0)
(0.00678327 0.00258347 0)
(0.0127788 -0.0075031 0)
(0.023523 -0.011092 0)
(-0.00977497 -0.0216757 0)
(-0.00910317 -0.0302753 0)
(-0.0076104 -0.0305013 0)
(-0.00265476 -0.0289401 0)
(0.00964708 -0.027117 0)
(0.0265797 -0.0177163 0)
(0.0409034 -0.00124598 0)
(0.0457967 0.0251084 0)
(0.0389615 0.0483454 0)
(0.0278338 0.0672302 0)
(0.020889 0.0736885 0)
(0.0206277 0.0792014 0)
(0.0218272 0.0804262 0)
(0.0255191 0.060324 0)
(0.0228066 0.0294814 0)
(0.0183172 0.00948175 0)
(0.0209115 -0.0100439 0)
(0.0167716 -0.0135439 0)
(0.0225376 0.0131831 0)
(-0.0171737 -0.0164589 0)
(-0.0169312 -0.0209802 0)
(-0.0148244 -0.0214217 0)
(-0.00964726 -0.0248694 0)
(-0.00241795 -0.0287536 0)
(0.00586496 -0.0219992 0)
(0.0128945 -0.00471579 0)
(0.0171721 0.0237763 0)
(0.0188734 0.0444954 0)
(0.0193452 0.0581366 0)
(0.0228136 0.0554527 0)
(0.030507 0.0519269 0)
(0.0426472 0.0537231 0)
(0.0530472 0.0464786 0)
(0.0566811 0.0330969 0)
(0.0533349 0.0210112 0)
(0.0449546 -0.01297 0)
(0.0302326 -0.00104423 0)
(0.0278246 0.0423904 0)
(-0.0242108 -0.017584 0)
(-0.0232482 -0.0218885 0)
(-0.0201901 -0.024003 0)
(-0.0158754 -0.0278927 0)
(-0.0134787 -0.0313577 0)
(-0.0131726 -0.0253467 0)
(-0.0124213 -0.00772793 0)
(-0.00787247 0.018437 0)
(0.000891961 0.0384683 0)
(0.0120188 0.0497105 0)
(0.0228511 0.0461226 0)
(0.0313869 0.042012 0)
(0.0396828 0.0412351 0)
(0.0475465 0.0348959 0)
(0.0501053 0.0368331 0)
(0.0483408 0.0265479 0)
(0.0408807 0.0107504 0)
(0.0240636 0.0154494 0)
(0.0131108 0.0527263 0)
(-0.0322179 -0.0203274 0)
(-0.0314902 -0.0243747 0)
(-0.0295095 -0.0273648 0)
(-0.027785 -0.0303956 0)
(-0.0282149 -0.0312178 0)
(-0.030267 -0.024928 0)
(-0.0309088 -0.00963957 0)
(-0.026592 0.0106332 0)
(-0.0169508 0.0274271 0)
(-0.00434149 0.0370132 0)
(0.00760794 0.035948 0)
(0.0157875 0.0324449 0)
(0.0222089 0.0328354 0)
(0.0264968 0.0329707 0)
(0.028214 0.0303021 0)
(0.0284388 0.0259123 0)
(0.0226428 0.0202773 0)
(0.0102329 0.0274343 0)
(0.00116908 0.0634492 0)
(-0.0396106 -0.0228474 0)
(-0.0395243 -0.0262555 0)
(-0.0388135 -0.0287676 0)
(-0.0388769 -0.0303513 0)
(-0.0407394 -0.0292394 0)
(-0.0434554 -0.0228991 0)
(-0.0444996 -0.0105826 0)
(-0.0413106 0.00479447 0)
(-0.0336531 0.0182981 0)
(-0.0234219 0.0265649 0)
(-0.0138668 0.0285172 0)
(-0.00715041 0.028082 0)
(-0.00219231 0.0291012 0)
(0.00179562 0.0291758 0)
(0.0042544 0.0293525 0)
(0.0047142 0.0275296 0)
(0.0018113 0.0264741 0)
(-0.00448201 0.0339389 0)
(-0.00815403 0.060252 0)
(-0.044945 -0.0243699 0)
(-0.0457293 -0.0269615 0)
(-0.0461129 -0.0285616 0)
(-0.0473524 -0.0289126 0)
(-0.0498725 -0.0268188 0)
(-0.0527274 -0.0208828 0)
(-0.0540967 -0.0110537 0)
(-0.0523073 0.000745108 0)
(-0.0471532 0.0114426 0)
(-0.0400644 0.0188754 0)
(-0.0332358 0.0223688 0)
(-0.0281322 0.0241192 0)
(-0.0242091 0.0259197 0)
(-0.0209348 0.0273519 0)
(-0.0184403 0.0280269 0)
(-0.0168812 0.0281594 0)
(-0.0166701 0.0292184 0)
(-0.0165985 0.0350029 0)
(-0.0147283 0.0496209 0)
(-0.0477232 -0.0249803 0)
(-0.0493389 -0.0267975 0)
(-0.0505447 -0.0274768 0)
(-0.0524616 -0.0268746 0)
(-0.0552625 -0.0242178 0)
(-0.0581161 -0.0188213 0)
(-0.0597753 -0.0108373 0)
(-0.0591908 -0.00157609 0)
(-0.0562281 0.00708117 0)
(-0.0517822 0.0137093 0)
(-0.047254 0.0179235 0)
(-0.0435686 0.0207033 0)
(-0.0405189 0.0230481 0)
(-0.0376862 0.0248077 0)
(-0.0349604 0.0259592 0)
(-0.0322477 0.0265496 0)
(-0.0291443 0.027393 0)
(-0.0240229 0.0299435 0)
(-0.0175408 0.0346163 0)
(-0.0479271 -0.0248131 0)
(-0.050229 -0.0259764 0)
(-0.0519753 -0.0258712 0)
(-0.0542243 -0.0245746 0)
(-0.0570667 -0.0216238 0)
(-0.0598314 -0.0167067 0)
(-0.0616796 -0.0100524 0)
(-0.061947 -0.00254637 0)
(-0.0605365 0.00462784 0)
(-0.0579677 0.0105506 0)
(-0.0550615 0.0148848 0)
(-0.052365 0.0180496 0)
(-0.0497987 0.0204994 0)
(-0.0470673 0.0222091 0)
(-0.0439445 0.0230625 0)
(-0.040099 0.0230142 0)
(-0.0348557 0.0222402 0)
(-0.0268082 0.0207948 0)
(-0.0174365 0.0165473 0)
(-0.0458863 -0.0240559 0)
(-0.0486368 -0.0247061 0)
(-0.0506893 -0.0239879 0)
(-0.0530339 -0.0222065 0)
(-0.0557661 -0.0191152 0)
(-0.0583613 -0.0146082 0)
(-0.0602527 -0.00891796 0)
(-0.0610049 -0.00265597 0)
(-0.060531 0.00340975 0)
(-0.0591053 0.008662 0)
(-0.0571795 0.0128002 0)
(-0.0550524 0.015918 0)
(-0.0526813 0.0181571 0)
(-0.0498456 0.0194276 0)
(-0.0462849 0.0195506 0)
(-0.0416129 0.0183096 0)
(-0.0351699 0.0154419 0)
(-0.0260962 0.0101013 0)
(-0.0155525 -0.0018426 0)
(-0.0420007 -0.0229111 0)
(-0.0450297 -0.0231797 0)
(-0.0471931 -0.0220119 0)
(-0.0494776 -0.019912 0)
(-0.0520031 -0.0167795 0)
(-0.054362 -0.0126217 0)
(-0.0561642 -0.00765504 0)
(-0.0571097 -0.00231569 0)
(-0.0571111 0.0028743 0)
(-0.0562953 0.00747686 0)
(-0.0548908 0.01121 0)
(-0.0530469 0.0139977 0)
(-0.0507254 0.0157901 0)
(-0.0477608 0.0164182 0)
(-0.0439202 0.0156201 0)
(-0.0388493 0.0130431 0)
(-0.0320526 0.00813441 0)
(-0.0230034 -0.000499988 0)
(-0.0123743 -0.0185433 0)
(-0.0368129 -0.0215477 0)
(-0.0399219 -0.021551 0)
(-0.042072 -0.0200733 0)
(-0.0442018 -0.0177817 0)
(-0.0464677 -0.0146745 0)
(-0.0485505 -0.0108229 0)
(-0.0501751 -0.00642462 0)
(-0.0511244 -0.00180575 0)
(-0.0513117 0.0026589 0)
(-0.0507806 0.00663728 0)
(-0.0496334 0.00986144 0)
(-0.0479365 0.0121664 0)
(-0.045655 0.0133918 0)
(-0.0426705 0.0132988 0)
(-0.0388021 0.011556 0)
(-0.0337782 0.0077034 0)
(-0.0272148 0.00098833 0)
(-0.0188326 -0.0103391 0)
(-0.00918907 -0.0312755 0)
(-0.0307545 -0.0200957 0)
(-0.0338579 -0.0199284 0)
(-0.0359025 -0.0182518 0)
(-0.0378281 -0.0158628 0)
(-0.0398166 -0.0128263 0)
(-0.0416137 -0.00925049 0)
(-0.043021 -0.00531799 0)
(-0.0438758 -0.00128591 0)
(-0.044097 0.00256106 0)
(-0.0436849 0.00595559 0)
(-0.042677 0.00864316 0)
(-0.041099 0.0104152 0)
(-0.0389251 0.0110491 0)
(-0.0360794 0.0102565 0)
(-0.0324394 0.0076526 0)
(-0.0278078 0.00269474 0)
(-0.0219511 -0.00552687 0)
(-0.014747 -0.0187305 0)
(-0.00684432 -0.041117 0)
(-0.0243126 -0.0186428 0)
(-0.0272961 -0.0183808 0)
(-0.0291984 -0.0165891 0)
(-0.0309044 -0.0141703 0)
(-0.0326238 -0.0112333 0)
(-0.0341507 -0.00790932 0)
(-0.0353399 -0.00436963 0)
(-0.0360673 -0.000827401 0)
(-0.0362616 0.00248959 0)
(-0.035905 0.0053559 0)
(-0.0350052 0.00753121 0)
(-0.033573 0.00878874 0)
(-0.0315958 0.00887407 0)
(-0.0290341 0.00746751 0)
(-0.0258164 0.00414632 0)
(-0.0218262 -0.00169456 0)
(-0.0169129 -0.0110159 0)
(-0.0111781 -0.0253649 0)
(-0.005096 -0.0488602 0)
(-0.0177948 -0.0172504 0)
(-0.0206557 -0.0169465 0)
(-0.022388 -0.0150995 0)
(-0.023881 -0.0126966 0)
(-0.0253568 -0.00987483 0)
(-0.0266461 -0.00678039 0)
(-0.0276415 -0.00357608 0)
(-0.0282482 -0.000446139 0)
(-0.0284077 0.00241941 0)
(-0.0280976 0.00482421 0)
(-0.0273164 0.00654301 0)
(-0.0260726 0.00734547 0)
(-0.0243686 0.00696363 0)
(-0.0221946 0.0050604 0)
(-0.0195236 0.00118718 0)
(-0.0162863 -0.00530291 0)
(-0.0124741 -0.0153058 0)
(-0.00815157 -0.0303747 0)
(-0.00375104 -0.054662 0)
(-0.0115554 -0.0159526 0)
(-0.0142274 -0.0156363 0)
(-0.0158036 -0.0137782 0)
(-0.0171058 -0.0114196 0)
(-0.0183732 -0.00871872 0)
(-0.0194659 -0.00583092 0)
(-0.0203047 -0.00291284 0)
(-0.0208174 -0.000128791 0)
(-0.020959 0.00235863 0)
(-0.0207108 0.00437398 0)
(-0.020071 0.00570767 0)
(-0.0190523 0.00613405 0)
(-0.0176708 0.00538269 0)
(-0.0159399 0.00310887 0)
(-0.0138636 -0.00115266 0)
(-0.011433 -0.00805674 0)
(-0.00865777 -0.0184523 0)
(-0.00564041 -0.0339447 0)
(-0.00263862 -0.0588327 0)
(-0.0057439 -0.014761 0)
(-0.00825987 -0.0144491 0)
(-0.00969319 -0.0126085 0)
(-0.0108306 -0.0103106 0)
(-0.0119282 -0.00772773 0)
(-0.0128675 -0.00502256 0)
(-0.0135904 -0.0023465 0)
(-0.0140423 0.00015063 0)
(-0.0141918 0.00232808 0)
(-0.0140264 0.00402562 0)
(-0.0135481 0.00504964 0)
(-0.0127758 0.00518367 0)
(-0.0117362 0.00416128 0)
(-0.0104607 0.00163634 0)
(-0.00897619 -0.00286733 0)
(-0.00730242 -0.00998248 0)
(-0.00550181 -0.0205766 0)
(-0.00357738 -0.0362903 0)
(-0.00174426 -0.0616613 0)
(-0.00057215 -0.0136475 0)
(-0.00288981 -0.0134063 0)
(-0.00422042 -0.0115816 0)
(-0.00522283 -0.00934089 0)
(-0.00618773 -0.00686577 0)
(-0.00701498 -0.00431786 0)
(-0.00766063 -0.00184336 0)
(-0.0080846 0.000419516 0)
(-0.00826707 0.00234895 0)
(-0.00820175 0.00379555 0)
(-0.00789589 0.00458164 0)
(-0.00737349 0.00450209 0)
(-0.00666946 0.0032982 0)
(-0.00582645 0.000626427 0)
(-0.00488609 -0.00399603 0)
(-0.00390158 -0.0111801 0)
(-0.00289223 -0.0218238 0)
(-0.00190474 -0.03763 0)
(-0.000989992 -0.0633924 0)
(0.00390587 -0.0126234 0)
(0.00172879 -0.0124536 0)
(0.000537355 -0.0106534 0)
(-0.000369014 -0.00847359 0)
(-0.00124222 -0.00609929 0)
(-0.00199533 -0.00368666 0)
(-0.00259849 -0.00137729 0)
(-0.00302262 0.000697979 0)
(-0.00325782 0.00243396 0)
(-0.00330319 0.0036887 0)
(-0.00317023 0.00429991 0)
(-0.00288646 0.00407451 0)
(-0.00249124 0.00276336 0)
(-0.00203381 2.84209e-05 0)
(-0.00156802 -0.00461216 0)
(-0.0011437 -0.0117622 0)
(-0.000819159 -0.0223519 0)
(-0.000552224 -0.0381502 0)
(-0.000387724 -0.0642418 0)
(0.00762155 -0.0117221 0)
(0.0056174 -0.0115614 0)
(0.0045181 -0.00979469 0)
(0.00367888 -0.00767273 0)
(0.00286676 -0.00538122 0)
(0.00215683 -0.00308045 0)
(0.00156963 -0.000906674 0)
(0.00112435 0.0010202 0)
(0.000823256 0.0026072 0)
(0.00066409 0.00371938 0)
(0.000632498 0.00420864 0)
(0.000699777 0.00389337 0)
(0.000825379 0.00253461 0)
(0.000958081 -0.000198232 0)
(0.00104021 -0.00478432 0)
(0.00100592 -0.011834 0)
(0.000844796 -0.0222999 0)
(0.000529461 -0.0380208 0)
(0.000130576 -0.0643142 0)
(0.0106373 -0.0108884 0)
(0.00874566 -0.0107326 0)
(0.00771602 -0.00899557 0)
(0.00692165 -0.0069249 0)
(0.00614648 -0.00470606 0)
(0.00545693 -0.00249735 0)
(0.00486639 -0.000430452 0)
(0.00438448 0.00138425 0)
(0.00400967 0.00286013 0)
(0.00374021 0.0038696 0)
(0.00355888 0.00427646 0)
(0.00343835 0.00390982 0)
(0.00334023 0.00254103 0)
(0.00321454 -0.000151723 0)
(0.00300156 -0.00464446 0)
(0.00264702 -0.0115525 0)
(0.00209142 -0.0218531 0)
(0.00139135 -0.0374353 0)
(0.000552519 -0.063761 0)
(0.0129017 -0.0101032 0)
(0.0111492 -0.00994671 0)
(0.0101572 -0.00823269 0)
(0.0093878 -0.00620603 0)
(0.00863102 -0.00404811 0)
(0.00794477 -0.00191447 0)
(0.00733726 6.74826e-05 0)
(0.00681103 0.00179868 0)
(0.00636292 0.00319255 0)
(0.00599028 0.00412998 0)
(0.00567742 0.00448392 0)
(0.00540042 0.00409302 0)
(0.00512566 0.00273848 0)
(0.00480828 0.000108556 0)
(0.00439124 -0.00426653 0)
(0.00380492 -0.011011 0)
(0.00303405 -0.021112 0)
(0.00204143 -0.0365028 0)
(0.000933863 -0.0627355 0)
(0.0145123 -0.00935676 0)
(0.0128379 -0.00918699 0)
(0.0118817 -0.00749171 0)
(0.0111251 -0.00550226 0)
(0.010375 -0.0033945 0)
(0.0096819 -0.00132081 0)
(0.00904979 0.000595653 0)
(0.00847614 0.00226735 0)
(0.00795804 0.00360162 0)
(0.00749262 0.00448895 0)
(0.00706759 0.00480904 0)
(0.00666459 0.00440806 0)
(0.00625771 0.00307631 0)
(0.00580973 0.000513078 0)
(0.00526644 -0.0037385 0)
(0.00457204 -0.0103146 0)
(0.00364738 -0.0201949 0)
(0.00251642 -0.0353328 0)
(0.00122839 -0.0613579 0)
(0.0154404 -0.00864264 0)
(0.0138803 -0.0084443 0)
(0.0129433 -0.00676484 0)
(0.0121931 -0.00480605 0)
(0.0114445 -0.00273886 0)
(0.0107409 -0.000711843 0)
(0.010082 0.00115644 0)
(0.00946202 0.00278686 0)
(0.00888018 0.00407937 0)
(0.00833362 0.00493221 0)
(0.00781467 0.00522925 0)
(0.00731259 0.00482186 0)
(0.00681173 0.00350821 0)
(0.00628695 0.000999583 0)
(0.00569391 -0.00314217 0)
(0.00496153 -0.00955869 0)
(0.00404422 -0.0192024 0)
(0.00283791 -0.0340333 0)
(0.00150938 -0.0596846 0)
(0.0157872 -0.00795212 0)
(0.014306 -0.00771498 0)
(0.013399 -0.00604924 0)
(0.0126571 -0.00411533 0)
(0.0119115 -0.00207968 0)
(0.0111998 -8.76334e-05 0)
(0.0105167 0.00174972 0)
(0.0098562 0.00335196 0)
(0.00921914 0.00461708 0)
(0.00860323 0.00544663 0)
(0.00800607 0.00572554 0)
(0.00742625 0.00530745 0)
(0.00686151 0.00399597 0)
(0.00630236 0.00151493 0)
(0.00571762 -0.00254956 0)
(0.00505377 -0.00882938 0)
(0.00418486 -0.0182335 0)
(0.00304284 -0.0326913 0)
(0.0017322 -0.0578142 0)
(0.0155403 -0.00728953 0)
(0.0141846 -0.00700404 0)
(0.01331 -0.00534925 0)
(0.0125853 -0.00343404 0)
(0.0118508 -0.00142104 0)
(0.0111384 0.000547496 0)
(0.0104392 0.00236946 0)
(0.00974853 0.00395514 0)
(0.00906705 0.00520542 0)
(0.00839353 0.00602084 0)
(0.00773103 0.00628349 0)
(0.00708833 0.00584511 0)
(0.00647898 0.00451117 0)
(0.005915 0.00201683 0)
(0.00538913 -0.00202249 0)
(0.00484134 -0.00820699 0)
(0.00417374 -0.0173746 0)
(0.0031447 -0.0313956 0)
(0.00200017 -0.0557794 0)
(0.0147976 -0.0066677 0)
(0.0135505 -0.00632699 0)
(0.0127374 -0.00467851 0)
(0.0120467 -0.00277418 0)
(0.0113386 -0.000773074 0)
(0.0106385 0.00118422 0)
(0.00993615 0.00300365 0)
(0.00923001 0.00458535 0)
(0.00851815 0.0058338 0)
(0.0077998 0.00664471 0)
(0.00708248 0.00689335 0)
(0.00638554 0.00642356 0)
(0.00574035 0.00503738 0)
(0.00518473 0.00247781 0)
(0.00474039 -0.00160925 0)
(0.00438558 -0.00776259 0)
(0.00393858 -0.0167158 0)
(0.00315749 -0.0302203 0)
(0.00226823 -0.0536357 0)
(0.0135566 -0.0061139 0)
(0.0124768 -0.00570846 0)
(0.0117447 -0.00405862 0)
(0.0111118 -0.00215398 0)
(0.0104524 -0.000154374 0)
(0.0097829 0.00180837 0)
(0.00909656 0.00363478 0)
(0.00839462 0.00522601 0)
(0.00767097 0.0064875 0)
(0.0069229 0.00730709 0)
(0.00616112 0.00754731 0)
(0.00541449 0.007038 0)
(0.00473279 0.00556897 0)
(0.0041814 0.00288365 0)
(0.00382246 -0.00133711 0)
(0.00365582 -0.00755458 0)
(0.00355123 -0.0163315 0)
(0.00304854 -0.0292617 0)
(0.00263734 -0.0514039 0)
(0.0119157 -0.0056549 0)
(0.0110069 -0.00517643 0)
(0.0103929 -0.00351525 0)
(0.00984823 -0.00159845 0)
(0.00926933 0.000418101 0)
(0.00865934 0.00240313 0)
(0.00801348 0.00424629 0)
(0.00734186 0.00586187 0)
(0.00663052 0.00715495 0)
(0.00587189 0.00800135 0)
(0.00507809 0.00824571 0)
(0.00428615 0.00769573 0)
(0.00356183 0.0061188 0)
(0.00300067 0.00325134 0)
(0.00269362 -0.00120173 0)
(0.00271747 -0.00760782 0)
(0.00289618 -0.0162921 0)
(0.00276975 -0.0286163 0)
(0.00302689 -0.0491815 0)
(0.00992185 -0.00533049 0)
(0.00921417 -0.00476352 0)
(0.00873541 -0.00308908 0)
(0.00832365 -0.00114357 0)
(0.00787428 0.00090603 0)
(0.00735901 0.00294076 0)
(0.00678747 0.00481041 0)
(0.0061793 0.00646524 0)
(0.00550967 0.00781129 0)
(0.00476389 0.00870706 0)
(0.00395495 0.00897526 0)
(0.00312624 0.00839413 0)
(0.00236026 0.00669827 0)
(0.00177037 0.00359311 0)
(0.00146395 -0.00119517 0)
(0.00157609 -0.00787553 0)
(0.00205506 -0.0165948 0)
(0.00223827 -0.0283736 0)
(0.00352532 -0.0470643 0)
(0.00770352 -0.00498643 0)
(0.00714323 -0.00431737 0)
(0.00680846 -0.00266986 0)
(0.00658206 -0.000712264 0)
(0.00634077 0.00147686 0)
(0.00598059 0.00339129 0)
(0.00552156 0.00530378 0)
(0.00501904 0.00702254 0)
(0.00442337 0.00845271 0)
(0.00371517 0.00943045 0)
(0.00291172 0.00975435 0)
(0.00206236 0.00917056 0)
(0.00125406 0.00736836 0)
(0.00062262 0.00400596 0)
(0.00032422 -0.00116779 0)
(0.000488212 -0.00810363 0)
(0.00104656 -0.0170535 0)
(0.00148846 -0.0285849 0)
(0.00407161 -0.0452697 0)
(0.00528652 -0.00471835 0)
(0.00477911 -0.00406065 0)
(0.00456459 -0.00258585 0)
(0.00465814 -0.000731123 0)
(0.00449738 0.00149251 0)
(0.00440114 0.00409548 0)
(0.0043352 0.00621233 0)
(0.00399277 0.00807689 0)
(0.00349725 0.00965851 0)
(0.00284334 0.0107798 0)
(0.00206245 0.0112195 0)
(0.001206 0.0106923 0)
(0.000362826 0.00884102 0)
(-0.000283749 0.00524381 0)
(-0.000370349 -0.000567152 0)
(-0.00014284 -0.00866721 0)
(0.000179324 -0.018431 0)
(0.000541352 -0.0309794 0)
(0.00480889 -0.0461153 0)
(0.00192903 -0.00485006 0)
(0.00169438 -0.00418439 0)
(0.00172392 -0.00290717 0)
(0.00195864 -0.00132027 0)
(0.00243846 0.00189163 0)
(0.00324555 0.00217825 0)
(0.00357448 0.00501921 0)
(0.00334456 0.00715232 0)
(0.0029229 0.00889827 0)
(0.00230313 0.0101484 0)
(0.00153451 0.0106727 0)
(0.000671024 0.0101589 0)
(-0.000209704 0.00819067 0)
(-0.000939905 0.00419089 0)
(-0.000965447 -0.00259461 0)
(-0.000762231 -0.00716782 0)
(-0.000429011 -0.0172483 0)
(-0.0006633 -0.0311623 0)
(0.00921302 -0.0344261 0)
)
;

boundaryField
{
    leftWall
    {
        type            noSlip;
    }
    rightWall
    {
        type            noSlip;
    }
    lowerWall
    {
        type            noSlip;
    }
    atmosphere
    {
        type            pressureInletOutletVelocity;
        value           nonuniform List<vector> 
46
(
(0 -0.0152097 0)
(0 -0.00971533 0)
(0 0.000578976 0)
(0.0120375 0.00757661 0)
(0.0144541 0.011783 0)
(0.0155717 0.0139685 0)
(0.0157067 0.0146402 0)
(0.0151146 0.0141362 0)
(0.0140106 0.0127547 0)
(0.012497 0.0107361 0)
(0.010565 0.00817257 0)
(0.00874347 0.00413522 0)
(0.00578065 0.00244669 0)
(0.00463201 0.00096315 0)
(0 -0.000431678 0)
(0 -0.00135796 0)
(0 -0.00243208 0)
(0 -0.00347139 0)
(0 -0.0043597 0)
(0 -0.00502495 0)
(0 -0.00539888 0)
(0 -0.00543655 0)
(0 -0.00514348 0)
(0 -0.00319627 0)
(0 -0.00304257 0)
(0 -0.0028593 0)
(0 -0.00285783 0)
(0 -0.00485006 0)
(0 -0.00418439 0)
(0 -0.00290717 0)
(0 -0.00132027 0)
(0.00243846 0.00189163 0)
(0.00324555 0.00217825 0)
(0.00357448 0.00501921 0)
(0.00334456 0.00715232 0)
(0.0029229 0.00889827 0)
(0.00230313 0.0101484 0)
(0.00153451 0.0106727 0)
(0.000671024 0.0101589 0)
(-0.000209704 0.00819067 0)
(-0.000939905 0.00419089 0)
(0 -0.00259461 0)
(0 -0.00716782 0)
(0 -0.0172483 0)
(0 -0.0311623 0)
(0 -0.0344261 0)
)
;
    }
    defaultFaces
    {
        type            empty;
    }
}


// ************************************************************************* //
