/*--------------------------------*- C++ -*----------------------------------*\
  =========                 |
  \\      /  F ield         | OpenFOAM: The Open Source CFD Toolbox
   \\    /   O peration     | Website:  https://openfoam.org
    \\  /    A nd           | Version:  13
     \\/     M anipulation  |
\*---------------------------------------------------------------------------*/
FoamFile
{
    format      ascii;
    class       volScalarField;
    location    "0.4";
    object      rho;
}
// * * * * * * * * * * * * * * * * * * * * * * * * * * * * * * * * * * * * * //

dimensions      [1 -3 0 0 0 0 0];

internalField   nonuniform List<scalar> 
2268
(
13529
13529
13529
13529
13529
13529
13529
13529
13529
13529
13529
13529
13529
13529
13529
13529
13529
13529
13529
13529
13529
13529
13520
13529
13529
13529
13529
13529
13529
13529
13529
13529
13529
13529
13529
13529
13529
13529
13529
13529
13529
13529
13529
13529
13529
13520
13529
13529
13529
13529
13529
13529
13529
13529
13529
13529
13529
13529
13529
13529
13529
13529
13529
13529
13529
13529
13529
13529
13521.4
13529
13529
13529
13529
13529
13529
13529
13529
13529
13529
13529
13529
13529
13529
13529
13529
13529
13529
13529
13529
13529
13529
13528
13529
13529
13529
13529
13529
13529
13529
13529
13529
13529
13529
13529
13529
13529
13529
13529
13529
13529
13529
13529
13529
13529
13529
12510.1
12755.3
12858.4
12900.1
12914.3
12929.3
12941.6
12945.2
12936.4
12918
12901.8
12910.6
12972.3
13102.2
13308.7
13529
13529
13529
13529
13529
13529
13529
13529
3150.71
3723.6
3965.45
4071.61
4111.1
4151.92
4190.15
4210.08
4204.86
4178.14
4157.54
4201.78
4380.15
4789.61
5612.7
7149.82
9718.37
12912.7
13529
13528.9
13529
13529
13529
1000
1000
1000
1000
1000
1000
1000
1000
1000
1000
1000
1000
1000
1000
1000
1045.82
1499.8
3829.96
10716.2
13528.4
13528.6
13529
13529
499.981
500
500
500
499.991
499.958
499.95
499.947
499.945
499.946
499.988
500
500
499.028
497.469
497.557
500
450.901
457.317
500
500
500
500
500
500
500
500
500
500
500
500
500
499.988
499.454
499.416
500
450.472
434.822
499.949
500
486.923
422.074
409.62
449.567
500
500
500
500
500
500
500
500
500
500
500
465.748
434.771
499.945
478.608
229.295
42.2897
23.4536
48.3535
237.845
488.778
500
500.005
500.002
500
500
500
500
500
500
492.75
445.311
499.918
488.125
46.6803
1.00776
1.29938
2.02618
2.57449
200.361
494.286
500.108
500
500
500
500
500
500
500
500
493.073
499.876
420.181
61.9628
1.00066
1.0163
1.43887
15.6124
69.3665
462.784
500.051
500
500
500
500
500
500
500
500
500
499.831
378.403
49.2946
1.01009
9.88281
1633.12
1043.94
333.524
485.472
500
500
500
500
500
500
500
500
500
500
499.779
470.807
206.753
5.00087
2724.26
6842.42
5454.6
787.241
499.999
500
500
500
500
500
500
500
500
500
500
1000
1000
1000
1000
1000
1000
1000
1000
1000
1000
1000
1000
1000
1000
1000
1000
1000
1000
1562.3
6085.83
12809.1
13479.9
13527.5
1000
1000
1000
1000
1000
1000
1000
1000
1000
1000
1000
1000
1000
1000
1000
1000
1000
1000
999.999
1001.32
3409.06
10032.6
13357.7
1000
1000
1000
1000
1000
1000
1000
1000
1000
1000
1000
1000
1000
1000
1000
1000
1000
1000
1000
1000.48
998
1707.56
4693.61
1000
1000
1000
1000
1000
1000
1000
1000
1000
1000
1000
1000
1000
1000
1000
1000
1000
1000
1000
1000
999.959
1000
999.064
1000
1000
1000
1000
1000
1000
1000
1000
1000
1000
1000
1000
1000
1000
1000
1000
1000
1000
1000
1000
1000
1000
1000.15
625.07
688.598
745.527
798.525
846.827
888.965
924.554
953.453
975.213
990.473
998.751
1000
1000
1000
1000
1000
999.993
999.998
999.997
999.998
999.999
1000
1000.04
1
7.59304
30.8995
60.8778
97.9845
142.175
194.047
254.374
324.122
407.197
510.08
615.903
703.323
782.52
877.219
970.904
999.602
994.585
994.928
999.996
999.992
999.82
993.589
1
1
1
1
1
1
1
1
1
1
1
1.00017
15.0369
46.6689
103.801
283.162
625.664
775.706
754.759
610.564
600.146
602.443
590.972
1
1
1
1
1
1
1
1
1
1
1
1
1.00032
1.01248
1.05553
1.05802
1.10759
5.78949
171.142
417.873
476.062
492.608
494.93
1
1
1
1
1
1
1
1
1
1
1
1
1
1
1.09069
1.12006
1.07344
1.00605
1.00003
1.0002
29.8942
158.105
225.975
1
1
1
1
1
1
1
1
1
1
1
1
1.00004
1
1.0309
1.11616
1.04717
1.00001
1.00002
1.00422
1.01293
1.02219
1.02012
1
1
1
1
1
1
1
1
1
1
1
1
1.0002
1.00021
1.00006
1.00003
1.00001
1.0003
1.00014
1.00001
1
1
1
1
1
1
1
1
1
1
1
1
1
1
1
1.00018
1.00011
1.00004
1.00002
1.00001
1.00001
1.00001
1
1
1
1
1
1
1
1
1
1
1
1
1
1
1
1
1
1
1
1
1
1
1
1
1
1
1
1
1
1
1
1
1
1
1
1
1
1
1
1
1
1
1
1
1
1
1
1
1
1
1
1
1
1
1
1
1
1
1
1
1
1
1
1
1
1
1
1
1
1
1
1
1
1
1
1
1
1
1
1
1
1
1
1
1
1
1
1
1
1
1
1
1
1
1
1
1
1
1
1
1
1
1
1
1
1
1
1
1
1
1
1
1
1
1
1
1
1
1
1
1
1
1
1
1
1
1
1
1
1
1
1
1
1
1
1
1
1
1
1
1
1
1
1
1
1
1
1
1
1
1
1
1
1
1
1
1
1
1
1
1
1
1
1
1
1
1
1
1
1
1
1
1
1
1
1
1
1
1
1
1
1
1
1
1
1
1
1
1
1
1
1
1
1
1
1
1
1
1
1
1
1
1
1
1
1
1
1
1
1
1
1
1
1
1
1
1
1
1
1
1
1
1
1
1
1
1
1
1
1
1
1
1
1
1
1
1
1
1
1
1
1
1
1
1
1
1
1
1
1
1
1
1
1
1
1
1
1
1
1
1
1
1
1
1
1
1
1
1
1
1
1
1
1
1
1
1
1
1
1
1
1
1
1
1
1
1
1
1
1
1
1
1
1
1
1
1
1
1
1
1
1
1
1
1
1
1
1
1
1
1
1
1
1
1
1
1
1
1
1
1
1
1
1
1
1
1
1
1
1
1
1
1
1
1
1
1
1
1
1
1
1
1
1
1
1
1
1
1
1
1
1
1
1
1
1
1
1
1
1
1
1
1
1
1
1
1
1
1
1
1
1
1
1
1
1
1
1
1
1
1
1
1
1
1
1
1
1
1
1
1
1
1
1
1
1
1
1
1
1
1
1
1
1
1
1
1
1
1
1
1
1
1
1
1
1
1
1
1
1
1
1
1
1
1
1
1
1
1
1
1
1
1
1
1
1
1
1
1
1
1
1
1
1
1
1
1
1
1
1
1
1
1
1
1
1
1
1
1
1
1
1
1
1
1
1
1
1
1
1
1
1
1
1
1
1
1
1
1
1
1
1
1
1
1
1
1
1
1
1
1
1
1
1
1
1
1
1
1
1
1
1
1
1
1
1
1
1
1
1
1
1
1
1
1
1
1
1
1
1
1
1
1
1
1
1
1
1
1
1
1
1
1
1
1
1
1
1
1
1
1
1
1
1
1
1
1
1
1
1
1
1
1
1
1
1
1
1
1
1
1
1
1
1
1
1
1
1
1
1
1
1
1
1
1
1
1
1
1
1
1
1
1
1
1
1
1
1
1
1
1
1
1
1
1
1
1
1
1
1
1
1
1
1
1
1
1
1
1
1
1
1
1
1
1
1
1
1
1
1
1
1
1
1
1
1
1
1
1
1
1
1
1
1
1
1
1
1
1
1
1
1
1
1
1
1
1
1
1
1
1
1
1
1
1
1
1
1
1
1
1
1
1
1
1
1
1
1
1
1
1
13527.3
13525.3
11627.7
7254.24
13507.3
13524.8
13391.9
13224
7738.35
9297.54
9512.28
9474.77
1074.59
1372.18
1550.07
1289.99
1000.6
1000.56
997.519
989.153
1000.04
1000.03
1000
999.845
984.358
986.176
965.703
829.346
573.098
556.247
534.794
501.759
494.176
492.155
491.599
493.778
216.086
185.968
176.334
191.534
1.02154
1.01971
1.01582
1.01131
1
1
1
1.00012
1
1
1
1
1
1
1
1
1
1
1
1
1
1
1
1
1
1
1
1
1
1
1
1
1
1
1
1
1
1
1
1
1
1
1
1
1
1
1
1
1
1
1
1
1
1
1
1
1
1
1
1
1
1
1
1
1
1
1
1
1
1
1
1
1
1
1
1
1
1
1
1
1
1
1
1
1
1
1
1
1
1
1
1
1
1
1
1
1
1
1
1
1
1
1
1
1
1
1
1
1
1
1
1
1
1
1
1
1
1
1
1
1
1
1
1
1
1
1
1
2554.69
1672.74
886.674
3185.63
7268.11
7209.13
5929.39
854.254
500
500
500
500
500
500
500
500
500
500
500
12978.1
9224.87
8501.78
8098.05
7953.38
6428.58
2445.81
500
500
500
500
500
500
500
500
500
500
500
500
10395.3
10838.7
9982.64
5177.7
1149.21
500.543
500.011
500.004
500.001
500
500
500
500
500
500
500
500
500
500
1644.5
2603.06
1459.9
584.391
501.673
500.001
500
500.001
500.001
500
500
499.991
499.997
500
500
500
500
500
500
996.851
996.69
996.519
702.748
500.061
500.005
500
500.001
500.002
500.001
499.734
500
500
500
500
500
500
500
500
999.999
988.616
805.835
529.184
500.225
500
500
500.001
500.001
486.513
478.299
417.238
280.921
334.283
486.136
499.746
500
500
500
771.992
661.035
501.493
499.952
500
500
492.906
430.911
327.931
183.496
47.0181
25.7383
3.3224
15.0107
273.72
491.165
500
500
500
499.776
497.992
499.961
498.42
462.974
371.283
222.864
51.9654
1.00014
1.00004
1.00007
1.00014
1.00002
1.00001
39.5183
499.095
499.29
500
500
491.796
472.525
406.457
263.149
108.882
1.00027
1.00051
1.00041
1.00048
1.00066
1.00053
1.00011
1.00001
1.00016
14.7554
485.103
500
500
500
185.982
122.995
25.9463
1.00042
1.00023
1.00017
1.00037
1.00052
1.00421
1.00426
1.00082
1.0001
1.00001
1.00003
1.26136
228.269
500
500
500
1.00562
1.00403
1.00363
1.0006
1.00018
1.00009
1.00198
1.00565
1.00562
1.00495
1.0005
1.00005
1.00001
1.00001
1.00001
87.7469
500
499.985
500
1.0004
1.00024
1.00007
1.00007
1.00012
1.00004
1.00208
1.00556
1.00348
1.00102
1.00013
1.00002
1.00001
1.00001
1.00001
75.9184
500
499.985
500
1
1.00001
1.00001
1.00008
1.0002
1.00019
1.00002
1.00004
1.00012
1.00008
1.00001
1.00001
1.00001
1.00001
1.00003
35.7941
476.539
500
500
1.00001
1.00002
1.00004
1.00003
1.00003
1.00001
1
1
1
1
1.00001
1.00001
1.00001
1.00001
1.00012
2.23173
151.053
500
500
1.00001
1.00002
1.00001
1
1
1
1
1
1
1
1.00001
1.00001
1.00001
1.00001
1.00001
1.00001
29.0812
500
500
1
1.00001
1
1
1
1
1
1
1
1
1
1.00001
1.00001
1.00001
1.00001
1.0002
27.7383
500
500
1
1
1
1
1
1
1
1
1
1
1
1
1.00001
1.00001
1.00001
1.00001
21.1601
500
499.554
1
1
1
1
1
1
1
1
1
1
1
1
1
1.00001
1.00001
1.00001
5.99124
251.291
492.334
1
1
1
1
1
1
1
1
1
1
1
1
1
1
1
1
1.095
3.03489
489.957
1
1
1
1
1
1
1
1
1
1
1
1
1
1
1
1
1.00023
1
480.731
1
1
1
1
1
1
1
1
1
1
1
1
1
1
1
1.00001
1.00005
1
314.571
1
1
1
1
1
1
1
1
1
1
1
1
1.00001
1.00001
1.00001
1
1.00001
1
270.387
1
1
1
1
1
1
1
1
1
1
1.00001
1.00001
1.00001
1.00001
1.00002
1.00001
1.00001
1.00001
379.957
1
1
1
1
1
1
1
1
1
1
1.00001
1.00001
1.00003
1.00005
1.00004
1.00001
1.00001
1.00001
467.605
1
1
1
1
1
1
1
1
1
1
1.00001
1.00001
1.00004
1.00005
1.00004
1.00004
1.00001
3.52874
468.808
1
1
1
1
1
1
1
1
1
1
1
1.00001
1.00003
1.00009
1.00008
1.00003
1.00043
22.5116
468.808
1
1
1
1
1
1
1
1
1
1
1
1
1.00003
1.00008
1.00036
1.00033
1.00043
33.0553
468.808
1
1
1
1
1
1
1
1
1
1
1
1
1
1.00007
1.00043
1.00101
1.0006
21.4733
286.941
1
1
1
1
1
1
1
1
1
1
1
1
1
1.00001
1.00019
1.00258
1.02562
2.09872
1
1
1
1
1
1
1
1
1
1
1
1
1
1
1
1.00012
1.00122
1.00517
1.00061
1
1
1
1
1
1
1
1
1
1
1
1
1
1
1
1.00001
1.00005
1.00029
1.00009
1
1
1
1
1
1
1
1
1
1
1
1
1
1
1
1
1
1
1.00001
1
1
1
1
1
1
1
1
1
1
1
1
1
1
1
1
1
1
1
1
1
1
1
1
1
1
1
1
1
1
1
1
1
1
1
1
1
1
1
1
1
1
1
1
1
1
1
1
1
1
1
1
1
1
1
1
1
1
1
1
1
1
1
1
1
1
1
1
1
1
1
1
1
1
1
1
1
1
1
1
1
1
1
1
1
1
1
1
1
1
1
1
1
1
1
1
1
1
1
1
1
1
1
1
1
1
1
1
1
1
1
1
1
1
1
1
1
1
1
1
1
1
1
1
1
1
1
1
1
1
1
1
1
1
1
1
1
1
1
1
1
1
1
1
1
1
1
1
1
1
1
1
1
1
1
1
1
1
1
1
1
1
1
1
1
1
1
1
1
1
1
1
1
1
1
1
1
1
1
1
1
1
1
1
1
1
1
1
1
1
1
)
;

boundaryField
{
    leftWall
    {
        type            calculated;
        value           nonuniform List<scalar> 
50
(
13529
13529
13529
13529
13529
12510.1
3150.71
1000
1000
1000
1000
1000
1000
625.07
1
1
1
1
1
1
1
1
1
1
1
1
1
1
1
1
1
1
1
1
1
1
1
1
1
1
1
1
1
1
1
1
1
1
1
1
)
;
    }
    rightWall
    {
        type            calculated;
        value           nonuniform List<scalar> 
50
(
457.317
434.822
434.771
445.311
493.073
500
500
500
500
500
500
500
500
500
500
500
500
500
500
500
500
500
500
500
499.554
492.334
489.957
480.731
314.571
270.387
379.957
467.605
468.808
468.808
468.808
286.941
1
1
1
1
1
1
1
1
1
1
1
1
1
1
)
;
    }
    lowerWall
    {
        type            calculated;
        value           nonuniform List<scalar> 
62
(
13529
13529
13529
13529
13529
13529
13529
13529
13529
13529
13529
13529
13529
13529
13529
13529
13529
13529
13529
13529
13529
13529
13520
13520
13520
13521.4
13528
13529
13529
13529
13529
13527.3
13525.3
11627.7
7254.24
499.981
500
499.949
499.945
499.918
499.876
499.831
499.779
499.981
500
500
500
499.991
499.958
499.95
499.947
499.945
499.946
499.988
500
500
499.028
497.469
497.557
500
450.901
457.317
)
;
    }
    atmosphere
    {
        type            calculated;
        value           nonuniform List<scalar> 
46
(
1
1
1
1
1
1
1
1
1
1
1
1
1
1
1
1
1
1
1
1
1
1
1
1
1
1
1
1
1
1
1
1
1
1
1
1
1
1
1
1
1
1
1
1
1
1
)
;
    }
    defaultFaces
    {
        type            empty;
    }
}


// ************************************************************************* //
