/*--------------------------------*- C++ -*----------------------------------*\
  =========                 |
  \\      /  F ield         | OpenFOAM: The Open Source CFD Toolbox
   \\    /   O peration     | Website:  https://openfoam.org
    \\  /    A nd           | Version:  13
     \\/     M anipulation  |
\*---------------------------------------------------------------------------*/
FoamFile
{
    format      ascii;
    class       volVectorField;
    location    "0.4";
    object      U;
}
// * * * * * * * * * * * * * * * * * * * * * * * * * * * * * * * * * * * * * //

dimensions      [0 1 -1 0 0 0 0];

internalField   nonuniform List<vector> 
2268
(
(-0.0238471 0.00714167 0)
(-0.0124911 -0.00820075 0)
(0.0249008 -0.013726 0)
(0.0632779 -0.0143674 0)
(0.103117 -0.0141309 0)
(0.14235 -0.0136487 0)
(0.180449 -0.0131316 0)
(0.217236 -0.0125805 0)
(0.252484 -0.0119517 0)
(0.285824 -0.0112034 0)
(0.31675 -0.0103009 0)
(0.344631 -0.00920717 0)
(0.368693 -0.00787367 0)
(0.387978 -0.00623707 0)
(0.401319 -0.00421728 0)
(0.407313 -0.00164426 0)
(0.403768 0.00155828 0)
(0.387482 0.00633619 0)
(0.354238 0.0130569 0)
(0.299384 0.0216437 0)
(0.221555 0.0313373 0)
(0.11117 0.0386861 0)
(0.0151006 0.0198426 0)
(-0.00314913 0.00986807 0)
(0.0234848 -0.0180056 0)
(0.0572528 -0.0262922 0)
(0.0930987 -0.0282435 0)
(0.129914 -0.0282309 0)
(0.166231 -0.0275896 0)
(0.201596 -0.0267572 0)
(0.235798 -0.0257692 0)
(0.268561 -0.0245418 0)
(0.299472 -0.0229769 0)
(0.327979 -0.0209844 0)
(0.353395 -0.0184711 0)
(0.374877 -0.01532 0)
(0.391389 -0.0113823 0)
(0.40168 -0.00648632 0)
(0.404234 -0.000319917 0)
(0.397063 0.00772331 0)
(0.377732 0.0186215 0)
(0.342982 0.0328508 0)
(0.289606 0.049449 0)
(0.21757 0.0657864 0)
(0.122266 0.0739884 0)
(0.0408667 0.0414608 0)
(0.0183833 -0.000504115 0)
(0.0467374 -0.0321547 0)
(0.0794041 -0.0416838 0)
(0.112666 -0.0442164 0)
(0.146516 -0.04415 0)
(0.179987 -0.0432058 0)
(0.212727 -0.0419522 0)
(0.244497 -0.0404282 0)
(0.274965 -0.0384974 0)
(0.303665 -0.0359962 0)
(0.329987 -0.0327692 0)
(0.353183 -0.0286542 0)
(0.372339 -0.0234518 0)
(0.386332 -0.0169198 0)
(0.393841 -0.00880642 0)
(0.393404 0.00131086 0)
(0.383357 0.0143559 0)
(0.36197 0.0312935 0)
(0.32708 0.052858 0)
(0.276648 0.0775384 0)
(0.211634 0.101332 0)
(0.129576 0.114185 0)
(0.0595091 0.0818254 0)
(0.0339995 -0.0199281 0)
(0.0631759 -0.0478747 0)
(0.0957508 -0.0571049 0)
(0.126931 -0.0598299 0)
(0.158256 -0.0596614 0)
(0.189257 -0.0584589 0)
(0.219718 -0.0568384 0)
(0.249384 -0.0548076 0)
(0.277874 -0.0521677 0)
(0.304665 -0.0486853 0)
(0.329093 -0.0441326 0)
(0.350341 -0.0382663 0)
(0.36741 -0.0307951 0)
(0.379076 -0.0213779 0)
(0.383939 -0.0097207 0)
(0.380587 0.00458609 0)
(0.367781 0.0224133 0)
(0.344564 0.0447792 0)
(0.309784 0.0726128 0)
(0.262321 0.103868 0)
(0.203878 0.133367 0)
(0.132477 0.150859 0)
(0.0706005 0.126495 0)
(0.0439275 -0.0465627 0)
(0.0734917 -0.065267 0)
(0.10648 -0.0728134 0)
(0.136232 -0.0752477 0)
(0.165682 -0.0748662 0)
(0.194785 -0.0734357 0)
(0.223458 -0.0714988 0)
(0.251442 -0.0689896 0)
(0.278317 -0.0656368 0)
(0.30352 -0.0611349 0)
(0.326342 -0.0551775 0)
(0.345895 -0.0474318 0)
(0.361084 -0.0374954 0)
(0.370556 -0.024908 0)
(0.372788 -0.00933596 0)
(0.366407 0.00947464 0)
(0.35063 0.0320475 0)
(0.325438 0.0591492 0)
(0.290818 0.0920361 0)
(0.246332 0.128239 0)
(0.19417 0.161757 0)
(0.132281 0.183838 0)
(0.0768482 0.172377 0)
(0.0513562 -0.0763874 0)
(0.0782215 -0.0814136 0)
(0.111647 -0.0862616 0)
(0.140514 -0.0879518 0)
(0.168779 -0.0872078 0)
(0.196673 -0.0855381 0)
(0.224149 -0.0833174 0)
(0.250927 -0.0803913 0)
(0.27657 -0.0764261 0)
(0.300506 -0.0710577 0)
(0.321999 -0.0639151 0)
(0.340101 -0.0545863 0)
(0.35361 -0.0425635 0)
(0.361018 -0.0272477 0)
(0.360616 -0.00818526 0)
(0.350984 0.0148527 0)
(0.331707 0.0421999 0)
(0.304056 0.0740539 0)
(0.269626 0.110909 0)
(0.228556 0.150546 0)
(0.183124 0.18646 0)
(0.131257 0.213394 0)
(0.0814492 0.219518 0)
(0.0555496 -0.0994084 0)
(0.077611 -0.0933272 0)
(0.111954 -0.0967784 0)
(0.140202 -0.0979628 0)
(0.167803 -0.0969718 0)
(0.195008 -0.0951852 0)
(0.221685 -0.0927854 0)
(0.247522 -0.089536 0)
(0.272076 -0.08505 0)
(0.294795 -0.0789072 0)
(0.314946 -0.0706678 0)
(0.33154 -0.0598381 0)
(0.343301 -0.0458164 0)
(0.348595 -0.02792 0)
(0.345515 -0.00574041 0)
(0.332674 0.0205829 0)
(0.309981 0.051081 0)
(0.279958 0.0863137 0)
(0.24595 0.127481 0)
(0.209475 0.169995 0)
(0.172241 0.206853 0)
(0.132489 0.239337 0)
(0.0881893 0.271094 0)
(0.0410005 -0.13432 0)
(0.0652738 -0.111197 0)
(0.102671 -0.113649 0)
(0.131478 -0.113672 0)
(0.159303 -0.112262 0)
(0.186318 -0.110207 0)
(0.212401 -0.107399 0)
(0.237313 -0.10353 0)
(0.260681 -0.0981596 0)
(0.282027 -0.0907654 0)
(0.300717 -0.0807326 0)
(0.31589 -0.0673537 0)
(0.326373 -0.049837 0)
(0.330662 -0.0275049 0)
(0.3266 -0.00041498 0)
(0.311975 0.0303897 0)
(0.285597 0.0633908 0)
(0.251782 0.0996084 0)
(0.220407 0.141013 0)
(0.190932 0.184283 0)
(0.164646 0.220929 0)
(0.140269 0.257838 0)
(0.108293 0.328701 0)
(-0.209476 0.0736244 0)
(-0.257531 0.0254071 0)
(-0.30657 -0.00568285 0)
(-0.255662 -0.0248386 0)
(-0.164246 -0.0384517 0)
(-0.0269576 -0.0551905 0)
(0.160567 -0.0652276 0)
(0.326832 -0.052144 0)
(0.441143 -0.0351403 0)
(0.512168 -0.0233954 0)
(0.554255 -0.0156919 0)
(0.576043 -0.00904923 0)
(0.577791 -0.00119866 0)
(0.55394 0.00869392 0)
(0.495616 0.0226284 0)
(0.392943 0.0397147 0)
(0.25563 0.0585249 0)
(0.0287443 0.0672326 0)
(-0.13186 -0.0358012 0)
(-0.159957 0.118032 0)
(-0.164297 0.0502766 0)
(-0.19778 -0.00573805 0)
(-0.151029 -0.0482629 0)
(-0.0512837 -0.0851975 0)
(0.112438 -0.118723 0)
(0.290734 -0.125825 0)
(0.438769 -0.0931195 0)
(0.534583 -0.0564677 0)
(0.588144 -0.0331151 0)
(0.614865 -0.018155 0)
(0.622818 -0.00549909 0)
(0.612328 0.00927 0)
(0.578869 0.0288058 0)
(0.516295 0.0539902 0)
(0.418006 0.0824974 0)
(0.292639 0.10929 0)
(0.119875 0.116197 0)
(0.00546828 -0.0190177 0)
(-0.118371 0.163728 0)
(-0.08308 0.0628291 0)
(-0.115536 -0.00891555 0)
(-0.0836121 -0.0697867 0)
(0.0239567 -0.12513 0)
(0.207237 -0.172743 0)
(0.393762 -0.19012 0)
(0.536237 -0.145612 0)
(0.611466 -0.0839531 0)
(0.644086 -0.0455928 0)
(0.655033 -0.0223043 0)
(0.650839 -0.00287748 0)
(0.630998 0.0197373 0)
(0.591223 0.0493267 0)
(0.526702 0.0863459 0)
(0.433151 0.127438 0)
(0.317791 0.164089 0)
(0.1725 0.169381 0)
(0.0836534 0.0261972 0)
(-0.0780354 0.193354 0)
(0.00131374 0.0622226 0)
(-0.0215758 -0.00888713 0)
(-0.0123111 -0.0881956 0)
(0.0942208 -0.155503 0)
(0.330278 -0.210376 0)
(0.517935 -0.232006 0)
(0.641566 -0.181285 0)
(0.691805 -0.10327 0)
(0.69722 -0.0506209 0)
(0.690444 -0.0204973 0)
(0.674826 0.00440475 0)
(0.647012 0.0338328 0)
(0.602142 0.0721763 0)
(0.536021 0.119511 0)
(0.445704 0.1711 0)
(0.336767 0.215622 0)
(0.204965 0.221006 0)
(0.116948 0.0879735 0)
(-0.0386271 0.197721 0)
(0.0810275 0.0422602 0)
(0.103283 -0.0125541 0)
(0.15608 -0.10598 0)
(0.350168 -0.264432 0)
(0.664477 -0.392696 0)
(0.790417 -0.27393 0)
(0.776524 -0.180785 0)
(0.773376 -0.100181 0)
(0.746802 -0.0450634 0)
(0.721711 -0.0125813 0)
(0.696168 0.0156444 0)
(0.661916 0.0505737 0)
(0.612978 0.0965457 0)
(0.545364 0.152832 0)
(0.456917 0.213292 0)
(0.351855 0.264437 0)
(0.226057 0.272397 0)
(0.133105 0.156093 0)
(-0.00405455 0.173904 0)
(0.154478 0.00412665 0)
(0.209865 -0.0400617 0)
(0.404644 -0.157089 0)
(0.659266 -0.44559 0)
(0.698284 -0.497987 0)
(0.863671 -0.410709 0)
(0.912395 -0.143592 0)
(0.830985 -0.0729221 0)
(0.78284 -0.0285144 0)
(0.745495 0.000495697 0)
(0.713736 0.0298704 0)
(0.675326 0.0692344 0)
(0.623491 0.121942 0)
(0.554551 0.186124 0)
(0.466961 0.254336 0)
(0.36394 0.31171 0)
(0.240583 0.325066 0)
(0.142004 0.228766 0)
(0.0245551 0.136223 0)
(0.218127 -0.0488231 0)
(0.283783 -0.0865644 0)
(0.462067 -0.172166 0)
(0.622072 -0.496396 0)
(0.674632 -0.498135 0)
(0.748433 -0.425186 0)
(0.835876 -0.170314 0)
(0.836623 -0.0487269 0)
(0.79368 -0.00989388 0)
(0.758325 0.0152913 0)
(0.726348 0.045391 0)
(0.68661 0.0889642 0)
(0.633141 0.148043 0)
(0.563099 0.219509 0)
(0.475657 0.294802 0)
(0.373333 0.358377 0)
(0.250697 0.378903 0)
(0.147165 0.305719 0)
(0.0958805 0.0539712 0)
(0.285988 -0.103056 0)
(0.35775 -0.140674 0)
(0.601043 -0.403493 0)
(0.629225 -0.483359 0)
(0.654784 -0.497418 0)
(0.69073 -0.43207 0)
(0.736208 -0.215059 0)
(0.799446 -0.0439207 0)
(0.782519 0.00152728 0)
(0.760686 0.0274708 0)
(0.733929 0.0602516 0)
(0.695424 0.108885 0)
(0.641412 0.174569 0)
(0.570449 0.253131 0)
(0.482622 0.335173 0)
(0.380046 0.405046 0)
(0.257672 0.433933 0)
(0.151139 0.383035 0)
(0.0173552 -0.163045 0)
(0.043429 -0.147117 0)
(0.0784325 -0.148428 0)
(0.108308 -0.146798 0)
(0.136344 -0.144275 0)
(0.162873 -0.141187 0)
(0.1879 -0.137144 0)
(0.211337 -0.131649 0)
(0.233 -0.124137 0)
(0.2526 -0.113983 0)
(0.269717 -0.100459 0)
(0.283756 -0.0826518 0)
(0.293923 -0.0593799 0)
(0.299176 -0.0291598 0)
(0.297959 0.00930531 0)
(0.288228 0.0562794 0)
(0.267555 0.104593 0)
(0.232408 0.1391 0)
(0.190102 0.164814 0)
(0.170744 0.202755 0)
(0.166169 0.232526 0)
(0.176035 0.259869 0)
(0.235356 0.306187 0)
(0.00935857 -0.181495 0)
(0.0342606 -0.17264 0)
(0.0644759 -0.168693 0)
(0.0923087 -0.164639 0)
(0.118795 -0.160285 0)
(0.143838 -0.155535 0)
(0.167331 -0.149995 0)
(0.189163 -0.143138 0)
(0.209204 -0.134358 0)
(0.227278 -0.122953 0)
(0.243143 -0.108092 0)
(0.256479 -0.0887849 0)
(0.266949 -0.0638919 0)
(0.274343 -0.0321728 0)
(0.278809 0.00753477 0)
(0.280562 0.0556982 0)
(0.279245 0.110449 0)
(0.273106 0.165275 0)
(0.259131 0.207136 0)
(0.221806 0.223226 0)
(0.206105 0.233544 0)
(0.22577 0.233119 0)
(0.272134 0.206167 0)
(0.010578 -0.198008 0)
(0.0325188 -0.199355 0)
(0.0593683 -0.195219 0)
(0.0846055 -0.19032 0)
(0.108985 -0.184884 0)
(0.132225 -0.178821 0)
(0.154157 -0.171797 0)
(0.174643 -0.163315 0)
(0.193562 -0.152769 0)
(0.210805 -0.139443 0)
(0.22627 -0.122475 0)
(0.239845 -0.100883 0)
(0.251533 -0.0736958 0)
(0.261717 -0.0400358 0)
(0.271373 0.000773226 0)
(0.281978 0.0487165 0)
(0.294596 0.102445 0)
(0.309017 0.157618 0)
(0.324213 0.206098 0)
(0.33715 0.233835 0)
(0.337951 0.228212 0)
(0.329828 0.204932 0)
(0.369128 0.161966 0)
(0.0151718 -0.218735 0)
(0.0334476 -0.224864 0)
(0.0584536 -0.220347 0)
(0.0812767 -0.214705 0)
(0.10354 -0.208338 0)
(0.124931 -0.201148 0)
(0.145276 -0.192826 0)
(0.164447 -0.182914 0)
(0.182354 -0.170842 0)
(0.198972 -0.155939 0)
(0.214337 -0.137366 0)
(0.228475 -0.114186 0)
(0.241544 -0.0857289 0)
(0.254196 -0.0517055 0)
(0.267915 -0.0121059 0)
(0.284898 0.0328685 0)
(0.307058 0.08221 0)
(0.335072 0.13303 0)
(0.368523 0.1789 0)
(0.406411 0.209162 0)
(0.445905 0.210885 0)
(0.483092 0.175173 0)
(0.522314 0.108006 0)
(0.0216916 -0.247294 0)
(0.0339938 -0.251425 0)
(0.0586386 -0.245764 0)
(0.0796509 -0.239149 0)
(0.100222 -0.23177 0)
(0.119998 -0.223478 0)
(0.138831 -0.213943 0)
(0.156636 -0.202731 0)
(0.173386 -0.189332 0)
(0.189187 -0.173186 0)
(0.204283 -0.153499 0)
(0.218825 -0.129277 0)
(0.232932 -0.10017 0)
(0.247251 -0.0666717 0)
(0.263487 -0.0296701 0)
(0.284416 0.0102078 0)
(0.312472 0.0527522 0)
(0.348305 0.0965083 0)
(0.391353 0.13571 0)
(0.440487 0.16147 0)
(0.493716 0.163204 0)
(0.547655 0.133109 0)
(0.600365 0.0704983 0)
(0.032009 -0.280809 0)
(0.0329279 -0.276141 0)
(0.0574777 -0.267646 0)
(0.0777175 -0.259285 0)
(0.0973823 -0.250656 0)
(0.116039 -0.241414 0)
(0.133592 -0.231036 0)
(0.150021 -0.219031 0)
(0.165378 -0.204934 0)
(0.179941 -0.188359 0)
(0.194218 -0.168707 0)
(0.208616 -0.144824 0)
(0.223391 -0.116445 0)
(0.238876 -0.0846043 0)
(0.256673 -0.0514112 0)
(0.279756 -0.0182666 0)
(0.311013 0.0165825 0)
(0.350591 0.0528231 0)
(0.397174 0.0850124 0)
(0.449744 0.104904 0)
(0.506585 0.103541 0)
(0.56463 0.0757443 0)
(0.620448 0.0224486 0)
(0.106879 -0.289925 0)
(0.0169472 -0.279475 0)
(0.047206 -0.275754 0)
(0.068817 -0.269036 0)
(0.0894996 -0.260716 0)
(0.108536 -0.25149 0)
(0.12606 -0.240933 0)
(0.14214 -0.228666 0)
(0.156909 -0.214352 0)
(0.170715 -0.197854 0)
(0.184169 -0.178765 0)
(0.197642 -0.15556 0)
(0.21198 -0.128275 0)
(0.228797 -0.0990537 0)
(0.24924 -0.0703566 0)
(0.274802 -0.0452303 0)
(0.307446 -0.0213652 0)
(0.347469 0.00640455 0)
(0.394202 0.0329094 0)
(0.446936 0.0500177 0)
(0.505034 0.0467948 0)
(0.564957 0.0208823 0)
(0.62293 -0.0260305 0)
(0.143664 -0.364217 0)
(0.0465793 -0.25214 0)
(0.0663272 -0.294135 0)
(0.0688326 -0.280203 0)
(0.0832594 -0.266031 0)
(0.0993264 -0.253397 0)
(0.114844 -0.240796 0)
(0.129032 -0.227371 0)
(0.141881 -0.212424 0)
(0.153541 -0.195945 0)
(0.164223 -0.177305 0)
(0.173444 -0.154617 0)
(0.188743 -0.131692 0)
(0.209334 -0.106059 0)
(0.23832 -0.0817628 0)
(0.274091 -0.0643472 0)
(0.309753 -0.046956 0)
(0.350701 -0.0264879 0)
(0.394289 -0.0125108 0)
(0.447092 -0.0080165 0)
(0.508271 -0.0171134 0)
(0.569724 -0.0430003 0)
(0.629025 -0.0849045 0)
(0.0102158 -0.454284 0)
(0.0441896 -0.255081 0)
(0.0814678 -0.324775 0)
(0.0974293 -0.340836 0)
(0.113986 -0.338716 0)
(0.13014 -0.327794 0)
(0.14564 -0.311457 0)
(0.160441 -0.292141 0)
(0.17421 -0.270827 0)
(0.185761 -0.247251 0)
(0.194 -0.223074 0)
(0.199636 -0.196118 0)
(0.190396 -0.162868 0)
(0.194198 -0.13316 0)
(0.218769 -0.101056 0)
(0.254442 -0.0735883 0)
(0.293644 -0.0490649 0)
(0.369347 -0.0328523 0)
(0.429413 -0.0448915 0)
(0.480339 -0.0506857 0)
(0.534595 -0.0693669 0)
(0.591479 -0.101151 0)
(0.648323 -0.143076 0)
(-0.0171127 -0.437213 0)
(0.0310194 -0.325239 0)
(0.0709965 -0.329022 0)
(0.0922083 -0.326755 0)
(0.109648 -0.31884 0)
(0.125518 -0.307505 0)
(0.140721 -0.293428 0)
(0.155619 -0.276955 0)
(0.170189 -0.257929 0)
(0.184726 -0.235556 0)
(0.19919 -0.208601 0)
(0.214914 -0.186718 0)
(0.232627 -0.180602 0)
(0.257991 -0.189312 0)
(0.289239 -0.207992 0)
(0.331132 -0.215544 0)
(0.379178 -0.229671 0)
(0.414834 -0.18604 0)
(0.414096 -0.066645 0)
(0.509606 -0.0550894 0)
(0.588484 -0.101258 0)
(0.63305 -0.136515 0)
(0.678173 -0.174593 0)
(-0.0140825 -0.439914 0)
(0.0224766 -0.370276 0)
(0.0538232 -0.355883 0)
(0.0749043 -0.345308 0)
(0.0922509 -0.333968 0)
(0.108015 -0.321256 0)
(0.123457 -0.306854 0)
(0.139243 -0.290548 0)
(0.155844 -0.272119 0)
(0.174015 -0.251356 0)
(0.195888 -0.228929 0)
(0.222995 -0.206974 0)
(0.254267 -0.193253 0)
(0.28822 -0.193145 0)
(0.321336 -0.194364 0)
(0.353816 -0.194894 0)
(0.387 -0.192494 0)
(0.424387 -0.207607 0)
(0.485411 -0.245198 0)
(0.564324 -0.296885 0)
(0.592811 -0.173858 0)
(0.655399 -0.147017 0)
(0.720793 -0.185342 0)
(-0.00841775 -0.444105 0)
(0.0154186 -0.399856 0)
(0.0375769 -0.379159 0)
(0.0557681 -0.364324 0)
(0.0720718 -0.351125 0)
(0.087642 -0.337876 0)
(0.103486 -0.323764 0)
(0.120364 -0.308383 0)
(0.138955 -0.291578 0)
(0.160167 -0.273533 0)
(0.18526 -0.255154 0)
(0.215383 -0.239298 0)
(0.249598 -0.229221 0)
(0.28427 -0.224729 0)
(0.31679 -0.223895 0)
(0.347758 -0.22339 0)
(0.381092 -0.222283 0)
(0.418765 -0.220582 0)
(0.462348 -0.234548 0)
(0.500533 -0.26015 0)
(0.536724 -0.296529 0)
(0.598323 -0.340707 0)
(0.648638 -0.387754 0)
(-0.00541626 -0.446913 0)
(0.00887888 -0.418579 0)
(0.0238856 -0.397291 0)
(0.0386356 -0.381092 0)
(0.0531655 -0.367284 0)
(0.067882 -0.354237 0)
(0.0834284 -0.341053 0)
(0.100446 -0.327293 0)
(0.119572 -0.312869 0)
(0.141496 -0.298054 0)
(0.166945 -0.283698 0)
(0.196165 -0.271366 0)
(0.228079 -0.263044 0)
(0.260589 -0.259143 0)
(0.292421 -0.258041 0)
(0.323862 -0.258103 0)
(0.356316 -0.258443 0)
(0.391652 -0.261477 0)
(0.428048 -0.269434 0)
(0.463576 -0.279968 0)
(0.502577 -0.28423 0)
(0.547917 -0.315685 0)
(0.589834 -0.341436 0)
(-0.00441508 -0.447567 0)
(0.00339755 -0.42954 0)
(0.0130392 -0.41007 0)
(0.0243444 -0.394367 0)
(0.0365499 -0.381059 0)
(0.0496714 -0.368901 0)
(0.0640402 -0.357116 0)
(0.0800975 -0.345305 0)
(0.09831 -0.333394 0)
(0.119131 -0.321633 0)
(0.142892 -0.310627 0)
(0.169553 -0.301377 0)
(0.198346 -0.29485 0)
(0.228086 -0.291272 0)
(0.257996 -0.290005 0)
(0.288028 -0.290462 0)
(0.318744 -0.292427 0)
(0.350457 -0.29658 0)
(0.381903 -0.304295 0)
(0.412347 -0.313686 0)
(0.445084 -0.325649 0)
(0.476113 -0.344466 0)
(0.498539 -0.365728 0)
(-0.00444323 -0.44608 0)
(-0.000990993 -0.43535 0)
(0.00458516 -0.418748 0)
(0.0126833 -0.404647 0)
(0.0223181 -0.392588 0)
(0.033341 -0.381767 0)
(0.0458678 -0.371598 0)
(0.060154 -0.361757 0)
(0.0764937 -0.352168 0)
(0.095148 -0.342997 0)
(0.116251 -0.334643 0)
(0.13966 -0.327682 0)
(0.164848 -0.322668 0)
(0.191082 -0.319768 0)
(0.217785 -0.318815 0)
(0.244696 -0.319605 0)
(0.271768 -0.322145 0)
(0.298819 -0.326825 0)
(0.325 -0.333933 0)
(0.349734 -0.342691 0)
(0.373088 -0.353037 0)
(0.392118 -0.367107 0)
(0.404179 -0.380001 0)
(-0.00489649 -0.44267 0)
(-0.00441929 -0.437462 0)
(-0.00202415 -0.424096 0)
(0.00315724 -0.4121 0)
(0.0101945 -0.401701 0)
(0.0188624 -0.392462 0)
(0.0291416 -0.383991 0)
(0.0411476 -0.37604 0)
(0.0550341 -0.368533 0)
(0.0709247 -0.361561 0)
(0.088838 -0.35536 0)
(0.108605 -0.350265 0)
(0.129833 -0.346581 0)
(0.152001 -0.344442 0)
(0.174619 -0.343819 0)
(0.197304 -0.344657 0)
(0.219731 -0.346974 0)
(0.241452 -0.350894 0)
(0.261732 -0.356457 0)
(0.279891 -0.363205 0)
(0.295273 -0.370857 0)
(0.306022 -0.379056 0)
(0.311198 -0.385069 0)
(-0.0054333 -0.437592 0)
(-0.00716176 -0.43687 0)
(-0.00726877 -0.426624 0)
(-0.00468789 -0.416897 0)
(-0.000169365 -0.408328 0)
(0.0060583 -0.400754 0)
(0.0138867 -0.393955 0)
(0.0233349 -0.387752 0)
(0.0344507 -0.382071 0)
(0.0472618 -0.376944 0)
(0.0617152 -0.372491 0)
(0.0776309 -0.368887 0)
(0.0946868 -0.366287 0)
(0.112465 -0.364766 0)
(0.130526 -0.364319 0)
(0.148438 -0.364909 0)
(0.165758 -0.366512 0)
(0.181956 -0.36911 0)
(0.196359 -0.372571 0)
(0.208279 -0.376501 0)
(0.21702 -0.380433 0)
(0.221433 -0.383603 0)
(0.221352 -0.384281 0)
(-0.00591811 -0.431112 0)
(-0.00937998 -0.434167 0)
(-0.0115365 -0.426779 0)
(-0.0112282 -0.419238 0)
(-0.00906905 -0.412489 0)
(-0.00526495 -0.406562 0)
(5.17268e-05 -0.401337 0)
(0.00683575 -0.396693 0)
(0.0150508 -0.39257 0)
(0.0246604 -0.388952 0)
(0.035565 -0.385879 0)
(0.0475767 -0.383414 0)
(0.0604114 -0.381608 0)
(0.0737088 -0.380473 0)
(0.0870656 -0.379978 0)
(0.100051 -0.380063 0)
(0.1122 -0.380654 0)
(0.12299 -0.381643 0)
(0.131825 -0.382821 0)
(0.138093 -0.383815 0)
(0.141226 -0.384124 0)
(0.140477 -0.383004 0)
(0.136084 -0.379268 0)
(-0.00631446 -0.423475 0)
(-0.0111906 -0.429738 0)
(-0.0150712 -0.424895 0)
(-0.0167603 -0.419373 0)
(-0.0167649 -0.414325 0)
(-0.015262 -0.409914 0)
(-0.0124024 -0.406103 0)
(-0.00827673 -0.402814 0)
(-0.00295876 -0.399981 0)
(0.00347203 -0.397558 0)
(0.0108798 -0.395525 0)
(0.0190704 -0.393868 0)
(0.0277845 -0.392564 0)
(0.0367008 -0.391564 0)
(0.0454527 -0.390798 0)
(0.0536373 -0.390169 0)
(0.0608187 -0.389562 0)
(0.0665245 -0.388818 0)
(0.0702465 -0.387704 0)
(0.0714774 -0.385874 0)
(0.0697932 -0.382871 0)
(0.0646876 -0.378066 0)
(0.0566386 -0.370616 0)
(-0.0066186 -0.414893 0)
(-0.0126687 -0.423862 0)
(-0.0180195 -0.421241 0)
(-0.0214663 -0.417524 0)
(-0.0234343 -0.414006 0)
(-0.0240709 -0.410941 0)
(-0.0235344 -0.40835 0)
(-0.021943 -0.406182 0)
(-0.0194016 -0.404373 0)
(-0.0160251 -0.402853 0)
(-0.0119597 -0.401555 0)
(-0.00739739 -0.40041 0)
(-0.00257997 -0.399336 0)
(0.00220541 -0.398239 0)
(0.00662896 -0.397004 0)
(0.0103289 -0.395506 0)
(0.0129213 -0.393597 0)
(0.0140018 -0.391098 0)
(0.0131533 -0.387775 0)
(0.00996808 -0.383322 0)
(0.0041537 -0.377348 0)
(-0.00468029 -0.369362 0)
(-0.0158463 -0.358773 0)
(-0.00684036 -0.405549 0)
(-0.0138672 -0.416768 0)
(-0.0204682 -0.416055 0)
(-0.0254514 -0.413908 0)
(-0.0291759 -0.411722 0)
(-0.0317626 -0.409812 0)
(-0.0333707 -0.408236 0)
(-0.0341337 -0.406963 0)
(-0.0341762 -0.405925 0)
(-0.0336317 -0.405037 0)
(-0.0326553 -0.404198 0)
(-0.0314346 -0.403299 0)
(-0.0301929 -0.402217 0)
(-0.0291871 -0.400819 0)
(-0.0287038 -0.39896 0)
(-0.0290535 -0.396486 0)
(-0.0305625 -0.393233 0)
(-0.033563 -0.389017 0)
(-0.0383884 -0.383618 0)
(-0.0453469 -0.376776 0)
(-0.0546372 -0.368185 0)
(-0.0665418 -0.357489 0)
(-0.080202 -0.344307 0)
(-0.00698562 -0.395601 0)
(-0.014812 -0.408657 0)
(-0.0224636 -0.409552 0)
(-0.0287705 -0.408738 0)
(-0.0340381 -0.407678 0)
(-0.0383638 -0.406726 0)
(-0.0419036 -0.405963 0)
(-0.0447976 -0.405369 0)
(-0.0471811 -0.404874 0)
(-0.0491961 -0.404379 0)
(-0.0510002 -0.403762 0)
(-0.0527724 -0.402885 0)
(-0.0547156 -0.401596 0)
(-0.0570552 -0.399735 0)
(-0.0600356 -0.397135 0)
(-0.0639151 -0.393628 0)
(-0.0689589 -0.389043 0)
(-0.0754279 -0.383199 0)
(-0.0835738 -0.375904 0)
(-0.0936266 -0.366945 0)
(-0.105692 -0.356094 0)
(-0.12002 -0.343113 0)
(-0.13561 -0.327763 0)
(-0.00705934 -0.385202 0)
(-0.0155189 -0.399715 0)
(-0.0240285 -0.40194 0)
(-0.0314493 -0.402232 0)
(-0.0380403 -0.402095 0)
(-0.0438779 -0.401908 0)
(-0.0491115 -0.401766 0)
(-0.053882 -0.401655 0)
(-0.0583278 -0.401502 0)
(-0.0625924 -0.401196 0)
(-0.0668296 -0.400602 0)
(-0.0712061 -0.399565 0)
(-0.0759025 -0.397914 0)
(-0.0811118 -0.395473 0)
(-0.0870363 -0.392063 0)
(-0.0938838 -0.387511 0)
(-0.10186 -0.381645 0)
(-0.11116 -0.374299 0)
(-0.121967 -0.365309 0)
(-0.134435 -0.35451 0)
(-0.148624 -0.34174 0)
(-0.164735 -0.326847 0)
(-0.181664 -0.30971 0)
(-0.00706147 -0.374495 0)
(-0.0159913 -0.390125 0)
(-0.0251728 -0.393422 0)
(-0.0334994 -0.394606 0)
(-0.0411899 -0.395201 0)
(-0.048302 -0.3956 0)
(-0.0549757 -0.395905 0)
(-0.0613484 -0.396103 0)
(-0.0675558 -0.396118 0)
(-0.0737378 -0.395833 0)
(-0.0800395 -0.395104 0)
(-0.0866124 -0.393766 0)
(-0.0936135 -0.391641 0)
(-0.101203 -0.388545 0)
(-0.109544 -0.384298 0)
(-0.118795 -0.378725 0)
(-0.129109 -0.371664 0)
(-0.140621 -0.362966 0)
(-0.153456 -0.352494 0)
(-0.167716 -0.340125 0)
(-0.183398 -0.325749 0)
(-0.200707 -0.309291 0)
(-0.21846 -0.290701 0)
(-0.00699319 -0.363625 0)
(-0.0162341 -0.380063 0)
(-0.0259034 -0.384199 0)
(-0.0349292 -0.386079 0)
(-0.0434943 -0.387232 0)
(-0.0516388 -0.388054 0)
(-0.0594915 -0.388652 0)
(-0.0671826 -0.389009 0)
(-0.0748417 -0.389048 0)
(-0.0826006 -0.388648 0)
(-0.0905932 -0.387662 0)
(-0.0989536 -0.385923 0)
(-0.107815 -0.38325 0)
(-0.117306 -0.379462 0)
(-0.127552 -0.374382 0)
(-0.138669 -0.367843 0)
(-0.15076 -0.359695 0)
(-0.163913 -0.349806 0)
(-0.178203 -0.338066 0)
(-0.193678 -0.324385 0)
(-0.210324 -0.3087 0)
(-0.2283 -0.290981 0)
(-0.246384 -0.271248 0)
(-0.00685419 -0.352735 0)
(-0.01625 -0.369705 0)
(-0.026229 -0.374468 0)
(-0.0357515 -0.376868 0)
(-0.0449687 -0.378421 0)
(-0.0539041 -0.379524 0)
(-0.0626744 -0.380281 0)
(-0.0714001 -0.380673 0)
(-0.080202 -0.38062 0)
(-0.0892019 -0.380001 0)
(-0.09852 -0.378668 0)
(-0.108273 -0.376458 0)
(-0.11857 -0.373196 0)
(-0.129511 -0.368709 0)
(-0.141187 -0.362827 0)
(-0.153676 -0.355396 0)
(-0.16704 -0.34628 0)
(-0.181325 -0.335365 0)
(-0.196564 -0.322564 0)
(-0.212779 -0.307814 0)
(-0.229906 -0.291085 0)
(-0.24812 -0.27239 0)
(-0.266196 -0.251782 0)
(-0.00664779 -0.341966 0)
(-0.0160486 -0.359219 0)
(-0.0261651 -0.364423 0)
(-0.035988 -0.367185 0)
(-0.0456403 -0.369 0)
(-0.0551308 -0.370261 0)
(-0.0645631 -0.371065 0)
(-0.074047 -0.371391 0)
(-0.083693 -0.371155 0)
(-0.0936114 -0.370237 0)
(-0.103909 -0.368495 0)
(-0.114683 -0.365772 0)
(-0.126023 -0.361905 0)
(-0.138001 -0.356731 0)
(-0.150679 -0.350095 0)
(-0.164101 -0.341856 0)
(-0.178296 -0.331895 0)
(-0.193275 -0.320114 0)
(-0.209041 -0.306445 0)
(-0.225577 -0.290847 0)
(-0.242829 -0.273316 0)
(-0.26092 -0.253884 0)
(-0.278657 -0.232646 0)
(-0.00637754 -0.331448 0)
(-0.0156408 -0.348766 0)
(-0.0257344 -0.354246 0)
(-0.0356703 -0.357234 0)
(-0.0455501 -0.359193 0)
(-0.0553692 -0.360508 0)
(-0.0652187 -0.361267 0)
(-0.0751974 -0.361445 0)
(-0.0854052 -0.360955 0)
(-0.0959407 -0.359682 0)
(-0.106897 -0.35749 0)
(-0.118355 -0.354233 0)
(-0.130382 -0.349761 0)
(-0.143031 -0.343928 0)
(-0.156335 -0.336594 0)
(-0.170311 -0.327636 0)
(-0.18496 -0.316948 0)
(-0.200266 -0.304449 0)
(-0.216206 -0.290085 0)
(-0.232752 -0.273835 0)
(-0.249807 -0.255703 0)
(-0.267521 -0.23575 0)
(-0.284733 -0.214081 0)
(-0.00605182 -0.321308 0)
(-0.0150459 -0.338497 0)
(-0.024968 -0.344112 0)
(-0.034841 -0.347208 0)
(-0.0447521 -0.349212 0)
(-0.0546858 -0.350495 0)
(-0.0647219 -0.351135 0)
(-0.074949 -0.3511 0)
(-0.0854572 -0.350305 0)
(-0.0963338 -0.348636 0)
(-0.107658 -0.345968 0)
(-0.119497 -0.342168 0)
(-0.131901 -0.337105 0)
(-0.144899 -0.330648 0)
(-0.158506 -0.322677 0)
(-0.172715 -0.313084 0)
(-0.187506 -0.301779 0)
(-0.202839 -0.288694 0)
(-0.218674 -0.273789 0)
(-0.234956 -0.25705 0)
(-0.25161 -0.238497 0)
(-0.268731 -0.218192 0)
(-0.285219 -0.196267 0)
(-0.00567976 -0.311655 0)
(-0.0142837 -0.328544 0)
(-0.0239038 -0.334179 0)
(-0.0335512 -0.337288 0)
(-0.043311 -0.339257 0)
(-0.0531599 -0.340438 0)
(-0.0631686 -0.340899 0)
(-0.0734175 -0.340603 0)
(-0.083988 -0.339461 0)
(-0.0949574 -0.337368 0)
(-0.106393 -0.334209 0)
(-0.118348 -0.329868 0)
(-0.130856 -0.324231 0)
(-0.143932 -0.317188 0)
(-0.157571 -0.308637 0)
(-0.171748 -0.298487 0)
(-0.186424 -0.286664 0)
(-0.201546 -0.27311 0)
(-0.217052 -0.257795 0)
(-0.23289 -0.240711 0)
(-0.248945 -0.221881 0)
(-0.265338 -0.201375 0)
(-0.281054 -0.179328 0)
(-0.0052759 -0.302588 0)
(-0.0133809 -0.319027 0)
(-0.0225862 -0.324591 0)
(-0.0318592 -0.327641 0)
(-0.0412996 -0.329512 0)
(-0.05088 -0.330537 0)
(-0.0606654 -0.330773 0)
(-0.0707306 -0.330174 0)
(-0.0811498 -0.328655 0)
(-0.0919918 -0.326117 0)
(-0.103313 -0.322459 0)
(-0.115155 -0.317582 0)
(-0.127538 -0.311391 0)
(-0.140462 -0.303798 0)
(-0.153908 -0.294719 0)
(-0.167839 -0.284081 0)
(-0.1822 -0.271823 0)
(-0.196923 -0.257899 0)
(-0.211939 -0.242285 0)
(-0.22717 -0.224976 0)
(-0.24253 -0.205995 0)
(-0.258079 -0.185408 0)
(-0.2729 -0.163352 0)
(-0.00485689 -0.294181 0)
(-0.0123621 -0.31004 0)
(-0.0210642 -0.315478 0)
(-0.029828 -0.318417 0)
(-0.0387957 -0.320145 0)
(-0.0479402 -0.320974 0)
(-0.0573252 -0.320947 0)
(-0.0670223 -0.320014 0)
(-0.0771012 -0.318092 0)
(-0.0876228 -0.315092 0)
(-0.0986347 -0.310929 0)
(-0.110167 -0.305521 0)
(-0.122229 -0.298796 0)
(-0.134812 -0.290683 0)
(-0.147884 -0.28112 0)
(-0.161397 -0.270051 0)
(-0.175287 -0.257426 0)
(-0.189476 -0.243212 0)
(-0.20388 -0.227389 0)
(-0.218424 -0.209953 0)
(-0.232982 -0.190922 0)
(-0.247642 -0.170356 0)
(-0.261562 -0.148383 0)
(-0.00445002 -0.286494 0)
(-0.0112584 -0.30166 0)
(-0.0193928 -0.306949 0)
(-0.0275241 -0.309753 0)
(-0.0358796 -0.311311 0)
(-0.0444369 -0.311913 0)
(-0.053263 -0.311593 0)
(-0.0624294 -0.310297 0)
(-0.0720021 -0.30795 0)
(-0.0820357 -0.304475 0)
(-0.0925694 -0.299801 0)
(-0.103624 -0.293867 0)
(-0.115202 -0.286621 0)
(-0.127284 -0.278013 0)
(-0.139833 -0.267998 0)
(-0.152795 -0.256537 0)
(-0.166097 -0.243597 0)
(-0.179654 -0.229154 0)
(-0.193375 -0.213193 0)
(-0.207157 -0.195709 0)
(-0.220904 -0.176713 0)
(-0.234631 -0.156252 0)
(-0.247586 -0.134447 0)
(-0.00409592 -0.279568 0)
(-0.0100997 -0.293938 0)
(-0.0176329 -0.299102 0)
(-0.0250167 -0.301772 0)
(-0.0326323 -0.303148 0)
(-0.0404667 -0.303502 0)
(-0.0485943 -0.302862 0)
(-0.0570882 -0.301179 0)
(-0.0660113 -0.298386 0)
(-0.0754116 -0.294421 0)
(-0.0853207 -0.289231 0)
(-0.0957523 -0.282774 0)
(-0.106702 -0.275016 0)
(-0.118148 -0.265926 0)
(-0.130051 -0.255478 0)
(-0.142354 -0.243651 0)
(-0.154982 -0.230426 0)
(-0.167845 -0.215791 0)
(-0.180841 -0.199741 0)
(-0.193867 -0.18227 0)
(-0.206775 -0.163384 0)
(-0.219599 -0.143111 0)
(-0.231659 -0.121549 0)
(-0.00386659 -0.273425 0)
(-0.00892487 -0.286901 0)
(-0.0158567 -0.292022 0)
(-0.0223785 -0.29459 0)
(-0.029135 -0.295781 0)
(-0.0361253 -0.29587 0)
(-0.0434338 -0.294887 0)
(-0.0511344 -0.292793 0)
(-0.0592849 -0.289535 0)
(-0.0679258 -0.285067 0)
(-0.0770808 -0.279356 0)
(-0.0867581 -0.272377 0)
(-0.0969508 -0.26411 0)
(-0.107637 -0.254543 0)
(-0.118782 -0.243667 0)
(-0.130332 -0.231476 0)
(-0.142217 -0.217971 0)
(-0.154348 -0.203157 0)
(-0.166617 -0.187039 0)
(-0.178895 -0.169623 0)
(-0.191048 -0.150906 0)
(-0.203012 -0.130899 0)
(-0.214188 -0.109667 0)
(-0.0038937 -0.267994 0)
(-0.00777558 -0.280554 0)
(-0.0141511 -0.285794 0)
(-0.0196856 -0.288316 0)
(-0.0254682 -0.289328 0)
(-0.0315074 -0.289131 0)
(-0.0378957 -0.287778 0)
(-0.0447029 -0.285249 0)
(-0.0519771 -0.28151 0)
(-0.059748 -0.276534 0)
(-0.0680312 -0.270302 0)
(-0.0768307 -0.262802 0)
(-0.0861404 -0.254028 0)
(-0.0959448 -0.243981 0)
(-0.106217 -0.232665 0)
(-0.116919 -0.220092 0)
(-0.127992 -0.206282 0)
(-0.139359 -0.191262 0)
(-0.150912 -0.175061 0)
(-0.162523 -0.157703 0)
(-0.173994 -0.139192 0)
(-0.18525 -0.119526 0)
(-0.195693 -0.098722 0)
(-0.00448797 -0.262964 0)
(-0.00674233 -0.274908 0)
(-0.0126279 -0.280524 0)
(-0.0170168 -0.283073 0)
(-0.0217093 -0.283897 0)
(-0.0267059 -0.283382 0)
(-0.0320947 -0.281626 0)
(-0.0379297 -0.27864 0)
(-0.0442412 -0.274413 0)
(-0.051044 -0.268931 0)
(-0.0583441 -0.262185 0)
(-0.0661431 -0.254173 0)
(-0.0744391 -0.244896 0)
(-0.083227 -0.23436 0)
(-0.092497 -0.222581 0)
(-0.102232 -0.209585 0)
(-0.1124 -0.19541 0)
(-0.122949 -0.180112 0)
(-0.133795 -0.163755 0)
(-0.144799 -0.146401 0)
(-0.155777 -0.128088 0)
(-0.166518 -0.108821 0)
(-0.17641 -0.0885739 0)
(-0.00638506 -0.257787 0)
(-0.00605763 -0.270027 0)
(-0.0114161 -0.276374 0)
(-0.0144381 -0.27901 0)
(-0.0179232 -0.279598 0)
(-0.0218086 -0.278703 0)
(-0.0261455 -0.276502 0)
(-0.0309522 -0.273043 0)
(-0.0362305 -0.268331 0)
(-0.0419759 -0.26236 0)
(-0.0481845 -0.255126 0)
(-0.0548567 -0.246624 0)
(-0.061997 -0.236855 0)
(-0.069614 -0.225827 0)
(-0.0777192 -0.213558 0)
(-0.0863251 -0.200081 0)
(-0.0954393 -0.18545 0)
(-0.105056 -0.169748 0)
(-0.115139 -0.153084 0)
(-0.125602 -0.135585 0)
(-0.136231 -0.117369 0)
(-0.146794 -0.0985076 0)
(-0.156559 -0.0789694 0)
(-0.0108934 -0.252407 0)
(-0.00613404 -0.265992 0)
(-0.0106049 -0.273511 0)
(-0.0119761 -0.276271 0)
(-0.01415 -0.27651 0)
(-0.0168944 -0.275141 0)
(-0.0201619 -0.27245 0)
(-0.0239077 -0.268514 0)
(-0.0280963 -0.263342 0)
(-0.0327019 -0.256924 0)
(-0.0377119 -0.249246 0)
(-0.0431263 -0.240296 0)
(-0.0489565 -0.230067 0)
(-0.0552245 -0.21856 0)
(-0.061963 -0.205785 0)
(-0.069216 -0.191772 0)
(-0.0770374 -0.176579 0)
(-0.0854866 -0.160303 0)
(-0.0946154 -0.143095 0)
(-0.104428 -0.125166 0)
(-0.114845 -0.10677 0)
(-0.12558 -0.0881695 0)
(-0.135811 -0.0694685 0)
(-0.0194168 -0.247793 0)
(-0.00708625 -0.263383 0)
(-0.0101265 -0.272258 0)
(-0.00961208 -0.274951 0)
(-0.0104097 -0.274617 0)
(-0.0120363 -0.272653 0)
(-0.0142561 -0.269444 0)
(-0.0169303 -0.265058 0)
(-0.0199834 -0.259484 0)
(-0.0233729 -0.252689 0)
(-0.0270804 -0.244643 0)
(-0.0311062 -0.235317 0)
(-0.0354661 -0.224691 0)
(-0.0401898 -0.212751 0)
(-0.0453236 -0.199492 0)
(-0.0509333 -0.184928 0)
(-0.0571114 -0.169096 0)
(-0.0639827 -0.152082 0)
(-0.0717069 -0.134045 0)
(-0.0804737 -0.115256 0)
(-0.0904155 -0.0961466 0)
(-0.10155 -0.0773174 0)
(-0.113124 -0.0593964 0)
(-0.0347521 -0.239561 0)
(-0.00820657 -0.267044 0)
(-0.00954174 -0.274287 0)
(-0.00720114 -0.27532 0)
(-0.00668941 -0.273841 0)
(-0.00730392 -0.271126 0)
(-0.00853618 -0.267399 0)
(-0.0101435 -0.262633 0)
(-0.0120238 -0.256753 0)
(-0.0141293 -0.249689 0)
(-0.0164409 -0.241384 0)
(-0.0189587 -0.231792 0)
(-0.0216971 -0.220877 0)
(-0.0246833 -0.208607 0)
(-0.0279605 -0.19496 0)
(-0.0315935 -0.179919 0)
(-0.0356809 -0.163485 0)
(-0.0403744 -0.145687 0)
(-0.0459087 -0.126624 0)
(-0.0526348 -0.106529 0)
(-0.0610785 -0.0859012 0)
(-0.0718714 -0.0657646 0)
(-0.0851439 -0.0477995 0)
(-0.0764218 -0.187903 0)
(-0.00794362 -0.291399 0)
(-0.00715469 -0.282732 0)
(-0.00388849 -0.278348 0)
(-0.00278447 -0.274675 0)
(-0.00271898 -0.270953 0)
(-0.00308094 -0.266706 0)
(-0.00364411 -0.261634 0)
(-0.00432847 -0.255541 0)
(-0.00510062 -0.248303 0)
(-0.00594781 -0.239834 0)
(-0.00686839 -0.230072 0)
(-0.00786784 -0.218969 0)
(-0.00895793 -0.20648 0)
(-0.0101582 -0.192564 0)
(-0.0114999 -0.177174 0)
(-0.0130356 -0.160259 0)
(-0.0148565 -0.141756 0)
(-0.0171298 -0.121587 0)
(-0.0201723 -0.0996803 0)
(-0.0246001 -0.0760574 0)
(-0.0316904 -0.0511451 0)
(-0.0435686 -0.026595 0)
(0.286175 0.231895 0)
(0.233452 0.157444 0)
(0.18114 0.086872 0)
(0.166681 0.00697083 0)
(0.306135 0.124363 0)
(0.325097 0.0604379 0)
(0.342851 0.00474197 0)
(0.36239 -0.0473785 0)
(0.402781 0.0972582 0)
(0.426914 0.0411907 0)
(0.449188 -0.0158829 0)
(0.470724 -0.0739927 0)
(0.54853 0.0360708 0)
(0.565401 -0.0234206 0)
(0.578458 -0.0806225 0)
(0.590873 -0.138564 0)
(0.630249 0.00891155 0)
(0.647115 -0.0420892 0)
(0.658694 -0.0952393 0)
(0.667613 -0.150596 0)
(0.652727 -0.0300863 0)
(0.671911 -0.0731165 0)
(0.68702 -0.118313 0)
(0.699316 -0.165367 0)
(0.65829 -0.071728 0)
(0.680631 -0.108674 0)
(0.699019 -0.148 0)
(0.715687 -0.190568 0)
(0.666725 -0.125386 0)
(0.690964 -0.158207 0)
(0.712125 -0.194453 0)
(0.73124 -0.233571 0)
(0.684776 -0.180354 0)
(0.70778 -0.209442 0)
(0.728115 -0.240713 0)
(0.746942 -0.273753 0)
(0.710992 -0.208114 0)
(0.734941 -0.23486 0)
(0.758098 -0.263499 0)
(0.779781 -0.294393 0)
(0.765477 -0.224228 0)
(0.793071 -0.256553 0)
(0.816116 -0.286583 0)
(0.840626 -0.315029 0)
(0.681435 -0.418213 0)
(0.705518 -0.436444 0)
(0.724984 -0.453416 0)
(0.738439 -0.465529 0)
(0.606991 -0.35808 0)
(0.612896 -0.368439 0)
(0.614661 -0.379643 0)
(0.613244 -0.391096 0)
(0.506345 -0.379755 0)
(0.509551 -0.387222 0)
(0.510331 -0.392271 0)
(0.508147 -0.394977 0)
(0.407019 -0.385748 0)
(0.407733 -0.388317 0)
(0.406533 -0.389114 0)
(0.403165 -0.388152 0)
(0.310161 -0.385793 0)
(0.308731 -0.385243 0)
(0.305783 -0.383076 0)
(0.301166 -0.379311 0)
(0.217168 -0.381409 0)
(0.213965 -0.378481 0)
(0.209537 -0.374091 0)
(0.203745 -0.368223 0)
(0.129201 -0.373412 0)
(0.124494 -0.368581 0)
(0.118757 -0.362451 0)
(0.111837 -0.355022 0)
(0.0473944 -0.362247 0)
(0.0413871 -0.355881 0)
(0.0344764 -0.348387 0)
(0.026501 -0.339746 0)
(-0.0271044 -0.348278 0)
(-0.0342458 -0.340655 0)
(-0.0421853 -0.332016 0)
(-0.05118 -0.322339 0)
(-0.0931066 -0.332023 0)
(-0.101154 -0.323322 0)
(-0.109922 -0.313727 0)
(-0.119775 -0.303184 0)
(-0.149738 -0.313947 0)
(-0.158474 -0.304343 0)
(-0.167833 -0.293947 0)
(-0.178279 -0.282712 0)
(-0.196645 -0.294622 0)
(-0.205789 -0.284267 0)
(-0.215493 -0.273227 0)
(-0.226299 -0.261422 0)
(-0.233839 -0.274564 0)
(-0.243183 -0.263621 0)
(-0.252996 -0.252061 0)
(-0.263869 -0.239812 0)
(-0.261878 -0.254287 0)
(-0.271176 -0.242882 0)
(-0.280897 -0.230936 0)
(-0.291663 -0.218333 0)
(-0.281438 -0.234196 0)
(-0.290569 -0.222461 0)
(-0.300043 -0.210228 0)
(-0.310463 -0.197371 0)
(-0.293518 -0.214634 0)
(-0.302317 -0.202671 0)
(-0.31143 -0.190251 0)
(-0.321437 -0.177208 0)
(-0.298958 -0.195789 0)
(-0.307393 -0.183701 0)
(-0.316069 -0.171171 0)
(-0.325503 -0.158026 0)
(-0.298811 -0.177821 0)
(-0.306774 -0.16568 0)
(-0.314965 -0.153117 0)
(-0.323851 -0.139938 0)
(-0.293823 -0.160839 0)
(-0.30134 -0.148709 0)
(-0.309022 -0.136171 0)
(-0.317244 -0.12302 0)
(-0.284917 -0.144922 0)
(-0.291912 -0.132855 0)
(-0.29907 -0.120386 0)
(-0.306701 -0.107309 0)
(-0.272683 -0.130081 0)
(-0.279207 -0.118119 0)
(-0.285831 -0.105758 0)
(-0.292786 -0.0927992 0)
(-0.257922 -0.116314 0)
(-0.263913 -0.104493 0)
(-0.270006 -0.092273 0)
(-0.27638 -0.0794729 0)
(-0.241101 -0.103642 0)
(-0.246627 -0.0919869 0)
(-0.252197 -0.0799368 0)
(-0.257927 -0.0673148 0)
(-0.222878 -0.0920392 0)
(-0.227898 -0.080585 0)
(-0.232967 -0.0687158 0)
(-0.238162 -0.0562866 0)
(-0.203584 -0.0814458 0)
(-0.208193 -0.0702209 0)
(-0.212781 -0.0585551 0)
(-0.21741 -0.0463207 0)
(-0.183727 -0.0717409 0)
(-0.187916 -0.0607992 0)
(-0.192079 -0.0493554 0)
(-0.196276 -0.037314 0)
(-0.163404 -0.062782 0)
(-0.167325 -0.0522027 0)
(-0.171123 -0.0410103 0)
(-0.174913 -0.0291178 0)
(-0.142684 -0.0542802 0)
(-0.146434 -0.0442477 0)
(-0.149991 -0.0333413 0)
(-0.153595 -0.0215098 0)
(-0.120768 -0.0457631 0)
(-0.124761 -0.0366998 0)
(-0.128312 -0.0261642 0)
(-0.132056 -0.0140609 0)
(-0.0952467 -0.0365003 0)
(-0.100401 -0.0292567 0)
(-0.104796 -0.018837 0)
(-0.109724 -0.00527715 0)
(-0.055542 -0.0120866 0)
(-0.0631985 -0.00830937 0)
(-0.0767318 0.00159432 0)
(-0.0855785 0.0187221 0)
(0.268178 -0.13412 0)
(0.389907 -0.218337 0)
(0.509265 -0.304613 0)
(0.595369 -0.407081 0)
(0.618518 -0.481014 0)
(0.629659 -0.503874 0)
(0.63688 -0.442116 0)
(0.649082 -0.258921 0)
(0.719226 -0.0635859 0)
(0.748201 0.00128482 0)
(0.753799 0.0380332 0)
(0.739701 0.0803267 0)
(0.705483 0.139529 0)
(0.651562 0.216773 0)
(0.579102 0.306931 0)
(0.48987 0.399851 0)
(0.385703 0.48088 0)
(0.26314 0.528298 0)
(0.155688 0.523925 0)
(0.398722 -0.142187 0)
(0.459642 -0.242283 0)
(0.533695 -0.33144 0)
(0.58552 -0.413004 0)
(0.607863 -0.481062 0)
(0.609697 -0.501698 0)
(0.597518 -0.448699 0)
(0.596438 -0.265381 0)
(0.655645 -0.112157 0)
(0.711633 -0.0313667 0)
(0.740962 0.0306482 0)
(0.739407 0.0965365 0)
(0.709561 0.177094 0)
(0.654665 0.273369 0)
(0.578851 0.379684 0)
(0.486385 0.485835 0)
(0.380122 0.580106 0)
(0.256731 0.649009 0)
(0.150299 0.678393 0)
(0.507543 -0.17828 0)
(0.544156 -0.271171 0)
(0.579893 -0.350269 0)
(0.606528 -0.426661 0)
(0.62113 -0.496561 0)
(0.597928 -0.514005 0)
(0.566885 -0.435659 0)
(0.59952 -0.293347 0)
(0.654781 -0.172011 0)
(0.711119 -0.0739003 0)
(0.741185 0.0156752 0)
(0.738899 0.109861 0)
(0.705252 0.216501 0)
(0.644059 0.334707 0)
(0.562011 0.457846 0)
(0.466093 0.576431 0)
(0.360458 0.683361 0)
(0.240769 0.773088 0)
(0.13968 0.837885 0)
(0.609785 -0.237367 0)
(0.622889 -0.321416 0)
(0.638914 -0.39537 0)
(0.64873 -0.465297 0)
(0.644763 -0.500837 0)
(0.64086 -0.489784 0)
(0.639328 -0.434849 0)
(0.65931 -0.336793 0)
(0.698693 -0.221795 0)
(0.736021 -0.107049 0)
(0.750531 0.00932796 0)
(0.734151 0.133698 0)
(0.685374 0.269105 0)
(0.60888 0.407959 0)
(0.516855 0.543175 0)
(0.419325 0.667884 0)
(0.320042 0.782247 0)
(0.211624 0.888403 0)
(0.123652 0.985332 0)
(0.679694 -0.246967 0)
(0.686536 -0.34111 0)
(0.695723 -0.412374 0)
(0.701876 -0.463312 0)
(0.703988 -0.493601 0)
(0.704104 -0.487808 0)
(0.708722 -0.445603 0)
(0.724378 -0.360702 0)
(0.74686 -0.248095 0)
(0.761473 -0.118251 0)
(0.754047 0.0239564 0)
(0.714622 0.173923 0)
(0.635514 0.331437 0)
(0.528854 0.488515 0)
(0.424775 0.632882 0)
(0.333976 0.754759 0)
(0.252211 0.868824 0)
(0.165869 0.985723 0)
(0.101091 1.10946 0)
(0.716221 -0.249216 0)
(0.730279 -0.33628 0)
(0.740872 -0.406555 0)
(0.74904 -0.462186 0)
(0.756197 -0.493415 0)
(0.760653 -0.492945 0)
(0.766868 -0.452869 0)
(0.773194 -0.37019 0)
(0.775985 -0.25613 0)
(0.765733 -0.118296 0)
(0.730846 0.0357053 0)
(0.664013 0.203068 0)
(0.543666 0.392579 0)
(0.377397 0.565243 0)
(0.273256 0.709349 0)
(0.206584 0.821945 0)
(0.157256 0.930852 0)
(0.104813 1.05464 0)
(0.0728099 1.20093 0)
(0.74099 -0.267047 0)
(0.761236 -0.350118 0)
(0.777953 -0.420861 0)
(0.791567 -0.472033 0)
(0.800145 -0.499582 0)
(0.804336 -0.494829 0)
(0.803751 -0.454832 0)
(0.793717 -0.374769 0)
(0.768825 -0.261347 0)
(0.724104 -0.106349 0)
(0.655974 0.0772658 0)
(0.545014 0.250544 0)
(0.378461 0.447492 0)
(0.125648 0.633046 0)
(0.0945321 0.758489 0)
(0.0666727 0.851357 0)
(0.0525939 0.956995 0)
(0.0380643 1.0871 0)
(0.042471 1.25329 0)
(0.760477 -0.302823 0)
(0.787473 -0.376989 0)
(0.809518 -0.436929 0)
(0.825237 -0.479913 0)
(0.832714 -0.500659 0)
(0.829973 -0.495319 0)
(0.813224 -0.455963 0)
(0.779822 -0.362989 0)
(0.697105 -0.253021 0)
(0.548092 -0.0868424 0)
(0.442085 0.182321 0)
(0.282853 0.433399 0)
(0.133144 1.01528 0)
(-0.0769124 0.902737 0)
(-0.0370141 0.791275 0)
(-0.0311666 0.848651 0)
(-0.0336846 0.950548 0)
(-0.0206987 1.08384 0)
(0.0143638 1.26639 0)
(0.777863 -0.330535 0)
(0.810238 -0.392293 0)
(0.834327 -0.443679 0)
(0.849812 -0.483497 0)
(0.85414 -0.503525 0)
(0.838191 -0.493517 0)
(0.751001 -0.457549 0)
(0.640493 -0.309598 0)
(0.593935 0.0297017 0)
(0.446928 0.233096 0)
(0.306775 0.473376 0)
(0.149502 0.711314 0)
(0.0404465 1.01386 0)
(-0.0893756 0.955727 0)
(-0.105399 0.797276 0)
(-0.0890027 0.837511 0)
(-0.0880053 0.928969 0)
(-0.0638751 1.05617 0)
(-0.00933928 1.24486 0)
(0.81221 -0.349698 0)
(0.842058 -0.408563 0)
(0.864312 -0.45654 0)
(0.875566 -0.492576 0)
(0.836221 -0.512808 0)
(0.758639 -0.376221 0)
(0.670889 -0.248195 0)
(0.54594 -0.118573 0)
(0.444029 0.0459532 0)
(0.347239 0.242099 0)
(0.233749 0.476493 0)
(0.106106 0.729604 0)
(0.0297477 0.998429 0)
(-0.0459266 1.00019 0)
(-0.134632 0.80703 0)
(-0.128293 0.831159 0)
(-0.114097 0.903939 0)
(-0.0902917 1.01526 0)
(-0.0277045 1.19936 0)
(0.86948 -0.368482 0)
(0.887683 -0.429812 0)
(0.868822 -0.483421 0)
(0.789112 -0.470283 0)
(0.716864 -0.400227 0)
(0.637125 -0.319739 0)
(0.555042 -0.19577 0)
(0.461061 -0.0770316 0)
(0.373296 0.109208 0)
(0.288155 0.322054 0)
(0.194847 0.560894 0)
(0.0961224 0.812282 0)
(0.0218432 1.04171 0)
(-0.0186978 1.06574 0)
(-0.15258 0.857062 0)
(-0.13731 0.836568 0)
(-0.118423 0.877486 0)
(-0.098175 0.970407 0)
(-0.0391943 1.14071 0)
(0.750431 -0.47272 0)
(0.735952 -0.459149 0)
(0.708538 -0.427191 0)
(0.655686 -0.387603 0)
(0.597675 -0.34508 0)
(0.531019 -0.25507 0)
(0.465499 -0.148548 0)
(0.395922 -0.00433707 0)
(0.320829 0.184185 0)
(0.248403 0.401702 0)
(0.175073 0.642044 0)
(0.101764 0.88829 0)
(0.0406468 1.09661 0)
(0.00963748 1.14221 0)
(-0.133848 0.892592 0)
(-0.119789 0.846349 0)
(-0.105566 0.857323 0)
(-0.0907432 0.931435 0)
(-0.0438548 1.07923 0)
(0.611255 -0.405145 0)
(0.597942 -0.40503 0)
(0.571806 -0.380396 0)
(0.535569 -0.348336 0)
(0.49075 -0.29397 0)
(0.43903 -0.207557 0)
(0.387016 -0.0888638 0)
(0.330419 0.0592111 0)
(0.272754 0.244983 0)
(0.217603 0.461414 0)
(0.165042 0.699685 0)
(0.11678 0.939891 0)
(0.0771269 1.14096 0)
(0.0605018 1.20171 0)
(-0.0952342 0.964259 0)
(-0.0959492 0.848799 0)
(-0.0906369 0.848475 0)
(-0.0771186 0.903124 0)
(-0.0440063 1.02184 0)
(0.502285 -0.394862 0)
(0.483735 -0.384168 0)
(0.459307 -0.357666 0)
(0.429047 -0.31475 0)
(0.392015 -0.25344 0)
(0.351101 -0.163734 0)
(0.309866 -0.0453589 0)
(0.267334 0.104394 0)
(0.226164 0.288079 0)
(0.188545 0.501548 0)
(0.155917 0.735017 0)
(0.130922 0.968138 0)
(0.110319 1.16259 0)
(0.111517 1.24614 0)
(0.0123741 1.08411 0)
(-0.0587605 0.840504 0)
(-0.0842431 0.834421 0)
(-0.0629967 0.881792 0)
(-0.0408622 0.970685 0)
(0.396141 -0.383195 0)
(0.37743 -0.365803 0)
(0.354311 -0.334276 0)
(0.327406 -0.287777 0)
(0.296906 -0.222131 0)
(0.264766 -0.131603 0)
(0.233654 -0.0131745 0)
(0.203892 0.135543 0)
(0.177868 0.316189 0)
(0.156689 0.52539 0)
(0.141389 0.753306 0)
(0.133067 0.979658 0)
(0.128596 1.16876 0)
(0.117316 1.26747 0)
(0.0867336 1.17019 0)
(-0.0516673 0.904804 0)
(-0.0591933 0.839036 0)
(-0.0494347 0.862246 0)
(-0.0303588 0.927932 0)
(0.293127 -0.370152 0)
(0.274632 -0.347948 0)
(0.252914 -0.313208 0)
(0.228734 -0.264018 0)
(0.20328 -0.196876 0)
(0.178365 -0.10703 0)
(0.156309 0.00928832 0)
(0.138144 0.154703 0)
(0.125829 0.330798 0)
(0.119795 0.534823 0)
(0.120161 0.757378 0)
(0.126419 0.979867 0)
(0.133053 1.17077 0)
(0.127262 1.28418 0)
(0.104732 1.24973 0)
(-0.0392333 0.941525 0)
(-0.0405642 0.858306 0)
(-0.0304995 0.848872 0)
(-0.0133474 0.899217 0)
(0.194472 -0.355795 0)
(0.17552 -0.330118 0)
(0.154582 -0.293302 0)
(0.132449 -0.243193 0)
(0.110855 -0.17654 0)
(0.091711 -0.0891388 0)
(0.077278 0.0231017 0)
(0.0691676 0.163103 0)
(0.0689758 0.332975 0)
(0.0768831 0.530679 0)
(0.0924079 0.747831 0)
(0.113778 0.967787 0)
(0.136081 1.16375 0)
(0.146334 1.29839 0)
(0.146428 1.30348 0)
(-0.00318037 1.03211 0)
(-0.0261961 0.861631 0)
(-0.0118616 0.845217 0)
(0.00840593 0.888964 0)
(0.101246 -0.340241 0)
(0.0812343 -0.312206 0)
(0.0604289 -0.27437 0)
(0.0395729 -0.22464 0)
(0.0206691 -0.160035 0)
(0.00579255 -0.0766234 0)
(-0.00263017 0.0297448 0)
(-0.00274208 0.162259 0)
(0.00705524 0.324079 0)
(0.0271661 0.513942 0)
(0.0568347 0.724341 0)
(0.094234 0.940468 0)
(0.136028 1.13891 0)
(0.169512 1.28818 0)
(0.208764 1.33892 0)
(0.0848299 1.14833 0)
(-0.00975757 0.872725 0)
(-0.0049768 0.829366 0)
(0.0308318 0.897887 0)
(0.0145814 -0.323267 0)
(-0.00689085 -0.293588 0)
(-0.0281098 -0.255556 0)
(-0.0484678 -0.207181 0)
(-0.0658263 -0.145787 0)
(-0.0779542 -0.0677964 0)
(-0.0822193 0.0309567 0)
(-0.076683 0.154432 0)
(-0.0595847 0.305976 0)
(-0.0302394 0.485404 0)
(0.0110118 0.687285 0)
(0.0623138 0.897576 0)
(0.121481 1.0932 0)
(0.183091 1.24497 0)
(0.235488 1.32105 0)
(0.283813 1.23177 0)
(0.180733 0.964726 0)
(0.0190775 0.75806 0)
(0.0499116 0.923633 0)
(-0.0643538 -0.304596 0)
(-0.0872159 -0.274143 0)
(-0.109089 -0.236672 0)
(-0.129492 -0.190455 0)
(-0.146283 -0.133152 0)
(-0.157167 -0.0614948 0)
(-0.159363 0.028703 0)
(-0.150692 0.141945 0)
(-0.129213 0.282167 0)
(-0.0942512 0.449948 0)
(-0.0461116 0.64037 0)
(0.0139758 0.842135 0)
(0.0828387 1.0332 0)
(0.155898 1.18278 0)
(0.219215 1.26082 0)
(0.257061 1.23997 0)
(0.262624 1.09675 0)
(-0.00146822 0.924582 0)
(0.0803665 0.943201 0)
(-0.133866 -0.284607 0)
(-0.157945 -0.253867 0)
(-0.180584 -0.217315 0)
(-0.201498 -0.173584 0)
(-0.218647 -0.120725 0)
(-0.229766 -0.0558305 0)
(-0.232001 0.0251878 0)
(-0.222824 0.1273 0)
(-0.200006 0.255178 0)
(-0.16279 0.410526 0)
(-0.111832 0.589409 0)
(-0.0490915 0.780996 0)
(0.0224046 0.967179 0)
(0.0960161 1.11934 0)
(0.156845 1.20639 0)
(0.185201 1.22385 0)
(0.167727 1.17617 0)
(0.0103625 0.990055 0)
(0.11517 0.962241 0)
(-0.193001 -0.263586 0)
(-0.217959 -0.232809 0)
(-0.241279 -0.197301 0)
(-0.262919 -0.156054 0)
(-0.281039 -0.107533 0)
(-0.29353 -0.0492853 0)
(-0.297613 0.0225169 0)
(-0.290399 0.113118 0)
(-0.269286 0.228002 0)
(-0.233118 0.370316 0)
(-0.182765 0.537703 0)
(-0.121 0.720441 0)
(-0.0520128 0.902184 0)
(0.0162944 1.05941 0)
(0.0750879 1.1654 0)
(0.0928829 1.2111 0)
(0.101634 1.22401 0)
(-0.0113917 1.04502 0)
(0.124882 1.00525 0)
(-0.241286 -0.241936 0)
(-0.266703 -0.211218 0)
(-0.290433 -0.176688 0)
(-0.312727 -0.137652 0)
(-0.332029 -0.0929888 0)
(-0.346499 -0.0407515 0)
(-0.353649 0.0224416 0)
(-0.350391 0.101799 0)
(-0.333716 0.20347 0)
(-0.301694 0.332279 0)
(-0.254786 0.487852 0)
(-0.195984 0.662663 0)
(-0.13088 0.841765 0)
(-0.0672287 1.0056 0)
(-0.0146291 1.1323 0)
(0.016447 1.20066 0)
(-0.00235552 1.22454 0)
(-0.0108366 1.06292 0)
(0.125949 1.03839 0)
(-0.278875 -0.220093 0)
(-0.304247 -0.18945 0)
(-0.328009 -0.155725 0)
(-0.350655 -0.118475 0)
(-0.370964 -0.0769433 0)
(-0.38746 -0.0296894 0)
(-0.398125 0.0261143 0)
(-0.400001 0.0952166 0)
(-0.389772 0.184072 0)
(-0.364596 0.298901 0)
(-0.323559 0.441914 0)
(-0.269221 0.608003 0)
(-0.206775 0.78443 0)
(-0.144215 0.953599 0)
(-0.0907213 1.09653 0)
(-0.0404942 1.1906 0)
(-0.0211263 1.19004 0)
(-0.029259 1.05636 0)
(0.140967 1.04979 0)
(-0.306354 -0.198478 0)
(-0.331257 -0.167896 0)
(-0.354629 -0.134775 0)
(-0.377203 -0.0988519 0)
(-0.398086 -0.0596531 0)
(-0.416191 -0.016171 0)
(-0.43009 0.0338638 0)
(-0.437209 0.0943849 0)
(-0.434361 0.17157 0)
(-0.417787 0.272409 0)
(-0.384995 0.401621 0)
(-0.336692 0.556989 0)
(-0.277404 0.728468 0)
(-0.213512 0.898538 0)
(-0.154535 1.0478 0)
(-0.0941479 1.14941 0)
(0.0284507 1.13616 0)
(-0.107435 1.07467 0)
(0.168863 1.05602 0)
(-0.324713 -0.177446 0)
(-0.348749 -0.146915 0)
(-0.371368 -0.114226 0)
(-0.39344 -0.0792203 0)
(-0.414348 -0.0416245 0)
(-0.433411 -0.000703181 0)
(-0.449645 0.0451891 0)
(-0.461163 0.0992012 0)
(-0.465199 0.166581 0)
(-0.457723 0.254338 0)
(-0.434773 0.368698 0)
(-0.394516 0.511169 0)
(-0.339599 0.674108 0)
(-0.275602 0.842332 0)
(-0.212864 0.990131 0)
(-0.147309 1.08459 0)
(0.0229206 1.064 0)
(-0.167165 1.08306 0)
(0.195267 1.06248 0)
(-0.335022 -0.157269 0)
(-0.357944 -0.126793 0)
(-0.379511 -0.0944167 0)
(-0.400708 -0.0600328 0)
(-0.421093 -0.0234811 0)
(-0.440328 0.0158227 0)
(-0.457774 0.0590153 0)
(-0.472224 0.108507 0)
(-0.481496 0.16843 0)
(-0.481985 0.244782 0)
(-0.468864 0.344487 0)
(-0.438239 0.471627 0)
(-0.388916 0.622576 0)
(-0.326606 0.78434 0)
(-0.256647 0.932169 0)
(-0.195482 1.01765 0)
(-0.0330706 1.00489 0)
(-0.209747 1.06094 0)
(0.224712 1.07431 0)
(-0.338448 -0.138124 0)
(-0.360035 -0.107732 0)
(-0.380364 -0.0756113 0)
(-0.400393 -0.0416677 0)
(-0.419811 -0.00578526 0)
(-0.438499 0.0325023 0)
(-0.456057 0.0740344 0)
(-0.471754 0.120613 0)
(-0.484082 0.175254 0)
(-0.490095 0.242628 0)
(-0.485329 0.328991 0)
(-0.464576 0.43968 0)
(-0.423561 0.574687 0)
(-0.363304 0.722885 0)
(-0.295896 0.865477 0)
(-0.227209 0.954264 0)
(-0.117858 0.92721 0)
(-0.261271 1.02087 0)
(0.249839 1.0653 0)
(-0.335996 -0.120123 0)
(-0.35618 -0.08986 0)
(-0.375138 -0.0579896 0)
(-0.393802 -0.0244189 0)
(-0.41192 0.0110064 0)
(-0.429508 0.0485792 0)
(-0.446263 0.0890424 0)
(-0.461755 0.13372 0)
(-0.474936 0.184753 0)
(-0.483701 0.245589 0)
(-0.484419 0.321088 0)
(-0.472145 0.416763 0)
(-0.441859 0.534604 0)
(-0.390457 0.66682 0)
(-0.330554 0.792792 0)
(-0.275748 0.882616 0)
(-0.157711 0.866475 0)
(-0.362727 0.874953 0)
(0.773436 0.97969 0)
(-0.328675 -0.103329 0)
(-0.347368 -0.0732486 0)
(-0.364905 -0.0416589 0)
(-0.382091 -0.00846773 0)
(-0.398742 0.0265099 0)
(-0.414832 0.0634908 0)
(-0.430154 0.103098 0)
(-0.44436 0.146326 0)
(-0.456692 0.194747 0)
(-0.465616 0.250793 0)
(-0.468354 0.318135 0)
(-0.460882 0.4014 0)
(-0.438423 0.504313 0)
(-0.397622 0.623816 0)
(-0.345938 0.74274 0)
(-0.310372 0.836763 0)
(-0.314791 0.849881 0)
(-0.426493 0.463173 0)
(-0.0801527 1.13891 0)
(-0.317295 -0.0877687 0)
(-0.33452 -0.0579263 0)
(-0.350605 -0.0266684 0)
(-0.366248 0.00613997 0)
(-0.381364 0.0405788 0)
(-0.395784 0.0769088 0)
(-0.409322 0.115611 0)
(-0.421634 0.157454 0)
(-0.432067 0.203586 0)
(-0.439383 0.255765 0)
(-0.441421 0.316554 0)
(-0.434701 0.389507 0)
(-0.414681 0.478465 0)
(-0.376688 0.584352 0)
(-0.320873 0.698942 0)
(-0.262652 0.805716 0)
(-0.204866 0.883117 0)
(-0.314942 0.828016 0)
(-0.139634 0.301794 0)
(-0.302677 -0.0734378 0)
(-0.318408 -0.0438843 0)
(-0.333084 -0.0130192 0)
(-0.347247 0.0193172 0)
(-0.360785 0.053151 0)
(-0.3735 0.0886967 0)
(-0.385152 0.126333 0)
(-0.395363 0.166637 0)
(-0.403496 0.210465 0)
(-0.408474 0.25903 0)
(-0.408464 0.314049 0)
(-0.400656 0.377835 0)
(-0.380858 0.453055 0)
(-0.343874 0.541286 0)
(-0.285487 0.638952 0)
(-0.207972 0.734541 0)
(-0.103534 0.815588 0)
(-0.00794226 0.799303 0)
(0.0656393 0.673683 0)
(-0.285457 -0.0603155 0)
(-0.299771 -0.0310876 0)
(-0.313053 -0.000635884 0)
(-0.325832 0.0311389 0)
(-0.337866 0.0642611 0)
(-0.34895 0.0988757 0)
(-0.358791 0.135255 0)
(-0.36697 0.173828 0)
(-0.372866 0.215203 0)
(-0.37549 0.260202 0)
(-0.373335 0.309884 0)
(-0.364142 0.365537 0)
(-0.34473 0.428554 0)
(-0.310844 0.499489 0)
(-0.258594 0.575918 0)
(-0.187152 0.649245 0)
(-0.093347 0.703633 0)
(0.00441068 0.6748 0)
(0.0475498 0.50072 0)
(-0.26632 -0.0483714 0)
(-0.279253 -0.0194898 0)
(-0.291247 0.010526 0)
(-0.302728 0.0416913 0)
(-0.313381 0.0740115 0)
(-0.322976 0.107563 0)
(-0.331182 0.142531 0)
(-0.337566 0.179212 0)
(-0.341518 0.218022 0)
(-0.342164 0.259489 0)
(-0.338243 0.304217 0)
(-0.328069 0.352842 0)
(-0.309403 0.405856 0)
(-0.279457 0.463193 0)
(-0.235308 0.522993 0)
(-0.176338 0.580178 0)
(-0.100494 0.625208 0)
(-0.0191736 0.624004 0)
(0.0188376 0.538183 0)
(-0.245788 -0.0375466 0)
(-0.257475 -0.00900239 0)
(-0.268313 0.0205608 0)
(-0.278613 0.0510901 0)
(-0.288039 0.0825395 0)
(-0.296326 0.114934 0)
(-0.303124 0.148383 0)
(-0.308 0.183081 0)
(-0.310394 0.219295 0)
(-0.309538 0.257337 0)
(-0.304424 0.297528 0)
(-0.293775 0.340105 0)
(-0.276083 0.385151 0)
(-0.249581 0.432321 0)
(-0.212635 0.480373 0)
(-0.163987 0.526416 0)
(-0.104438 0.565212 0)
(-0.0391891 0.579376 0)
(-0.000739535 0.540458 0)
(-0.224431 -0.02776 0)
(-0.234956 0.000504545 0)
(-0.244842 0.0296166 0)
(-0.254137 0.0594831 0)
(-0.262521 0.0900105 0)
(-0.269699 0.121181 0)
(-0.275321 0.153054 0)
(-0.278983 0.185743 0)
(-0.280183 0.219406 0)
(-0.278279 0.254213 0)
(-0.272469 0.290299 0)
(-0.261818 0.327711 0)
(-0.245294 0.366329 0)
(-0.221838 0.405783 0)
(-0.190351 0.445196 0)
(-0.150614 0.482873 0)
(-0.102457 0.515496 0)
(-0.0503621 0.534148 0)
(-0.0131762 0.516874 0)
(-0.20268 -0.0188787 0)
(-0.212331 0.00917881 0)
(-0.221467 0.0378706 0)
(-0.229979 0.0670492 0)
(-0.237524 0.0966028 0)
(-0.243792 0.1265 0)
(-0.248455 0.156768 0)
(-0.251154 0.187471 0)
(-0.251467 0.21869 0)
(-0.248875 0.250498 0)
(-0.242762 0.282926 0)
(-0.232438 0.315918 0)
(-0.217204 0.349306 0)
(-0.196367 0.38275 0)
(-0.169455 0.415656 0)
(-0.135968 0.446946 0)
(-0.0970725 0.474745 0)
(-0.0536756 0.493799 0)
(-0.0178786 0.48672 0)
(-0.180967 -0.010688 0)
(-0.19013 0.0172609 0)
(-0.19886 0.0455463 0)
(-0.206875 0.0739868 0)
(-0.213808 0.102498 0)
(-0.21936 0.131066 0)
(-0.223247 0.159717 0)
(-0.225181 0.188483 0)
(-0.224827 0.2174 0)
(-0.221793 0.246475 0)
(-0.215621 0.275679 0)
(-0.205821 0.30491 0)
(-0.191907 0.33399 0)
(-0.173461 0.362648 0)
(-0.150075 0.390474 0)
(-0.121875 0.416864 0)
(-0.0887309 0.440629 0)
(-0.0521028 0.458806 0)
(-0.0194519 0.455849 0)
(-0.159572 -0.00285872 0)
(-0.168966 0.0250878 0)
(-0.177792 0.0529223 0)
(-0.185674 0.0805117 0)
(-0.192247 0.107864 0)
(-0.197264 0.135027 0)
(-0.200524 0.162043 0)
(-0.201827 0.188935 0)
(-0.200945 0.215704 0)
(-0.197606 0.242318 0)
(-0.191495 0.268707 0)
(-0.182279 0.29475 0)
(-0.169638 0.320275 0)
(-0.153268 0.345061 0)
(-0.133011 0.368836 0)
(-0.108563 0.391193 0)
(-0.0805843 0.411579 0)
(-0.0486008 0.427714 0)
(-0.0184636 0.426271 0)
(-0.1389 0.00529562 0)
(-0.149574 0.033358 0)
(-0.159199 0.0605168 0)
(-0.167387 0.0869654 0)
(-0.173869 0.112922 0)
(-0.178525 0.13853 0)
(-0.181278 0.163857 0)
(-0.182044 0.188919 0)
(-0.180705 0.213686 0)
(-0.177109 0.2381 0)
(-0.17107 0.262059 0)
(-0.162388 0.28543 0)
(-0.150871 0.308041 0)
(-0.136353 0.329701 0)
(-0.118636 0.350174 0)
(-0.0977384 0.369241 0)
(-0.0732673 0.38636 0)
(-0.0453935 0.400257 0)
(-0.0179482 0.398302 0)
(-0.119373 0.0166625 0)
(-0.133019 0.0446215 0)
(-0.144356 0.0701457 0)
(-0.153302 0.0945627 0)
(-0.159936 0.118438 0)
(-0.164378 0.141979 0)
(-0.166724 0.165238 0)
(-0.167019 0.188189 0)
(-0.165255 0.210769 0)
(-0.161385 0.232883 0)
(-0.155334 0.25442 0)
(-0.147021 0.275241 0)
(-0.136373 0.295201 0)
(-0.123318 0.31413 0)
(-0.107816 0.331861 0)
(-0.0896637 0.348121 0)
(-0.0688453 0.362664 0)
(-0.0444419 0.373838 0)
(-0.0182165 0.371424 0)
(-0.101449 0.0383335 0)
(-0.121363 0.0612209 0)
(-0.135459 0.0825905 0)
(-0.145387 0.103589 0)
(-0.152242 0.124581 0)
(-0.156547 0.145599 0)
(-0.158578 0.166552 0)
(-0.158483 0.187317 0)
(-0.156331 0.207759 0)
(-0.152142 0.227742 0)
(-0.145911 0.24712 0)
(-0.137632 0.265739 0)
(-0.127311 0.28342 0)
(-0.11497 0.299955 0)
(-0.100619 0.315056 0)
(-0.0842532 0.328312 0)
(-0.0655733 0.338742 0)
(-0.0437796 0.344012 0)
(-0.0194324 0.33157 0)
)
;

boundaryField
{
    leftWall
    {
        type            noSlip;
    }
    rightWall
    {
        type            noSlip;
    }
    lowerWall
    {
        type            noSlip;
    }
    atmosphere
    {
        type            pressureInletOutletVelocity;
        value           nonuniform List<vector> 
46
(
(0 -0.187903 0)
(0 -0.291399 0)
(0 -0.282732 0)
(0 -0.278348 0)
(0 -0.274675 0)
(0 -0.270953 0)
(0 -0.266706 0)
(0 -0.261634 0)
(0 -0.255541 0)
(0 -0.248303 0)
(0 -0.239834 0)
(0 -0.230072 0)
(0 -0.218969 0)
(0 -0.20648 0)
(0 -0.192564 0)
(0 -0.177174 0)
(0 -0.160259 0)
(0 -0.141756 0)
(0 -0.121587 0)
(0 -0.0996803 0)
(0 -0.0760574 0)
(0 -0.0511451 0)
(0 -0.026595 0)
(0 -0.0120866 0)
(0 -0.00830937 0)
(-0.0767318 0.00159432 0)
(-0.0855785 0.0187221 0)
(-0.101449 0.0383335 0)
(-0.121363 0.0612209 0)
(-0.135459 0.0825905 0)
(-0.145387 0.103589 0)
(-0.152242 0.124581 0)
(-0.156547 0.145599 0)
(-0.158578 0.166552 0)
(-0.158483 0.187317 0)
(-0.156331 0.207759 0)
(-0.152142 0.227742 0)
(-0.145911 0.24712 0)
(-0.137632 0.265739 0)
(-0.127311 0.28342 0)
(-0.11497 0.299955 0)
(-0.100619 0.315056 0)
(-0.0842532 0.328312 0)
(-0.0655733 0.338742 0)
(-0.0437796 0.344012 0)
(-0.0194324 0.33157 0)
)
;
    }
    defaultFaces
    {
        type            empty;
    }
}


// ************************************************************************* //
