/*--------------------------------*- C++ -*----------------------------------*\
  =========                 |
  \\      /  F ield         | OpenFOAM: The Open Source CFD Toolbox
   \\    /   O peration     | Website:  https://openfoam.org
    \\  /    A nd           | Version:  13
     \\/     M anipulation  |
\*---------------------------------------------------------------------------*/
FoamFile
{
    format      ascii;
    class       surfaceScalarField;
    location    "0.15";
    object      phi;
}
// * * * * * * * * * * * * * * * * * * * * * * * * * * * * * * * * * * * * * //

dimensions      [0 3 -1 0 0 0 0];

internalField   nonuniform List<scalar> 
4432
(
-4.46477e-09
4.47047e-09
1.50452e-06
-1.50898e-06
3.92047e-06
-2.41594e-06
6.77626e-06
-2.85579e-06
9.93237e-06
-3.1561e-06
1.33957e-05
-3.46338e-06
1.72733e-05
-3.87753e-06
2.17471e-05
-4.47383e-06
2.705e-05
-5.30285e-06
3.34296e-05
-6.37966e-06
4.1097e-05
-7.66741e-06
5.01686e-05
-9.07156e-06
6.06024e-05
-1.04338e-05
7.19034e-05
-1.13011e-05
8.27726e-05
-1.08692e-05
9.16745e-05
-8.90184e-06
9.79002e-05
-6.22567e-06
0.000101604
-3.70346e-06
0.000103347
-1.74297e-06
0.000103694
-3.47762e-07
0.000102148
1.54598e-06
8.92482e-05
1.29002e-05
8.92482e-05
9.88022e-07
-9.8355e-07
2.9403e-06
-3.46126e-06
5.41582e-06
-4.89146e-06
8.26723e-06
-5.7072e-06
1.14413e-05
-6.3302e-06
1.49654e-05
-6.9874e-06
1.89226e-05
-7.83474e-06
2.34365e-05
-8.98772e-06
2.86542e-05
-1.05206e-05
3.47257e-05
-1.24512e-05
4.17738e-05
-1.47155e-05
4.98646e-05
-1.71624e-05
5.89745e-05
-1.95436e-05
6.87718e-05
-2.10984e-05
7.82424e-05
-2.03398e-05
8.60586e-05
-1.6718e-05
9.1639e-05
-1.1806e-05
9.52065e-05
-7.27101e-06
9.72095e-05
-3.7459e-06
9.7179e-05
-3.17274e-07
9.31911e-05
5.53385e-06
6.19472e-05
4.41441e-05
0.000151195
1.8207e-06
-2.80424e-06
4.03513e-06
-5.67569e-06
6.56969e-06
-7.42602e-06
9.41621e-06
-8.55371e-06
1.25744e-05
-9.48837e-06
1.60809e-05
-1.04939e-05
2.00019e-05
-1.17557e-05
2.44232e-05
-1.3409e-05
2.94409e-05
-1.55383e-05
3.51472e-05
-1.81575e-05
4.16083e-05
-2.11766e-05
4.88524e-05
-2.44065e-05
5.68784e-05
-2.75696e-05
6.54763e-05
-2.96963e-05
7.38009e-05
-2.86644e-05
8.06452e-05
-2.35624e-05
8.55965e-05
-1.67573e-05
8.89945e-05
-1.06691e-05
9.09263e-05
-5.67764e-06
9.01879e-05
4.21124e-07
7.08409e-05
2.48808e-05
3.04928e-05
8.44922e-05
0.000181688
2.46072e-06
-5.26496e-06
4.93017e-06
-8.14514e-06
7.5569e-06
-1.00527e-05
1.04194e-05
-1.14162e-05
1.35596e-05
-1.26286e-05
1.70243e-05
-1.39585e-05
2.08682e-05
-1.55997e-05
2.51511e-05
-1.76919e-05
2.99324e-05
-2.03196e-05
3.52613e-05
-2.34865e-05
4.11569e-05
-2.70721e-05
4.76114e-05
-3.08611e-05
5.46539e-05
-3.46121e-05
6.22037e-05
-3.72461e-05
6.95413e-05
-3.6002e-05
7.55268e-05
-2.95478e-05
7.99383e-05
-2.11688e-05
8.3041e-05
-1.37717e-05
8.38849e-05
-6.52158e-06
7.13593e-05
1.29467e-05
4.46279e-05
5.16122e-05
1.47377e-05
0.000114382
0.000196426
2.9319e-06
-8.19685e-06
5.66122e-06
-1.08745e-05
8.40826e-06
-1.27998e-05
1.13079e-05
-1.43158e-05
1.44363e-05
-1.5757e-05
1.78506e-05
-1.73728e-05
2.15987e-05
-1.93478e-05
2.57211e-05
-2.18142e-05
3.02492e-05
-2.48478e-05
3.5198e-05
-2.84353e-05
4.05442e-05
-3.24183e-05
4.62381e-05
-3.65549e-05
5.23306e-05
-4.07045e-05
5.88748e-05
-4.37903e-05
6.52814e-05
-4.24086e-05
7.04814e-05
-3.47478e-05
7.43848e-05
-2.50722e-05
7.65892e-05
-1.59761e-05
6.98748e-05
1.92755e-07
5.31057e-05
2.97158e-05
3.10434e-05
7.36745e-05
1.04073e-05
0.000135019
0.000206833
3.2866e-06
-1.14834e-05
6.26366e-06
-1.38515e-05
9.143e-06
-1.56791e-05
1.20936e-05
-1.72664e-05
1.52172e-05
-1.88806e-05
1.85798e-05
-2.07355e-05
2.22253e-05
-2.29932e-05
2.61791e-05
-2.5768e-05
3.04516e-05
-2.91203e-05
3.50314e-05
-3.30151e-05
3.98588e-05
-3.72458e-05
4.48325e-05
-4.15286e-05
4.99961e-05
-4.58682e-05
5.55156e-05
-4.93098e-05
6.09684e-05
-4.78614e-05
6.54897e-05
-3.92691e-05
6.86637e-05
-2.82462e-05
6.62642e-05
-1.35767e-05
5.74753e-05
8.98164e-06
4.4117e-05
4.30742e-05
2.80125e-05
8.9779e-05
1.28552e-05
0.000150176
0.000219688
3.57715e-06
-1.50606e-05
6.77321e-06
-1.70476e-05
9.7799e-06
-1.86858e-05
1.2786e-05
-2.02725e-05
1.59094e-05
-2.2004e-05
1.92222e-05
-2.40483e-05
2.27648e-05
-2.65359e-05
2.65513e-05
-2.95545e-05
3.05745e-05
-3.31435e-05
3.48068e-05
-3.72474e-05
3.91668e-05
-4.16057e-05
4.35002e-05
-4.58619e-05
4.77962e-05
-5.01642e-05
5.22896e-05
-5.38032e-05
5.67589e-05
-5.23307e-05
6.07129e-05
-4.32231e-05
6.12525e-05
-2.87859e-05
5.82447e-05
-1.05689e-05
5.13626e-05
1.58638e-05
4.22527e-05
5.21841e-05
3.17465e-05
0.000100285
2.05799e-05
0.000161342
0.000240268
3.82542e-06
-1.8886e-05
7.20625e-06
-2.04284e-05
1.03268e-05
-2.18063e-05
1.33855e-05
-2.33312e-05
1.65094e-05
-2.51279e-05
1.97743e-05
-2.73132e-05
2.32175e-05
-2.99791e-05
2.6843e-05
-3.31799e-05
3.06291e-05
-3.69295e-05
3.45421e-05
-4.11604e-05
3.85107e-05
-4.55744e-05
4.23645e-05
-4.97157e-05
4.59535e-05
-5.37532e-05
4.95254e-05
-5.73751e-05
5.30318e-05
-5.58371e-05
5.59113e-05
-4.61025e-05
5.62595e-05
-2.91342e-05
5.38507e-05
-8.16e-06
4.95229e-05
2.01915e-05
4.47254e-05
5.69816e-05
4.0531e-05
0.00010448
3.4609e-05
0.000167264
0.000274877
-0.000102673
0.000102674
-0.000171552
6.88789e-05
-0.000214369
4.28173e-05
-0.000236558
2.21887e-05
-0.000199079
-3.74788e-05
-6.1304e-05
-0.000137776
8.79258e-05
-0.00014923
0.000231446
-0.000143521
0.000307519
-7.60717e-05
0.000301957
5.56197e-06
0.000256067
4.58902e-05
0.000198839
5.72285e-05
0.000147441
5.13982e-05
0.000106263
4.11775e-05
7.4318e-05
3.19451e-05
4.90301e-05
2.52878e-05
2.81168e-05
2.09132e-05
1.10906e-05
1.70259e-05
1.10905e-05
-6.26267e-05
0.000165301
-8.81241e-05
9.43765e-05
-7.45019e-05
2.91953e-05
-1.9879e-05
-3.2434e-05
6.72517e-05
-0.000124609
8.80193e-05
-0.000158543
0.000100513
-0.000161724
0.000123394
-0.000166402
0.000203139
-0.000155816
0.000254709
-4.60078e-05
0.000236952
6.36468e-05
0.00019192
0.00010226
0.000146236
9.70822e-05
0.000107197
8.02157e-05
7.57569e-05
6.33851e-05
5.05187e-05
5.05255e-05
2.97969e-05
4.16345e-05
1.27994e-05
3.4023e-05
2.38893e-05
-3.69103e-05
0.000202212
-3.07827e-05
8.8249e-05
2.4673e-05
-2.626e-05
7.67467e-05
-8.45075e-05
0.000102266
-0.000150128
0.000103151
-0.000159428
0.000105231
-0.000163804
0.000108207
-0.000169378
0.000124683
-0.000172293
0.000185812
-0.000107136
0.000201462
4.7997e-05
0.000173599
0.000130124
0.00013724
0.00013344
0.00010305
0.000114407
7.40814e-05
9.23535e-05
5.01798e-05
7.4427e-05
3.03747e-05
6.14396e-05
1.38623e-05
5.05353e-05
3.77517e-05
-1.8091e-05
0.000220303
1.65464e-05
5.36119e-05
6.23409e-05
-7.20541e-05
0.000110085
-0.000132252
0.000108334
-0.000148377
0.000107079
-0.000158174
0.00010737
-0.000164095
0.000107958
-0.000169966
0.000107915
-0.00017225
0.000148774
-0.000147995
0.000168069
2.87009e-05
0.000152213
0.00014598
0.000124891
0.000160763
9.63228e-05
0.000142974
7.07317e-05
0.000117944
4.88234e-05
9.63347e-05
3.02562e-05
8.00063e-05
1.43456e-05
6.64455e-05
5.20967e-05
6.11918e-06
0.000214184
7.53344e-05
-1.56032e-05
0.000111373
-0.000108093
0.000112255
-0.000133134
0.000110954
-0.000147076
0.000109692
-0.000156912
0.000109072
-0.000163474
0.000108313
-0.000169207
0.000107189
-0.000171126
0.000118057
-0.000158864
0.00013365
1.31087e-05
0.000129922
0.000149707
0.000111062
0.000179623
8.81686e-05
0.000165867
6.62846e-05
0.000139828
4.66994e-05
0.00011592
2.95634e-05
9.71424e-05
1.43821e-05
8.16269e-05
6.64791e-05
4.96997e-05
0.000164485
0.000111436
-7.7339e-05
0.000115241
-0.000111898
0.000114362
-0.000132255
0.000113429
-0.000146143
0.000112137
-0.00015562
0.000110885
-0.000162222
0.000109448
-0.00016777
0.000108092
-0.00016977
0.000112645
-0.000163417
0.000114261
1.14925e-05
0.000110834
0.000153134
9.70069e-05
0.00019345
7.93459e-05
0.000183528
6.11494e-05
0.000158025
4.4e-05
0.000133069
2.84068e-05
0.000112735
1.40866e-05
9.59469e-05
8.0565e-05
0.000109362
5.51223e-05
0.000115668
-8.36446e-05
0.000116496
-0.000112726
0.000116651
-0.00013241
0.000116008
-0.000145499
0.000114509
-0.000154121
0.000112832
-0.000160545
0.00011109
-0.000166028
0.000108893
-0.000167573
0.000105299
-0.000159824
9.76689e-05
1.91228e-05
9.34537e-05
0.000157349
8.37766e-05
0.000203127
7.04553e-05
0.000196849
5.56452e-05
0.000172834
4.08909e-05
0.000147823
2.689e-05
0.000126736
1.35481e-05
0.000109288
9.41131e-05
0.000112202
-5.70794e-05
0.000116964
-8.84064e-05
0.000118963
-0.000114725
0.000119536
-0.000132984
0.000118584
-0.000144547
0.000116692
-0.000152228
0.00011473
-0.000158583
0.000113004
-0.000164301
0.000112842
-0.000167412
0.000100404
-0.000147386
8.46679e-05
3.4859e-05
7.89512e-05
0.000163066
7.1841e-05
0.000210237
6.18381e-05
0.000206852
4.99786e-05
0.000184694
3.74962e-05
0.000160306
2.51016e-05
0.00013913
1.28308e-05
0.000121559
0.000106943
8.67166e-06
-2.75577e-05
1.63898e-05
-2.81466e-05
2.33274e-05
-2.87439e-05
2.99772e-05
-2.9981e-05
3.66205e-05
-3.17712e-05
4.34221e-05
-3.41147e-05
5.04595e-05
-3.70166e-05
5.77222e-05
-4.04426e-05
6.51207e-05
-4.43281e-05
7.25634e-05
-4.86031e-05
7.99848e-05
-5.29958e-05
8.70762e-05
-5.68071e-05
9.3575e-05
-6.0252e-05
9.96279e-05
-6.3428e-05
0.0001054
-6.16089e-05
0.000108605
-4.9308e-05
0.000109646
-3.01753e-05
0.000107979
-6.49291e-06
0.000107243
2.09279e-05
0.000111731
5.24938e-05
0.000127859
8.83509e-05
0.000170864
0.00012426
0.000143326
0.000302416
9.37965e-06
-3.69373e-05
1.71992e-05
-3.59661e-05
2.42211e-05
-3.57658e-05
3.09223e-05
-3.66822e-05
3.75089e-05
-3.83579e-05
4.41216e-05
-4.07273e-05
5.0826e-05
-4.3721e-05
5.76022e-05
-4.72188e-05
6.44758e-05
-5.12017e-05
7.18767e-05
-5.60039e-05
7.99252e-05
-6.10443e-05
8.79875e-05
-6.48694e-05
9.55243e-05
-6.77888e-05
0.000100648
-6.85515e-05
0.000103135
-6.40959e-05
0.000104913
-5.10863e-05
0.000105628
-3.08898e-05
0.00010768
-8.54573e-06
0.000113678
1.49301e-05
0.000127114
3.90584e-05
0.000153103
6.23614e-05
0.000196793
8.05698e-05
8.48193e-05
0.000255299
1.00641e-05
-4.70014e-05
1.73092e-05
-4.32113e-05
2.41931e-05
-4.26497e-05
3.09791e-05
-4.34683e-05
3.77873e-05
-4.5166e-05
4.47584e-05
-4.76985e-05
5.2028e-05
-5.09906e-05
5.97257e-05
-5.49165e-05
6.74041e-05
-5.88801e-05
7.52948e-05
-6.38946e-05
8.2952e-05
-6.87016e-05
9.08975e-05
-7.28149e-05
9.78828e-05
-7.47741e-05
0.000102749
-7.34178e-05
0.000105065
-6.64116e-05
0.00010468
-5.07018e-05
0.000105466
-3.16761e-05
0.000109716
-1.27956e-05
0.000119114
5.53229e-06
0.000135689
2.24835e-05
0.000161731
3.63189e-05
0.000198625
4.36758e-05
3.86109e-05
0.000244834
8.0823e-06
-5.50837e-05
1.53079e-05
-5.04369e-05
2.27862e-05
-5.0128e-05
3.02193e-05
-5.09014e-05
3.76001e-05
-5.25468e-05
4.49754e-05
-5.50738e-05
5.24292e-05
-5.84443e-05
6.00846e-05
-6.2572e-05
6.84542e-05
-6.72497e-05
7.64821e-05
-7.19224e-05
8.39946e-05
-7.62141e-05
9.05497e-05
-7.93701e-05
9.58943e-05
-8.01187e-05
9.95428e-05
-7.70662e-05
0.000101193
-6.80615e-05
0.000101821
-5.13302e-05
0.000104284
-3.41392e-05
0.00011052
-1.90312e-05
0.000121825
-5.773e-06
0.000139241
5.0679e-06
0.000163469
1.20904e-05
0.000194044
1.31007e-05
5.5918e-06
0.000227063
4.21035e-06
-5.9294e-05
1.15829e-05
-5.78094e-05
1.94028e-05
-5.79478e-05
2.73796e-05
-5.88783e-05
3.54152e-05
-6.05823e-05
4.34411e-05
-6.30997e-05
5.13998e-05
-6.6403e-05
5.92237e-05
-7.03959e-05
6.67946e-05
-7.48206e-05
7.40458e-05
-7.91737e-05
8.07158e-05
-8.28841e-05
8.64557e-05
-8.51099e-05
9.09916e-05
-8.46546e-05
9.40301e-05
-8.01047e-05
9.54614e-05
-6.94927e-05
9.7107e-05
-5.29758e-05
0.00010131
-3.83424e-05
0.000109106
-2.68269e-05
0.00012131
-1.79767e-05
0.000138367
-1.19898e-05
0.000160098
-9.64067e-06
0.000185235
-1.20355e-05
-1.99441e-05
0.000210771
4.55759e-06
-6.38516e-05
1.13624e-05
-6.46142e-05
1.86526e-05
-6.5238e-05
2.61383e-05
-6.63641e-05
3.37141e-05
-6.81581e-05
4.12889e-05
-7.06746e-05
4.87707e-05
-7.38848e-05
5.60445e-05
-7.76697e-05
6.29869e-05
-8.1763e-05
6.95155e-05
-8.57024e-05
7.54603e-05
-8.88288e-05
8.05769e-05
-9.02265e-05
8.45953e-05
-8.86731e-05
8.73156e-05
-8.28251e-05
8.86983e-05
-7.08754e-05
9.12907e-05
-5.55682e-05
9.6711e-05
-4.37626e-05
0.000105411
-3.55272e-05
0.000117744
-3.03097e-05
0.000133751
-2.79961e-05
0.000152948
-2.88377e-05
0.000174083
-3.31705e-05
-4.09404e-05
0.000195079
5.30696e-06
-6.91586e-05
1.15554e-05
-7.08627e-05
1.81485e-05
-7.18312e-05
2.49076e-05
-7.31231e-05
3.17319e-05
-7.49825e-05
3.8538e-05
-7.74807e-05
4.52443e-05
-8.05911e-05
5.17596e-05
-8.41849e-05
5.79863e-05
-8.79897e-05
6.38237e-05
-9.15398e-05
6.91326e-05
-9.41377e-05
7.3713e-05
-9.48069e-05
7.73185e-05
-9.22785e-05
7.97349e-05
-8.52416e-05
8.12022e-05
-7.23427e-05
8.45938e-05
-5.89598e-05
9.07128e-05
-4.98816e-05
9.97102e-05
-4.45246e-05
0.000111635
-4.22345e-05
0.000126306
-4.26675e-05
0.000143188
-4.57191e-05
0.000161295
-5.12775e-05
-5.89073e-05
0.000179262
5.36841e-06
-7.4527e-05
1.11648e-05
-7.6659e-05
1.71242e-05
-7.77906e-05
2.31626e-05
-7.91615e-05
2.92137e-05
-8.10336e-05
3.5216e-05
-8.3483e-05
4.11099e-05
-8.6485e-05
4.68323e-05
-8.99074e-05
5.23136e-05
-9.3471e-05
5.74692e-05
-9.66953e-05
6.21776e-05
-9.88462e-05
6.62582e-05
-9.88875e-05
6.94792e-05
-9.54995e-05
7.15368e-05
-8.72992e-05
7.32449e-05
-7.40508e-05
7.71988e-05
-6.29137e-05
8.36178e-05
-5.63006e-05
9.24552e-05
-5.3362e-05
0.000103594
-5.33735e-05
0.000116781
-5.58544e-05
0.000131556
-6.04942e-05
0.000147222
-6.69435e-05
-7.45665e-05
0.000162881
5.09077e-06
-7.96178e-05
1.0396e-05
-8.19643e-05
1.57324e-05
-8.31269e-05
2.10641e-05
-8.44932e-05
2.63537e-05
-8.63232e-05
3.15625e-05
-8.86918e-05
3.66523e-05
-9.15748e-05
4.15848e-05
-9.48398e-05
4.6317e-05
-9.82032e-05
5.07904e-05
-0.000101169
5.49058e-05
-0.000102962
5.84915e-05
-0.000102473
6.13242e-05
-9.83322e-05
6.30116e-05
-8.89866e-05
6.50961e-05
-7.61353e-05
6.94153e-05
-6.72329e-05
7.58465e-05
-6.27318e-05
8.422e-05
-6.17355e-05
9.43392e-05
-6.34928e-05
0.000105952
-6.74676e-05
0.000118718
-7.32597e-05
0.000132193
-8.04185e-05
-8.81949e-05
0.000145821
4.68947e-06
-8.43072e-05
9.4838e-06
-8.67587e-05
1.42069e-05
-8.785e-05
1.88551e-05
-8.91413e-05
2.34101e-05
-9.08783e-05
2.78505e-05
-9.31321e-05
3.21549e-05
-9.58792e-05
3.63055e-05
-9.89904e-05
4.02832e-05
-0.000102181
4.40596e-05
-0.000104945
4.75679e-05
-0.00010647
5.0654e-05
-0.000105559
5.30861e-05
-0.000100764
5.44862e-05
-9.03867e-05
5.70695e-05
-7.87186e-05
6.16239e-05
-7.17874e-05
6.78995e-05
-6.90073e-05
7.56497e-05
-6.94857e-05
8.464e-05
-7.24831e-05
9.46437e-05
-7.74713e-05
0.000105422
-8.40383e-05
0.000116727
-9.17232e-05
-9.97701e-05
0.000128302
4.27212e-06
-8.85794e-05
8.58912e-06
-9.10757e-05
1.27414e-05
-9.20023e-05
1.67544e-05
-9.31544e-05
2.06236e-05
-9.47474e-05
2.43383e-05
-9.68468e-05
2.78881e-05
-9.94291e-05
3.12672e-05
-0.00010237
3.44781e-05
-0.000105392
3.75247e-05
-0.000107992
4.03891e-05
-0.000109334
4.29705e-05
-0.000108141
4.49853e-05
-0.000102779
4.6413e-05
-9.18144e-05
4.95082e-05
-8.18138e-05
5.42535e-05
-7.65327e-05
6.03331e-05
-7.5087e-05
6.74448e-05
-7.65974e-05
7.53407e-05
-8.03789e-05
8.38022e-05
-8.59329e-05
9.26434e-05
-9.28795e-05
0.000101722
-0.000100802
-0.000109036
0.000110988
3.93349e-06
-9.25129e-05
7.84697e-06
-9.49891e-05
1.1504e-05
-9.56593e-05
1.49584e-05
-9.66087e-05
1.82161e-05
-9.80051e-05
2.12725e-05
-9.99032e-05
2.41199e-05
-0.000102277
2.67591e-05
-0.000105009
2.91994e-05
-0.000107832
3.14746e-05
-0.000110267
3.36329e-05
-0.000111493
3.56812e-05
-0.000110189
3.73484e-05
-0.000104446
3.91911e-05
-9.36571e-05
4.2789e-05
-8.54116e-05
4.77592e-05
-8.1503e-05
5.37088e-05
-8.10365e-05
6.03141e-05
-8.32028e-05
6.73059e-05
-8.73707e-05
7.44741e-05
-9.31011e-05
8.16247e-05
-0.00010003
8.85899e-05
-0.000107767
-0.000115848
9.54017e-05
3.77886e-06
-9.62917e-05
7.38215e-06
-9.85924e-05
1.06346e-05
-9.89117e-05
1.36278e-05
-9.9602e-05
1.63779e-05
-0.000100755
1.88843e-05
-0.00010241
2.11315e-05
-0.000104524
2.31049e-05
-0.000106982
2.48073e-05
-0.000109535
2.62875e-05
-0.000111747
2.76745e-05
-0.00011288
2.91329e-05
-0.000111647
3.06229e-05
-0.000105936
3.30962e-05
-9.61304e-05
3.72344e-05
-8.95498e-05
4.25004e-05
-8.6769e-05
4.84616e-05
-8.69977e-05
5.47838e-05
-8.9525e-05
6.11956e-05
-9.37825e-05
6.75119e-05
-9.94175e-05
7.36055e-05
-0.000106124
7.92512e-05
-0.000113413
-0.00012093
8.43334e-05
3.93035e-06
-0.000100222
7.22832e-06
-0.00010189
1.01542e-05
-0.000101838
1.28186e-05
-0.000102266
1.522e-05
-0.000103157
1.7352e-05
-0.000104542
1.91946e-05
-0.000106366
2.07062e-05
-0.000108494
2.18113e-05
-0.00011064
2.25178e-05
-0.000112454
2.30629e-05
-0.000113425
2.39189e-05
-0.000112503
2.53114e-05
-0.000107329
2.83831e-05
-9.92021e-05
3.30418e-05
-9.42085e-05
3.86089e-05
-9.23361e-05
4.4693e-05
-9.30818e-05
5.09813e-05
-9.58132e-05
5.7226e-05
-0.000100027
6.325e-05
-0.000105441
6.90373e-05
-0.000111911
7.45817e-05
-0.000118957
-0.000125848
7.94999e-05
4.62165e-06
-0.000104844
7.15587e-06
-0.000104425
9.91777e-06
-0.000104599
1.24715e-05
-0.00010482
1.47685e-05
-0.000105454
1.6805e-05
-0.000106578
1.85097e-05
-0.000108071
1.97478e-05
-0.000109732
2.04908e-05
-0.000111383
2.05884e-05
-0.000112551
2.01918e-05
-0.000113028
2.03366e-05
-0.000112648
2.16894e-05
-0.000108682
2.50894e-05
-0.000102602
3.01332e-05
-9.92522e-05
3.59629e-05
-9.81657e-05
4.21364e-05
-9.92553e-05
4.84447e-05
-0.000102121
5.51562e-05
-0.000106739
6.21829e-05
-0.000112468
6.96267e-05
-0.000119355
7.79001e-05
-0.000127231
-0.000133563
8.56148e-05
6.90992e-06
-0.000111754
7.11421e-06
-0.000104629
1.02191e-05
-0.000107704
1.2981e-05
-0.000107582
1.56195e-05
-0.000108092
1.80152e-05
-0.000108973
2.02512e-05
-0.000110307
2.15893e-05
-0.000111069
2.19132e-05
-0.000111706
2.10413e-05
-0.000111679
1.89333e-05
-0.00011092
1.62808e-05
-0.000109996
1.72411e-05
-0.000109642
2.22086e-05
-0.000107569
2.83133e-05
-0.000105357
3.50053e-05
-0.000104858
4.21201e-05
-0.00010637
5.02351e-05
-0.000110236
5.9336e-05
-0.000115839
6.74212e-05
-0.000120553
7.00552e-05
-0.000121989
6.60442e-05
-0.00012322
-0.000122595
5.50769e-05
2.44942e-05
-0.000136248
1.10398e-05
-9.11742e-05
1.06791e-05
-0.000107343
1.34682e-05
-0.000110371
1.60113e-05
-0.000110635
1.77363e-05
-0.000110698
1.766e-05
-0.00011023
1.64221e-05
-0.000109831
1.46706e-05
-0.000109955
1.30432e-05
-0.000110052
1.2101e-05
-0.000109978
1.30093e-05
-0.000110904
1.54465e-05
-0.000112079
1.93645e-05
-0.000111487
2.65701e-05
-0.000112562
3.41198e-05
-0.000112407
3.90135e-05
-0.000111264
3.9825e-05
-0.000111048
3.97852e-05
-0.0001158
3.88276e-05
-0.000119596
3.67365e-05
-0.000119898
3.02364e-05
-0.00011672
-0.000107785
1.54261e-05
7.27458e-08
-0.000136321
6.28555e-06
-9.73872e-05
6.70467e-06
-0.000107762
6.75506e-06
-0.000110421
6.71939e-06
-0.000110599
6.46186e-06
-0.000110441
5.9143e-06
-0.000109683
5.13967e-06
-0.000109057
3.80087e-06
-0.000108616
2.69817e-06
-0.000108949
1.96875e-06
-0.000109249
1.14237e-06
-0.000110078
1.0456e-06
-0.000111982
3.21442e-06
-0.000113656
6.03973e-06
-0.000115388
9.36077e-06
-0.000115728
1.283e-05
-0.000114733
1.55599e-05
-0.000113778
1.43704e-05
-0.00011461
1.04115e-05
-0.000115637
3.86731e-06
-0.000113354
-6.87736e-06
-0.000105975
-9.26046e-05
-2.20578e-05
-6.84568e-06
-0.000129475
1.69853e-06
-0.000105931
2.67925e-06
-0.000108743
1.40455e-06
-0.000109147
-2.05582e-07
-0.000108989
-1.88946e-06
-0.000108757
-3.24841e-06
-0.000108324
-4.63386e-06
-0.000107672
-5.60746e-06
-0.000107642
-6.65075e-06
-0.000107906
-7.47282e-06
-0.000108426
-7.99175e-06
-0.000109559
-8.67445e-06
-0.000111299
-8.90117e-06
-0.00011343
-9.31376e-06
-0.000114975
-9.57546e-06
-0.000115467
-9.41015e-06
-0.000114898
-9.71854e-06
-0.000113469
-1.20256e-05
-0.000112303
-1.76347e-05
-0.000110028
-2.64876e-05
-0.000104501
-3.84031e-05
-9.40598e-05
-7.75393e-05
-5.34684e-05
-6.01395e-06
-0.000123461
-1.78706e-06
-0.000110158
-1.84073e-06
-0.000108689
-3.46457e-06
-0.000107523
-5.56477e-06
-0.000106889
-7.80492e-06
-0.000106517
-9.9077e-06
-0.000106221
-1.15929e-05
-0.000105986
-1.32158e-05
-0.000106019
-1.47515e-05
-0.00010637
-1.61148e-05
-0.000107063
-1.74351e-05
-0.000108238
-1.88791e-05
-0.000109855
-2.07755e-05
-0.000111533
-2.30543e-05
-0.000112696
-2.55228e-05
-0.000112998
-2.81165e-05
-0.000112305
-3.10758e-05
-0.00011051
-3.57461e-05
-0.000107633
-4.29086e-05
-0.000102866
-5.26445e-05
-9.47651e-05
-6.45965e-05
-8.2108e-05
-6.41705e-05
-7.79652e-05
-4.95232e-06
-0.000118508
-4.45665e-06
-0.000110654
-5.69502e-06
-0.000107451
-7.63621e-06
-0.000105581
-9.92936e-06
-0.000104596
-1.23659e-05
-0.00010408
-1.47809e-05
-0.000103806
-1.70661e-05
-0.000103701
-1.92516e-05
-0.000103833
-2.1388e-05
-0.000104233
-2.35187e-05
-0.000104932
-2.57912e-05
-0.000105965
-2.84248e-05
-0.000107222
-3.15573e-05
-0.000108401
-3.51639e-05
-0.00010909
-3.91888e-05
-0.000108973
-4.36898e-05
-0.000107804
-4.88969e-05
-0.000105303
-5.5378e-05
-0.000101152
-6.35885e-05
-9.4655e-05
-7.34787e-05
-8.48751e-05
-8.45309e-05
-7.10558e-05
-5.28894e-05
-9.58119e-05
-4.63477e-06
-0.000113873
-6.44843e-06
-0.00010884
-8.51441e-06
-0.000105385
-1.08051e-05
-0.000103291
-1.32809e-05
-0.00010212
-1.58742e-05
-0.000101487
-1.85125e-05
-0.000101168
-2.11487e-05
-0.000101064
-2.38088e-05
-0.000101173
-2.6544e-05
-0.000101498
-2.94306e-05
-0.000102045
-3.26035e-05
-0.000102792
-3.62119e-05
-0.000103613
-4.03547e-05
-0.000104258
-4.50419e-05
-0.000104402
-5.02783e-05
-0.000103737
-5.61292e-05
-0.000101953
-6.27347e-05
-9.86975e-05
-7.03282e-05
-9.35584e-05
-7.90092e-05
-8.5974e-05
-8.85452e-05
-7.5339e-05
-9.83569e-05
-6.12443e-05
-4.36759e-05
-0.00010757
-4.6904e-06
-0.000109183
-7.66316e-06
-0.000105867
-1.03159e-05
-0.000102732
-1.29173e-05
-0.000100689
-1.55795e-05
-9.94576e-05
-1.83287e-05
-9.87375e-05
-2.11605e-05
-9.83356e-05
-2.40759e-05
-9.81487e-05
-2.71122e-05
-9.81367e-05
-3.03283e-05
-9.82815e-05
-3.38088e-05
-9.85643e-05
-3.76657e-05
-9.89353e-05
-4.20099e-05
-9.92689e-05
-4.69155e-05
-9.9352e-05
-5.24068e-05
-9.89112e-05
-5.84957e-05
-9.7648e-05
-6.52087e-05
-9.52394e-05
-7.25823e-05
-9.13239e-05
-8.0636e-05
-8.55047e-05
-8.92564e-05
-7.73538e-05
-9.80995e-05
-6.64959e-05
-0.000106591
-5.27527e-05
-3.62668e-05
-0.000114
-4.73267e-06
-0.000104451
-8.24727e-06
-0.000102353
-1.12807e-05
-9.96989e-05
-1.41326e-05
-9.78374e-05
-1.69665e-05
-9.66238e-05
-1.98596e-05
-9.58443e-05
-2.28527e-05
-9.53425e-05
-2.59802e-05
-9.50211e-05
-2.9291e-05
-9.48258e-05
-3.28504e-05
-9.4722e-05
-3.67405e-05
-9.46741e-05
-4.10556e-05
-9.46201e-05
-4.58819e-05
-9.44426e-05
-5.12756e-05
-9.39583e-05
-5.72566e-05
-9.29301e-05
-6.38206e-05
-9.10839e-05
-7.09455e-05
-8.81146e-05
-7.85784e-05
-8.3691e-05
-8.66078e-05
-7.74753e-05
-9.48064e-05
-6.91552e-05
-0.000102792
-5.851e-05
-0.000110047
-4.54982e-05
-3.03348e-05
-0.000115979
-4.65716e-06
-9.97936e-05
-8.39371e-06
-9.86164e-05
-1.16425e-05
-9.64502e-05
-1.46678e-05
-9.48121e-05
-1.76344e-05
-9.36572e-05
-2.064e-05
-9.28387e-05
-2.37491e-05
-9.22334e-05
-2.70156e-05
-9.17546e-05
-3.04975e-05
-9.13439e-05
-3.42615e-05
-9.09578e-05
-3.83838e-05
-9.05518e-05
-4.29434e-05
-9.00604e-05
-4.80083e-05
-8.93776e-05
-5.36196e-05
-8.83469e-05
-5.97844e-05
-8.67653e-05
-6.64761e-05
-8.43922e-05
-7.36309e-05
-8.09597e-05
-8.11358e-05
-7.61862e-05
-8.88089e-05
-6.98022e-05
-9.63771e-05
-6.15871e-05
-0.000103467
-5.14204e-05
-0.000109631
-3.93339e-05
-2.55562e-05
-0.00011441
-4.48104e-06
-9.53126e-05
-8.25862e-06
-9.48389e-05
-1.16006e-05
-9.31083e-05
-1.47205e-05
-9.16923e-05
-1.77662e-05
-9.06115e-05
-2.08379e-05
-8.9767e-05
-2.40087e-05
-8.90625e-05
-2.7341e-05
-8.84222e-05
-3.08957e-05
-8.77891e-05
-3.47374e-05
-8.71161e-05
-3.89338e-05
-8.63553e-05
-4.35507e-05
-8.54434e-05
-4.86409e-05
-8.42874e-05
-5.42317e-05
-8.27562e-05
-6.03166e-05
-8.06803e-05
-6.68504e-05
-7.78585e-05
-7.37422e-05
-7.40679e-05
-8.08469e-05
-6.90815e-05
-8.79555e-05
-6.26936e-05
-9.47895e-05
-5.47532e-05
-0.000101009
-4.52006e-05
-0.000106242
-3.41012e-05
-2.16715e-05
-0.000110127
-4.25028e-06
-9.10625e-05
-7.95941e-06
-9.11299e-05
-1.13007e-05
-8.9767e-05
-1.44427e-05
-8.85504e-05
-1.75104e-05
-8.75438e-05
-2.05963e-05
-8.66811e-05
-2.37726e-05
-8.58861e-05
-2.71019e-05
-8.50929e-05
-3.06432e-05
-8.42477e-05
-3.44555e-05
-8.33038e-05
-3.85969e-05
-8.22138e-05
-4.31205e-05
-8.09197e-05
-4.80656e-05
-7.93423e-05
-5.34477e-05
-7.7374e-05
-5.92498e-05
-7.48782e-05
-6.54151e-05
-7.16932e-05
-7.18406e-05
-6.76424e-05
-7.83715e-05
-6.25506e-05
-8.47987e-05
-5.62664e-05
-9.08631e-05
-4.86889e-05
-9.62681e-05
-3.97957e-05
-0.000100707
-2.96624e-05
-1.84775e-05
-0.000103901
-3.98771e-06
-8.70749e-05
-7.56253e-06
-8.75552e-05
-1.08369e-05
-8.64927e-05
-1.39409e-05
-8.54465e-05
-1.69775e-05
-8.45073e-05
-2.00272e-05
-8.36314e-05
-2.31563e-05
-8.2757e-05
-2.64227e-05
-8.18266e-05
-2.98798e-05
-8.07905e-05
-3.3579e-05
-7.96046e-05
-3.75679e-05
-7.82248e-05
-4.18876e-05
-7.66e-05
-4.65656e-05
-7.46643e-05
-5.16076e-05
-7.2332e-05
-5.69896e-05
-6.94962e-05
-6.26506e-05
-6.60322e-05
-6.84871e-05
-6.18059e-05
-7.43503e-05
-5.66874e-05
-8.00474e-05
-5.05693e-05
-8.53488e-05
-4.33876e-05
-9.00041e-05
-3.51404e-05
-9.37643e-05
-2.59023e-05
-1.58326e-05
-9.64092e-05
-3.7127e-06
-8.33624e-05
-7.11137e-06
-8.41566e-05
-1.02691e-05
-8.33351e-05
-1.32862e-05
-8.24293e-05
-1.62454e-05
-8.15481e-05
-1.92143e-05
-8.06625e-05
-2.22502e-05
-7.9721e-05
-2.54041e-05
-7.86727e-05
-2.87222e-05
-7.74723e-05
-3.22471e-05
-7.60797e-05
-3.60163e-05
-7.44556e-05
-4.00596e-05
-7.25566e-05
-4.43942e-05
-7.03297e-05
-4.9018e-05
-6.77081e-05
-5.39033e-05
-6.46109e-05
-5.89902e-05
-6.09453e-05
-6.41824e-05
-5.66137e-05
-6.93459e-05
-5.1524e-05
-7.43119e-05
-4.56034e-05
-7.88857e-05
-3.88138e-05
-8.286e-05
-3.11662e-05
-8.60341e-05
-2.27282e-05
-1.36292e-05
-8.82376e-05
-3.42935e-06
-7.99331e-05
-6.62578e-06
-8.09603e-05
-9.63224e-06
-8.03287e-05
-1.25247e-05
-7.95369e-05
-1.53683e-05
-7.87046e-05
-1.82182e-05
-7.78125e-05
-2.11228e-05
-7.68164e-05
-2.41251e-05
-7.56704e-05
-2.72637e-05
-7.43337e-05
-3.05726e-05
-7.27707e-05
-3.408e-05
-7.09481e-05
-3.7806e-05
-6.88306e-05
-4.17589e-05
-6.63767e-05
-4.59309e-05
-6.35361e-05
-5.02925e-05
-6.02493e-05
-5.4788e-05
-5.64498e-05
-5.93323e-05
-5.20695e-05
-6.38101e-05
-4.70462e-05
-6.80794e-05
-4.1334e-05
-7.19794e-05
-3.49139e-05
-7.53426e-05
-2.7803e-05
-7.80098e-05
-2.0061e-05
-1.17931e-05
-7.98459e-05
-3.14233e-06
-7.67909e-05
-6.11905e-06
-7.79837e-05
-8.94813e-06
-7.74997e-05
-1.16862e-05
-7.67989e-05
-1.4383e-05
-7.60077e-05
-1.70829e-05
-7.51127e-05
-1.98253e-05
-7.40739e-05
-2.26461e-05
-7.28496e-05
-2.55766e-05
-7.14032e-05
-2.86432e-05
-6.97041e-05
-3.1866e-05
-6.77253e-05
-3.5257e-05
-6.54395e-05
-3.88179e-05
-6.28158e-05
-4.25364e-05
-5.98176e-05
-4.63829e-05
-5.64028e-05
-5.03072e-05
-5.25255e-05
-5.4236e-05
-4.81406e-05
-5.80734e-05
-4.32089e-05
-6.1703e-05
-3.77044e-05
-6.49959e-05
-3.16211e-05
-6.78186e-05
-2.49804e-05
-7.0046e-05
-1.78337e-05
-1.0264e-05
-7.15751e-05
-2.84873e-06
-7.39423e-05
-5.59529e-06
-7.52372e-05
-8.2292e-06
-7.48658e-05
-1.07901e-05
-7.4238e-05
-1.33153e-05
-7.34826e-05
-1.58397e-05
-7.25884e-05
-1.83956e-05
-7.15179e-05
-2.10126e-05
-7.02327e-05
-2.37156e-05
-6.87001e-05
-2.65247e-05
-6.6895e-05
-2.94535e-05
-6.47965e-05
-3.25078e-05
-6.23852e-05
-3.56842e-05
-5.96395e-05
-3.89676e-05
-5.65342e-05
-4.23294e-05
-5.3041e-05
-4.57249e-05
-4.913e-05
-4.90924e-05
-4.47731e-05
-5.23531e-05
-3.99483e-05
-5.54139e-05
-3.46436e-05
-5.81722e-05
-2.88629e-05
-6.05242e-05
-2.26284e-05
-6.23734e-05
-1.59845e-05
-8.99798e-06
-6.36394e-05
-2.54695e-06
-7.13955e-05
-5.05837e-06
-7.27259e-05
-7.48403e-06
-7.24402e-05
-9.84986e-06
-7.18722e-05
-1.2183e-05
-7.11495e-05
-1.45112e-05
-7.02601e-05
-1.68616e-05
-6.91676e-05
-1.92583e-05
-6.78359e-05
-2.17215e-05
-6.62369e-05
-2.42659e-05
-6.43506e-05
-2.68999e-05
-6.21624e-05
-2.96249e-05
-5.96602e-05
-3.24341e-05
-5.68303e-05
-3.5311e-05
-5.36572e-05
-3.82288e-05
-5.01233e-05
-4.11482e-05
-4.62106e-05
-4.40174e-05
-4.19039e-05
-4.67725e-05
-3.71933e-05
-4.9339e-05
-3.20772e-05
-5.16369e-05
-2.6565e-05
-5.35856e-05
-2.06798e-05
-5.51111e-05
-1.4459e-05
-7.95367e-06
-5.61554e-05
-2.23231e-06
-6.91632e-05
-4.51035e-06
-7.04479e-05
-6.71943e-06
-7.02312e-05
-8.87534e-06
-6.97164e-05
-1.09989e-05
-6.9026e-05
-1.31139e-05
-6.81452e-05
-1.52436e-05
-6.70379e-05
-1.74084e-05
-6.5671e-05
-1.96245e-05
-6.40209e-05
-2.19021e-05
-6.20729e-05
-2.42457e-05
-5.98188e-05
-2.66536e-05
-5.72523e-05
-2.91167e-05
-5.43671e-05
-3.16189e-05
-5.11551e-05
-3.41354e-05
-4.76068e-05
-3.66323e-05
-4.37137e-05
-3.90665e-05
-3.94698e-05
-4.13858e-05
-3.4874e-05
-4.3531e-05
-2.9932e-05
-4.54387e-05
-2.46574e-05
-4.70466e-05
-1.9072e-05
-4.82991e-05
-1.32065e-05
-7.0998e-06
-4.91529e-05
-1.90516e-06
-6.72582e-05
-3.95884e-06
-6.83943e-05
-5.94438e-06
-6.82457e-05
-7.87567e-06
-6.77851e-05
-9.7731e-06
-6.71285e-05
-1.16596e-05
-6.62586e-05
-1.35568e-05
-6.51408e-05
-1.54818e-05
-6.37459e-05
-1.74471e-05
-6.20556e-05
-1.94592e-05
-6.00608e-05
-2.15195e-05
-5.77585e-05
-2.36238e-05
-5.5148e-05
-2.57626e-05
-5.22284e-05
-2.79204e-05
-4.89973e-05
-3.00754e-05
-4.54518e-05
-3.2199e-05
-4.15901e-05
-3.42557e-05
-3.74132e-05
-3.6203e-05
-3.29267e-05
-3.7993e-05
-2.8142e-05
-3.9575e-05
-2.30754e-05
-4.0899e-05
-1.77481e-05
-4.19218e-05
-1.21838e-05
-6.40591e-06
-4.26157e-05
-1.57341e-06
-6.56848e-05
-3.42032e-06
-6.65474e-05
-5.17322e-06
-6.64929e-05
-6.86144e-06
-6.60969e-05
-8.51468e-06
-6.54753e-05
-1.01587e-05
-6.46147e-05
-1.18136e-05
-6.34858e-05
-1.34937e-05
-6.20658e-05
-1.52071e-05
-6.03422e-05
-1.69569e-05
-5.83111e-05
-1.87415e-05
-5.59739e-05
-2.05554e-05
-5.33341e-05
-2.23892e-05
-5.03946e-05
-2.42292e-05
-4.71573e-05
-2.60571e-05
-4.36239e-05
-2.78495e-05
-3.97976e-05
-2.95779e-05
-3.56848e-05
-3.12084e-05
-3.12963e-05
-3.27019e-05
-2.66485e-05
-3.40158e-05
-2.17615e-05
-3.51076e-05
-1.66564e-05
-3.59413e-05
-1.13502e-05
-5.85008e-06
-3.64971e-05
-1.27834e-06
-6.44065e-05
-2.93437e-06
-6.48915e-05
-4.42974e-06
-6.49975e-05
-5.84623e-06
-6.46804e-05
-7.23358e-06
-6.4088e-05
-8.62112e-06
-6.32272e-05
-1.00263e-05
-6.20806e-05
-1.14582e-05
-6.06339e-05
-1.29201e-05
-5.88804e-05
-1.44109e-05
-5.68203e-05
-1.59267e-05
-5.4458e-05
-1.74614e-05
-5.17994e-05
-1.90061e-05
-4.88498e-05
-2.05497e-05
-4.56138e-05
-2.20777e-05
-4.20959e-05
-2.35726e-05
-3.83028e-05
-2.50128e-05
-3.42446e-05
-2.63722e-05
-2.99369e-05
-2.76197e-05
-2.5401e-05
-2.87188e-05
-2.06625e-05
-2.96287e-05
-1.57465e-05
-3.03121e-05
-1.06668e-05
-5.40661e-06
-3.07556e-05
-1.15207e-06
-6.32545e-05
-2.56523e-06
-6.34784e-05
-3.74252e-06
-6.38203e-05
-4.84421e-06
-6.35788e-05
-5.94073e-06
-6.29915e-05
-7.05925e-06
-6.21086e-05
-8.209e-06
-6.09309e-05
-9.39075e-06
-5.94522e-05
-1.06012e-05
-5.76699e-05
-1.18352e-05
-5.55862e-05
-1.3087e-05
-5.32063e-05
-1.43499e-05
-5.05365e-05
-1.56168e-05
-4.7583e-05
-1.68791e-05
-4.43514e-05
-1.81271e-05
-4.0848e-05
-1.93488e-05
-3.70811e-05
-2.05303e-05
-3.30631e-05
-2.16544e-05
-2.88128e-05
-2.26989e-05
-2.43566e-05
-2.36328e-05
-1.97286e-05
-2.44144e-05
-1.4965e-05
-2.49952e-05
-1.0086e-05
-5.04997e-06
-2.53518e-05
-1.42733e-06
-6.18272e-05
-2.37069e-06
-6.2535e-05
-3.1281e-06
-6.30629e-05
-3.86303e-06
-6.28439e-05
-4.64656e-06
-6.2208e-05
-5.48814e-06
-6.12671e-05
-6.3795e-06
-6.00395e-05
-7.30926e-06
-5.85224e-05
-8.26683e-06
-5.67123e-05
-9.24341e-06
-5.46097e-05
-1.02318e-05
-5.22179e-05
-1.12261e-05
-4.95422e-05
-1.22208e-05
-4.65883e-05
-1.32105e-05
-4.33618e-05
-1.41894e-05
-3.98691e-05
-1.51519e-05
-3.61187e-05
-1.60919e-05
-3.21231e-05
-1.70031e-05
-2.79017e-05
-1.78755e-05
-2.34841e-05
-1.86902e-05
-1.8914e-05
-1.94052e-05
-1.425e-05
-1.99479e-05
-9.54336e-06
-4.73572e-06
-2.02621e-05
-2.24371e-06
-5.95836e-05
-2.36007e-06
-6.24187e-05
-2.57458e-06
-6.28484e-05
-2.89749e-06
-6.2521e-05
-3.36032e-06
-6.17452e-05
-3.92604e-06
-6.07014e-05
-4.55883e-06
-5.94068e-05
-5.23358e-06
-5.78477e-05
-5.93361e-06
-5.60123e-05
-6.64794e-06
-5.38953e-05
-7.36935e-06
-5.14965e-05
-8.09298e-06
-4.88186e-05
-8.81529e-06
-4.5866e-05
-9.5335e-06
-4.26436e-05
-1.02456e-05
-3.9157e-05
-1.09509e-05
-3.54133e-05
-1.16514e-05
-3.14227e-05
-1.23522e-05
-2.72008e-05
-1.30622e-05
-2.27742e-05
-1.37862e-05
-1.81899e-05
-1.45033e-05
-1.35329e-05
-1.5111e-05
-8.93574e-06
-4.40154e-06
-1.54452e-05
-3.53121e-06
-5.60524e-05
-2.51808e-06
-6.34318e-05
-2.00238e-06
-6.33641e-05
-1.91741e-06
-6.2606e-05
-2.08698e-06
-6.15756e-05
-2.39057e-06
-6.03978e-05
-2.76659e-06
-5.90307e-05
-3.18113e-06
-5.74331e-05
-3.6153e-06
-5.55782e-05
-4.05857e-06
-5.34521e-05
-4.50504e-06
-5.105e-05
-4.95139e-06
-4.83723e-05
-5.39572e-06
-4.54217e-05
-5.83709e-06
-4.22022e-05
-6.2757e-06
-3.87184e-05
-6.71387e-06
-3.49752e-05
-7.15829e-06
-3.09783e-05
-7.62371e-06
-2.67354e-05
-8.13777e-06
-2.22602e-05
-8.74471e-06
-1.7583e-05
-9.49582e-06
-1.27818e-05
-1.03511e-05
-8.08045e-06
-3.93363e-06
-1.0819e-05
-7.4251e-06
-2.31303e-06
-1.15778e-06
-8.44452e-07
-8.08035e-07
-8.85329e-07
-1.01306e-06
-1.16284e-06
-1.32165e-06
-1.4832e-06
-1.64437e-06
-1.80358e-06
-1.96008e-06
-2.11362e-06
-2.26468e-06
-2.41512e-06
-2.57015e-06
-2.74255e-06
-2.96169e-06
-3.28994e-06
-3.85189e-06
-4.89895e-06
-6.68074e-06
0.000260686
4.17294e-05
0.000239819
2.0867e-05
0.000232685
7.13399e-06
-5.43056e-06
0.000238116
0.00027081
2.62184e-05
0.000280184
1.14934e-05
0.000288887
-1.56908e-06
-1.10393e-05
0.000294496
0.000261562
9.49035e-06
0.000271775
1.28017e-06
0.000277112
-6.90663e-06
-1.46561e-05
0.000280729
0.000239835
-3.28121e-06
0.000249868
-8.75294e-06
0.00025743
-1.44687e-05
-2.02235e-05
0.000262997
0.000221387
-1.3898e-05
0.000230431
-1.77964e-05
0.000237876
-2.19142e-05
-2.61181e-05
0.000243771
0.000204126
-2.29455e-05
0.000212228
-2.58986e-05
0.000219255
-2.89407e-05
-3.19771e-05
0.000225114
0.000187188
-3.08715e-05
0.000194481
-3.31917e-05
0.000200995
-3.54552e-05
-3.75813e-05
0.000206599
0.000169915
-3.79055e-05
0.000176513
-3.9789e-05
0.000182523
-4.14654e-05
-4.28491e-05
0.000187791
0.000152063
-4.4147e-05
0.000158014
-4.57399e-05
0.000163516
-4.69678e-05
-4.77094e-05
0.000168376
0.000133714
-4.95592e-05
0.000138954
-5.09791e-05
0.000143842
-5.1856e-05
-5.20029e-05
0.000148135
0.000115427
-5.39985e-05
0.000119775
-5.53265e-05
0.000123849
-5.59303e-05
-5.55282e-05
0.000127374
9.86827e-05
-5.72794e-05
0.000101931
-5.85748e-05
0.000105003
-5.90019e-05
-5.8241e-05
0.000107715
8.64265e-05
-5.93725e-05
8.85388e-05
-6.06871e-05
9.05721e-05
-6.10352e-05
-5.98514e-05
9.21825e-05
8.11619e-05
-6.10344e-05
8.29866e-05
-6.25118e-05
8.5832e-05
-6.38806e-05
-6.14202e-05
8.74009e-05
8.5914e-05
-6.13336e-05
8.15838e-05
-5.81815e-05
7.14048e-05
-5.37015e-05
-4.83769e-05
5.83613e-05
4.67618e-05
-5.30187e-05
3.63289e-05
-4.77487e-05
2.42413e-05
-4.16141e-05
-3.38387e-05
9.70286e-06
6.10496e-06
-4.36977e-05
-4.07532e-06
-3.75686e-05
-1.5243e-05
-3.04466e-05
-2.24701e-05
-2.66117e-05
-3.0731e-05
-3.50246e-05
-3.97153e-05
-2.85845e-05
-4.8826e-05
-2.1336e-05
-1.34084e-05
-5.78878e-05
-6.09669e-05
-2.75262e-05
-6.84568e-05
-2.10946e-05
-7.57159e-05
-1.4077e-05
-6.64739e-06
-8.2477e-05
-8.41496e-05
-2.13419e-05
-9.00651e-05
-1.51792e-05
-9.54872e-05
-8.65494e-06
-1.91606e-06
-0.000100219
-0.000100706
-1.64477e-05
-0.000105164
-1.07217e-05
-0.000109019
-4.80006e-06
1.2041e-06
-0.000112139
-0.000111305
-1.27128e-05
-0.000114526
-7.50054e-06
-0.000117127
-2.19958e-06
3.11355e-06
-0.000119037
-0.000116793
-9.9197e-06
-0.000119059
-5.23466e-06
-0.00012074
-5.19287e-07
4.17344e-06
-0.0001218
-0.00011806
-7.83887e-06
-0.000119636
-3.65829e-06
-0.000120678
5.22112e-07
4.6678e-06
-0.000121172
-0.000115974
-6.27448e-06
-0.000117072
-2.55996e-06
-0.000117692
1.14183e-06
4.80666e-06
-0.000117831
-0.000111323
-5.07774e-06
-0.000112101
-1.78263e-06
-0.000112454
1.49481e-06
4.73858e-06
-0.000112386
-0.000104837
-4.14174e-06
-0.000105402
-1.21765e-06
-0.000105596
1.68896e-06
4.56594e-06
-0.000105424
-9.71574e-05
-3.39354e-06
-9.75833e-05
-7.91782e-07
-9.7688e-05
1.79365e-06
4.35444e-06
-9.74766e-05
-8.88467e-05
-2.78441e-06
-8.91796e-05
-4.58942e-07
-8.92385e-05
1.85253e-06
4.14331e-06
-8.90274e-05
-8.03476e-05
-2.28271e-06
-8.06159e-05
-1.90686e-07
-8.06526e-05
1.8892e-06
3.95232e-06
-8.04617e-05
-7.19907e-05
-1.86719e-06
-7.22111e-05
2.97459e-08
-7.22386e-05
1.91661e-06
3.78939e-06
-7.20757e-05
-6.39835e-05
-1.52306e-06
-6.41663e-05
2.12466e-07
-6.41891e-05
1.93933e-06
3.65471e-06
-6.40544e-05
-5.64393e-05
-1.23921e-06
-5.65903e-05
3.63454e-07
-5.66103e-05
1.95925e-06
3.54524e-06
-5.65009e-05
-4.9385e-05
-1.00718e-06
-4.95087e-05
4.8708e-07
-4.95253e-05
1.97582e-06
3.45677e-06
-4.94368e-05
-4.28034e-05
-8.19517e-07
-4.29031e-05
5.86854e-07
-4.29172e-05
1.98979e-06
3.3863e-06
-4.28467e-05
-3.66471e-05
-6.69604e-07
-3.67272e-05
6.66886e-07
-3.67394e-05
2.00195e-06
3.3325e-06
-3.66856e-05
-3.08749e-05
-5.50338e-07
-3.09404e-05
7.32359e-07
-3.09553e-05
2.01684e-06
3.29814e-06
-3.0921e-05
-2.545e-05
-4.52118e-07
-2.5511e-05
7.9327e-07
-2.55382e-05
2.04405e-06
3.29257e-06
-2.55327e-05
-2.03585e-05
-3.5579e-07
-2.04379e-05
8.72742e-07
-2.0504e-05
2.11007e-06
3.3413e-06
-2.05527e-05
-1.5591e-05
-2.09986e-07
-1.57495e-05
1.03116e-06
-1.59168e-05
2.27731e-06
3.50271e-06
-1.60782e-05
-1.1178e-05
1.48927e-07
-1.1568e-05
1.42125e-06
-1.19761e-05
2.68539e-06
3.87452e-06
-1.2348e-05
-7.4839e-06
-8.30779e-06
-9.02321e-06
-9.64068e-06
0.000248833
-6.77966e-05
0.000258654
-9.82275e-05
0.0002628
-0.000118871
0.000262051
-0.000132235
0.000258197
-0.000140694
0.000253032
-0.000147063
0.000248116
-0.000153668
0.000244269
-0.000160454
0.000244118
-0.000167262
0.000190076
-9.33429e-05
0.000147103
7.78319e-05
0.000127662
0.000182507
0.000116671
0.000221227
0.000103844
0.00021968
8.71696e-05
0.000201368
6.76992e-05
0.000179776
4.6566e-05
0.000160263
2.40047e-05
0.00014412
0.000130948
0.000290469
-6.37701e-05
0.000285345
-9.3103e-05
0.000278766
-0.000112292
0.000271385
-0.000124853
0.000263979
-0.000133288
0.000257273
-0.000140357
0.000251897
-0.000148291
0.000246626
-0.000155183
0.000215013
-0.000135649
0.000143899
-2.22288e-05
0.000109069
0.000112661
9.38178e-05
0.000197758
8.63424e-05
0.000228703
7.88776e-05
0.000227144
6.83812e-05
0.000211864
5.47253e-05
0.000193431
3.85428e-05
0.000176446
2.0208e-05
0.000162455
0.000151156
0.000282185
-6.52259e-05
0.000279451
-9.03694e-05
0.000274603
-0.000107444
0.000268445
-0.000118695
0.000261987
-0.00012683
0.000256208
-0.000134578
0.000250963
-0.000143046
0.000244044
-0.000148265
0.000194147
-8.57522e-05
0.000122149
4.97699e-05
8.31604e-05
0.00015165
6.84359e-05
0.000212483
6.30786e-05
0.00023406
5.88493e-05
0.000231374
5.23459e-05
0.000218368
4.28831e-05
0.000202894
3.07354e-05
0.000188593
1.62618e-05
0.000176928
0.000167418
0.000268162
-7.03905e-05
0.000268405
-9.06121e-05
0.00026553
-0.000104569
0.000260917
-0.000114082
0.000255875
-0.000121787
0.000251453
-0.000130156
0.000247005
-0.000138599
0.000206058
-0.000107318
0.000133169
-1.28633e-05
8.49741e-05
9.79647e-05
5.80548e-05
0.000178569
4.7362e-05
0.000223176
4.43649e-05
0.000237057
4.24935e-05
0.000233245
3.87764e-05
0.000222085
3.24391e-05
0.000209231
2.35854e-05
0.000197447
1.25573e-05
0.000187956
0.000179975
0.000251479
-7.80989e-05
0.000254026
-9.31588e-05
0.000253054
-0.000103598
0.000250128
-0.000111156
0.000246779
-0.000118438
0.000242743
-0.00012612
0.000224517
-0.000120373
0.000167902
-5.07029e-05
9.90502e-05
5.59885e-05
5.72105e-05
0.000139805
3.66873e-05
0.000199092
2.98623e-05
0.000230001
2.90554e-05
0.000237864
2.90003e-05
0.0002333
2.73496e-05
0.000223735
2.34329e-05
0.000213148
1.72944e-05
0.000203585
9.25959e-06
0.000195991
0.000189235
0.000233924
-8.69089e-05
0.000237872
-9.71069e-05
0.000238284
-0.000104009
0.00023685
-0.000109723
0.000234724
-0.000116312
0.0002282
-0.000119597
0.000184121
-7.62943e-05
0.000111639
2.17792e-05
6.23459e-05
0.000105282
3.2517e-05
0.000169633
1.85901e-05
0.000213019
1.53652e-05
0.000233226
1.6433e-05
0.000236796
1.78022e-05
0.000231931
1.77493e-05
0.000223788
1.57609e-05
0.000215136
1.18754e-05
0.000207471
6.40186e-06
0.000201465
0.000195637
0.000215677
-9.59862e-05
0.000220239
-0.000101669
0.000221565
-0.000105336
0.000221539
-0.000109696
0.000219068
-0.000113841
0.00018357
-8.40985e-05
0.000116816
-9.54006e-06
6.57367e-05
7.28583e-05
3.14871e-05
0.000139531
1.11987e-05
0.000189922
3.44454e-06
0.000220773
3.35591e-06
0.000233314
5.96059e-06
0.000234191
8.46721e-06
0.000229424
9.68991e-06
0.000222565
9.27131e-06
0.000215555
7.26619e-06
0.000209476
3.96611e-06
0.000204764
0.000199603
0.000196563
-0.000104758
0.000201153
-0.000106259
0.000203242
-0.000107425
0.000204203
-0.000110658
0.000175152
-8.47902e-05
0.000119641
-2.85885e-05
6.744e-05
4.26614e-05
3.07731e-05
0.000109525
6.35825e-06
0.000163946
-6.06427e-06
0.000202344
-8.8501e-06
0.000223559
-6.54372e-06
0.000231008
-2.75149e-06
0.000230399
6.6816e-07
0.000226005
2.9307e-06
0.000220303
3.80972e-06
0.000214676
3.38216e-06
0.000209904
1.91825e-06
0.000206229
0.000201521
0.000176427
-0.000112809
0.000180872
-0.000110704
0.000183416
-0.000109969
0.00016191
-8.91519e-05
0.00011949
-4.2371e-05
7.05438e-05
2.0358e-05
3.0998e-05
8.22072e-05
3.23524e-06
0.000137288
-1.31843e-05
0.000180366
-1.93823e-05
0.000208542
-1.86245e-05
0.000222801
-1.46776e-05
0.000227061
-1.00118e-05
0.000225733
-5.8579e-06
0.000221851
-2.73106e-06
0.000217176
-7.6573e-07
0.000212711
1.35701e-07
0.000209002
2.30497e-07
0.000206134
0.000201752
0.000155186
-0.000119859
0.000159073
-0.000114591
0.000151112
-0.000102008
0.00012011
-5.81502e-05
7.28797e-05
4.8596e-06
3.2273e-05
6.09648e-05
1.92681e-06
0.000112553
-1.80674e-05
0.000157282
-2.77653e-05
0.000190064
-2.94783e-05
0.000210255
-2.64011e-05
0.000219724
-2.13619e-05
0.000222022
-1.60543e-05
0.000220426
-1.13076e-05
0.000217104
-7.46317e-06
0.000213332
-4.58608e-06
0.000209834
-2.56978e-06
0.000206986
-1.16166e-06
0.000204726
0.00020059
0.000133225
-0.00012571
0.000133777
-0.000115144
0.000110065
-7.82961e-05
6.8133e-05
-1.62182e-05
3.12937e-05
4.16989e-05
1.17727e-06
9.10812e-05
-2.12648e-05
0.000134995
-3.40481e-05
0.000170066
-3.85883e-05
0.000194604
-3.72218e-05
0.000208889
-3.26304e-05
0.000215133
-2.68575e-05
0.000216249
-2.10721e-05
0.000214641
-1.58436e-05
0.000211875
-1.13972e-05
0.000208885
-7.75604e-06
0.000206192
-4.81088e-06
0.000204041
-2.34982e-06
0.000202264
0.00019824
0.000112368
-0.000130362
9.73589e-05
-0.000100135
6.18227e-05
-4.27601e-05
2.76667e-05
1.79378e-05
-1.04352e-06
7.04091e-05
-2.38894e-05
0.000113927
-3.87814e-05
0.000149887
-4.59288e-05
0.000177213
-4.67006e-05
0.000195376
-4.32462e-05
0.000205435
-3.76517e-05
0.000209538
-3.13714e-05
0.000209969
-2.52226e-05
0.000208492
-1.96007e-05
0.000206254
-1.46514e-05
0.000203936
-1.03687e-05
0.00020191
-6.64535e-06
0.000200317
-3.29248e-06
0.000198912
0.000194948
9.23988e-05
-0.000130579
6.60823e-05
-7.38188e-05
2.88531e-05
-5.53089e-06
-2.71438e-06
4.95053e-05
-2.61929e-05
9.38876e-05
-4.25417e-05
0.000130276
-5.1826e-05
0.000159172
-5.47469e-05
0.000180134
-5.285e-05
0.000193479
-4.79808e-05
0.000200565
-4.17062e-05
0.000203264
-3.50646e-05
0.000203327
-2.86342e-05
0.000202061
-2.26898e-05
0.000200309
-1.73215e-05
0.000198568
-1.25039e-05
0.000197092
-8.1347e-06
0.000195948
-4.05055e-06
0.000194828
0.000190897
6.4406e-05
-0.000107584
2.66347e-05
-3.60477e-05
-4.92689e-06
2.60308e-05
-2.88046e-05
7.33831e-05
-4.59902e-05
0.000111073
-5.67966e-05
0.000141082
-6.15838e-05
0.000163959
-6.13473e-05
0.000179897
-5.75631e-05
0.000189695
-5.17168e-05
0.000194719
-4.49681e-05
0.000196515
-3.8063e-05
0.000196422
-3.14124e-05
0.000195411
-2.5205e-05
0.000194102
-1.94905e-05
0.000192853
-1.4232e-05
0.000191834
-9.33378e-06
0.00019105
-4.65464e-06
0.000190148
0.000186242
2.21473e-05
-7.13702e-05
-9.40821e-06
-4.49215e-06
-3.30012e-05
4.96238e-05
-5.02206e-05
9.06026e-05
-6.16954e-05
0.000122548
-6.775e-05
0.000147137
-6.89458e-05
0.000165155
-6.63408e-05
0.000177292
-6.11958e-05
0.00018455
-5.46544e-05
0.000188178
-4.7566e-05
0.000189427
-4.04661e-05
0.000189322
-3.36441e-05
0.000188589
-2.72248e-05
0.000187683
-2.12289e-05
0.000186857
-1.56121e-05
0.000186217
-1.02867e-05
0.000185725
-5.13265e-06
0.000184994
0.00018111
-1.87754e-05
-4.2892e-05
-4.08838e-05
1.76162e-05
-5.67539e-05
6.5494e-05
-6.77544e-05
0.000101603
-7.41322e-05
0.000128926
-7.61723e-05
0.000149177
-7.4523e-05
0.000163505
-7.01268e-05
0.000172896
-6.39789e-05
0.000178402
-5.69304e-05
0.000181129
-4.95953e-05
0.000182092
-4.23523e-05
0.00018208
-3.53998e-05
0.000181636
-2.88144e-05
0.000181097
-2.25952e-05
0.000180638
-1.66941e-05
0.000180316
-1.10307e-05
0.000180061
-5.50212e-06
0.000179466
0.000175608
-5.0663e-05
-1.88407e-05
-6.61361e-05
3.30893e-05
-7.59854e-05
7.53433e-05
-8.17278e-05
0.000107346
-8.37826e-05
0.000130981
-8.25654e-05
0.00014796
-7.87024e-05
0.000159643
-7.29511e-05
0.000167145
-6.60571e-05
0.000171508
-5.86372e-05
0.00017371
-5.11253e-05
0.00017458
-4.3782e-05
0.000174736
-3.67359e-05
0.00017459
-3.00266e-05
0.000174388
-2.36375e-05
0.000174249
-1.75177e-05
0.000174196
-1.15945e-05
0.000174138
-5.78052e-06
0.000173652
0.000169827
-7.56014e-05
-1.1272e-06
-8.58089e-05
4.32969e-05
-9.08897e-05
8.04242e-05
-9.23851e-05
0.000108841
-9.09996e-05
0.000129595
-8.72616e-05
0.000144222
-8.1722e-05
0.000154103
-7.49598e-05
0.000160383
-6.75184e-05
0.000164066
-5.98341e-05
0.000166025
-5.22043e-05
0.00016695
-4.47996e-05
0.000167332
-3.76954e-05
0.000167486
-3.0903e-05
0.000167596
-2.43937e-05
0.00016774
-1.81155e-05
0.000167918
-1.2002e-05
0.000168025
-5.97856e-06
0.000167629
0.000163849
-9.46377e-05
1.10334e-05
-0.000100462
4.91209e-05
-0.000101788
8.175e-05
-0.000100047
0.000107101
-9.60923e-05
0.000125641
-9.04953e-05
0.000138625
-8.37297e-05
0.000147337
-7.62381e-05
0.000152892
-6.84134e-05
0.000156242
-6.05567e-05
0.000158169
-5.28634e-05
0.000159257
-4.54365e-05
0.000159905
-3.83107e-05
0.00016036
-3.14756e-05
0.000160761
-2.48936e-05
0.000161158
-1.85121e-05
0.000161536
-1.22709e-05
0.000161784
-6.10748e-06
0.000161465
0.000157741
-0.000107957
1.87716e-05
-0.000110489
5.16527e-05
-0.000109097
8.03585e-05
-0.000105077
0.000103081
-9.9328e-05
0.000119891
-9.24328e-05
0.00013173
-8.48171e-05
0.000139722
-7.68334e-05
0.000144908
-6.87677e-05
0.000148176
-6.08235e-05
0.000150225
-5.31213e-05
0.000151555
-4.57137e-05
0.000152497
-3.8605e-05
0.000153252
-3.17683e-05
0.000153924
-2.51597e-05
0.000154549
-1.87274e-05
0.000155104
-1.2416e-05
0.000155472
-6.17323e-06
0.000155222
0.000151568
-0.000116507
2.31395e-05
-0.000116605
5.17511e-05
-0.000113348
7.71009e-05
-0.000107832
9.75661e-05
-0.000100918
0.000112977
-9.31866e-05
0.000123998
-8.50377e-05
0.000131573
-7.67682e-05
0.000136638
-6.85915e-05
0.000139999
-6.06426e-05
0.000142276
-5.29884e-05
0.000143901
-4.56453e-05
0.000145154
-3.8595e-05
0.000146202
-3.17994e-05
0.000147128
-2.52101e-05
0.00014796
-1.87762e-05
0.00014867
-1.2448e-05
0.000149144
-6.18309e-06
0.000148958
0.000145385
-0.00012102
2.51232e-05
-0.000119445
5.01756e-05
-0.000115
7.26565e-05
-0.000108597
9.11625e-05
-0.000101019
0.0001054
-9.28318e-05
0.000115811
-8.44223e-05
0.000123163
-7.60523e-05
0.000128269
-6.78878e-05
0.000131835
-6.00173e-05
0.000134405
-5.24716e-05
0.000136355
-4.52417e-05
0.000137924
-3.82944e-05
0.000139254
-3.15835e-05
0.000140417
-2.50588e-05
0.000141436
-1.86714e-05
0.000142283
-1.23766e-05
0.000142849
-6.1407e-06
0.000142722
0.000139244
-0.000122165
2.54888e-05
-0.000119529
4.75391e-05
-0.000114422
6.75501e-05
-0.000107597
8.4337e-05
-9.97533e-05
9.7556e-05
-9.14291e-05
0.000107487
-8.29969e-05
0.000114731
-7.46956e-05
0.000119967
-6.66611e-05
0.0001238
-5.89529e-05
0.000126697
-5.15787e-05
0.000128981
-4.45137e-05
0.000130859
-3.77154e-05
0.000132456
-3.11338e-05
0.000133836
-2.47185e-05
0.00013502
-1.84235e-05
0.000135988
-1.22095e-05
0.000136635
-6.05167e-06
0.000136564
0.000133193
-0.000120515
2.48314e-05
-0.000117291
4.4315e-05
-0.000111924
6.21833e-05
-0.000105036
7.74493e-05
-9.72442e-05
8.97643e-05
-8.90474e-05
9.92902e-05
-8.07986e-05
0.000106483
-7.27189e-05
0.000111888
-6.49258e-05
0.000116007
-5.7462e-05
0.000119233
-5.03227e-05
0.000121842
-4.3475e-05
0.000124012
-3.68723e-05
0.000125853
-3.0464e-05
0.000127428
-2.42018e-05
0.000128758
-1.80433e-05
0.000129829
-1.19548e-05
0.000130547
-5.91914e-06
0.000130528
0.000127274
-0.000116583
2.35836e-05
-0.000113127
4.08586e-05
-0.000107803
5.68592e-05
-0.000101128
7.07739e-05
-9.36363e-05
8.22731e-05
-8.57806e-05
9.14346e-05
-7.78877e-05
9.85896e-05
-7.01627e-05
0.000104163
-6.27113e-05
0.000108556
-5.55685e-05
0.000112091
-4.87246e-05
0.000114998
-4.21446e-05
0.000117432
-3.57824e-05
0.000119491
-2.95899e-05
0.000121235
-2.35223e-05
0.000122691
-1.75416e-05
0.000123849
-1.162e-05
0.000124625
-5.74835e-06
0.000124657
0.000121525
-0.000110864
2.20616e-05
-0.000107433
3.74279e-05
-0.000102373
5.17991e-05
-9.6111e-05
6.45119e-05
-8.91047e-05
7.52668e-05
-8.17527e-05
8.40827e-05
-7.43515e-05
9.11884e-05
-6.70895e-05
9.69009e-05
-6.00647e-05
0.000101531
-5.33095e-05
0.000105336
-4.68147e-05
0.000108503
-4.05482e-05
0.000111165
-3.44678e-05
0.000113411
-2.853e-05
0.000115297
-2.26949e-05
0.000116856
-1.69303e-05
0.000118084
-1.12138e-05
0.000118909
-5.54264e-06
0.000118986
0.000115983
-0.000103839
2.04765e-05
-0.00010061
3.4199e-05
-9.59623e-05
4.71519e-05
-9.0248e-05
5.87976e-05
-8.38508e-05
6.88697e-05
-7.71146e-05
7.73465e-05
-7.03015e-05
8.43754e-05
-6.35824e-05
9.01818e-05
-5.70489e-05
9.49978e-05
-5.07338e-05
9.90205e-05
-4.46321e-05
0.000102401
-3.87177e-05
0.000105251
-3.29546e-05
0.000107648
-2.73056e-05
0.000109648
-2.17371e-05
0.000111287
-1.62222e-05
0.000112569
-1.07443e-05
0.000113431
-5.30728e-06
0.000113549
0.000110675
-9.59677e-05
1.89676e-05
-9.30482e-05
3.12795e-05
-8.89003e-05
4.3004e-05
-8.38084e-05
5.37057e-05
-7.80892e-05
6.31505e-05
-7.20323e-05
7.12897e-05
-6.58644e-05
7.82075e-05
-5.97377e-05
8.40552e-05
-5.37377e-05
8.89978e-05
-4.78991e-05
9.31819e-05
-4.22227e-05
9.67251e-05
-3.66899e-05
9.97181e-05
-3.12726e-05
0.000102231
-2.59407e-05
0.000104317
-2.06671e-05
0.000106014
-1.5431e-05
0.000107333
-1.02211e-05
0.000108221
-5.04594e-06
0.000108373
0.000105629
-8.76684e-05
1.76085e-05
-8.51102e-05
2.87213e-05
-8.14954e-05
3.93892e-05
-7.70499e-05
4.92601e-05
-7.20293e-05
5.81299e-05
-6.66722e-05
6.59327e-05
-6.117e-05
7.27054e-05
-5.56562e-05
7.85413e-05
-5.02097e-05
8.35513e-05
-4.48672e-05
8.78394e-05
-3.96356e-05
9.14937e-05
-3.45044e-05
9.45869e-05
-2.94535e-05
9.71798e-05
-2.44605e-05
9.93235e-05
-1.95048e-05
0.000101058
-1.45711e-05
0.000102399
-9.653e-06
0.000103303
-4.76383e-06
0.000103484
0.000100866
-7.92874e-05
1.64341e-05
-7.71009e-05
2.65348e-05
-7.40125e-05
3.63009e-05
-7.01976e-05
4.54453e-05
-6.5858e-05
5.37903e-05
-6.1186e-05
6.12606e-05
-5.63398e-05
6.78592e-05
-5.14342e-05
7.36358e-05
-4.65414e-05
7.86585e-05
-4.1699e-05
8.2997e-05
-3.69199e-05
8.67146e-05
-3.22007e-05
8.98677e-05
-2.75294e-05
9.25084e-05
-2.28905e-05
9.46847e-05
-1.82696e-05
9.6437e-05
-1.36567e-05
9.77865e-05
-9.04963e-06
9.8696e-05
-4.46471e-06
9.88994e-05
9.64009e-05
-7.10873e-05
1.54457e-05
-6.92543e-05
2.47018e-05
-6.66575e-05
3.37041e-05
-6.34299e-05
4.22176e-05
-5.97268e-05
5.00872e-05
-5.56997e-05
5.72335e-05
-5.14771e-05
6.36367e-05
-4.71559e-05
6.93146e-05
-4.28011e-05
7.43038e-05
-3.84505e-05
7.86464e-05
-3.41212e-05
8.23853e-05
-2.98165e-05
8.5563e-05
-2.55308e-05
8.82229e-05
-2.12553e-05
9.04092e-05
-1.69809e-05
9.21626e-05
-1.27019e-05
9.35075e-05
-8.41968e-06
9.44138e-05
-4.15349e-06
9.46332e-05
9.22474e-05
-6.32403e-05
1.46315e-05
-6.17263e-05
2.31879e-05
-5.95709e-05
3.15487e-05
-5.68715e-05
3.95182e-05
-5.37448e-05
4.69606e-05
-5.03076e-05
5.37964e-05
-4.66622e-05
5.99913e-05
-4.28892e-05
6.55416e-05
-3.9046e-05
7.04606e-05
-3.51696e-05
7.477e-05
-3.12801e-05
7.84959e-05
-2.73855e-05
8.16684e-05
-2.3486e-05
8.43234e-05
-1.95778e-05
8.6501e-05
-1.56563e-05
8.82412e-05
-1.17196e-05
8.95708e-05
-7.77188e-06
9.0466e-05
-3.83364e-06
9.0695e-05
8.84138e-05
-5.58374e-05
1.3968e-05
-5.46017e-05
2.19522e-05
-5.28318e-05
2.97789e-05
-5.05966e-05
3.7283e-05
-4.79809e-05
4.4345e-05
-4.50727e-05
5.08881e-05
-4.19518e-05
5.68705e-05
-3.86846e-05
6.22743e-05
-3.53209e-05
6.7097e-05
-3.18956e-05
7.13448e-05
-2.84306e-05
7.50308e-05
-2.49371e-05
7.81751e-05
-2.14197e-05
8.0806e-05
-1.78783e-05
8.29597e-05
-1.43122e-05
8.46751e-05
-1.0722e-05
8.59806e-05
-7.11387e-06
8.6858e-05
-3.50949e-06
8.70906e-05
8.49043e-05
-4.8904e-05
1.34351e-05
-4.79074e-05
2.09556e-05
-4.64703e-05
2.83418e-05
-4.46382e-05
3.54508e-05
-4.24705e-05
4.21773e-05
-4.00317e-05
4.84493e-05
-3.7383e-05
5.42219e-05
-3.45779e-05
5.94693e-05
-3.16595e-05
6.41785e-05
-2.86597e-05
6.83451e-05
-2.56008e-05
7.19719e-05
-2.24962e-05
7.50705e-05
-1.93533e-05
7.7663e-05
-1.6175e-05
7.97815e-05
-1.29631e-05
8.14632e-05
-9.72e-06
8.27376e-05
-6.45315e-06
8.35911e-05
-3.18409e-06
8.38216e-05
8.17202e-05
-4.24246e-05
1.3013e-05
-4.16345e-05
2.01655e-05
-4.04853e-05
2.71925e-05
-3.90034e-05
3.39689e-05
-3.7228e-05
4.04019e-05
-3.52046e-05
4.64259e-05
-3.29794e-05
5.19967e-05
-3.05951e-05
5.7085e-05
-2.8088e-05
6.16715e-05
-2.54873e-05
6.57444e-05
-2.28145e-05
6.92991e-05
-2.00844e-05
7.23404e-05
-1.73059e-05
7.48846e-05
-1.44841e-05
7.69597e-05
-1.16222e-05
7.86013e-05
-8.72371e-06
7.98391e-05
-5.7964e-06
8.06638e-05
-2.86136e-06
8.08866e-05
7.88589e-05
-3.63661e-05
1.26935e-05
-3.57599e-05
1.95593e-05
-3.48644e-05
2.6297e-05
-3.36902e-05
3.27948e-05
-3.22603e-05
3.89721e-05
-3.06056e-05
4.47712e-05
-2.87603e-05
5.01514e-05
-2.67582e-05
5.50829e-05
-2.46301e-05
5.95434e-05
-2.24019e-05
6.35163e-05
-2.00943e-05
6.69915e-05
-1.77223e-05
6.99684e-05
-1.52959e-05
7.24582e-05
-1.28214e-05
7.44853e-05
-1.03026e-05
7.60825e-05
-7.74338e-06
7.72799e-05
-5.1508e-06
7.80713e-05
-2.54442e-06
7.82803e-05
7.63145e-05
-3.07029e-05
1.24754e-05
-3.02698e-05
1.91262e-05
-2.96047e-05
2.56319e-05
-2.87051e-05
3.18952e-05
-2.75819e-05
3.78489e-05
-2.62552e-05
4.34445e-05
-2.47503e-05
4.86465e-05
-2.30943e-05
5.3427e-05
-2.13134e-05
5.77624e-05
-1.94307e-05
6.16336e-05
-1.74657e-05
6.50265e-05
-1.54333e-05
6.7936e-05
-1.3344e-05
7.0369e-05
-1.12047e-05
7.23459e-05
-9.01913e-06
7.3897e-05
-6.79042e-06
7.50512e-05
-4.52425e-06
7.58051e-05
-2.23789e-06
7.59939e-05
7.40766e-05
-2.54369e-05
1.23795e-05
-2.51797e-05
1.88691e-05
-2.47318e-05
2.5184e-05
-2.4081e-05
3.12445e-05
-2.32305e-05
3.69984e-05
-2.21941e-05
4.24081e-05
-2.09916e-05
4.74441e-05
-1.96456e-05
5.2081e-05
-1.81788e-05
5.62956e-05
-1.66122e-05
6.00671e-05
-1.49641e-05
6.33785e-05
-1.32493e-05
6.62212e-05
-1.14783e-05
6.8598e-05
-9.65781e-06
7.05255e-05
-7.79132e-06
7.20305e-05
-5.88031e-06
7.31402e-05
-3.92772e-06
7.38525e-05
-1.94706e-06
7.40133e-05
7.21296e-05
-2.06222e-05
1.2449e-05
-2.05576e-05
1.88045e-05
-2.03202e-05
2.49465e-05
-1.98948e-05
3.08191e-05
-1.92833e-05
3.63869e-05
-1.84982e-05
4.1623e-05
-1.75577e-05
4.65035e-05
-1.64821e-05
5.10054e-05
-1.52922e-05
5.51057e-05
-1.40074e-05
5.87823e-05
-1.26452e-05
6.20163e-05
-1.12198e-05
6.47958e-05
-9.74182e-06
6.71201e-05
-8.21783e-06
6.90015e-05
-6.65017e-06
7.04629e-05
-5.03774e-06
7.15278e-05
-3.37899e-06
7.21938e-05
-1.68177e-06
7.2316e-05
7.04478e-05
-1.63887e-05
1.27595e-05
-1.65436e-05
1.89594e-05
-1.65122e-05
2.49151e-05
-1.62862e-05
3.0593e-05
-1.58753e-05
3.5976e-05
-1.52969e-05
4.10447e-05
-1.45713e-05
4.5778e-05
-1.37193e-05
5.01534e-05
-1.2761e-05
5.41474e-05
-1.1715e-05
5.77364e-05
-1.05982e-05
6.08995e-05
-9.42467e-06
6.36223e-05
-8.20506e-06
6.59005e-05
-6.94577e-06
6.77422e-05
-5.64819e-06
6.91653e-05
-4.30801e-06
7.01876e-05
-2.91571e-06
7.08015e-05
-1.46562e-06
7.0866e-05
6.89822e-05
-1.29728e-05
1.33843e-05
-1.3383e-05
1.93696e-05
-1.35457e-05
2.50778e-05
-1.34826e-05
3.05299e-05
-1.32233e-05
3.57168e-05
-1.27965e-05
4.06179e-05
-1.2228e-05
4.52095e-05
-1.1541e-05
4.94663e-05
-1.07561e-05
5.33625e-05
-9.89197e-06
5.68722e-05
-8.96513e-06
5.99727e-05
-7.98967e-06
6.26468e-05
-6.97664e-06
6.48875e-05
-5.93318e-06
6.66988e-05
-4.86137e-06
6.80935e-05
-3.75607e-06
6.90824e-05
-2.59993e-06
6.96454e-05
-1.3553e-06
6.96214e-05
6.76269e-05
-1.08279e-05
-1.14987e-05
-1.18087e-05
-1.1846e-05
-1.16695e-05
-1.13222e-05
-1.08366e-05
-1.02383e-05
-9.54882e-06
-8.78657e-06
-7.96763e-06
-7.10576e-06
-6.21205e-06
-5.29448e-06
-4.35704e-06
-3.39774e-06
-2.40107e-06
-1.31224e-06
)
;

boundaryField
{
    leftWall
    {
        type            calculated;
        value           uniform 0;
    }
    rightWall
    {
        type            calculated;
        value           uniform 0;
    }
    lowerWall
    {
        type            calculated;
        value           uniform 0;
    }
    atmosphere
    {
        type            calculated;
        value           nonuniform List<scalar> 
46
(
-4.86273e-05
-6.85439e-05
-6.45194e-05
-6.29193e-05
-6.1612e-05
-6.03205e-05
-5.8903e-05
-5.72833e-05
-5.54194e-05
-5.32905e-05
-5.08889e-05
-4.82131e-05
-4.52652e-05
-4.20487e-05
-3.85673e-05
-3.48247e-05
-3.08233e-05
-2.65631e-05
-2.20411e-05
-1.72548e-05
-1.22199e-05
-7.03342e-06
-2.15185e-06
9.52058e-07
2.24509e-06
3.40078e-06
4.49199e-06
1.45715e-05
2.00403e-05
2.53878e-05
3.05672e-05
3.55403e-05
4.02706e-05
4.47239e-05
4.88681e-05
5.2673e-05
5.611e-05
5.91537e-05
6.17849e-05
6.39938e-05
6.57812e-05
6.71561e-05
6.81231e-05
6.86487e-05
6.85325e-05
6.63147e-05
)
;
    }
    defaultFaces
    {
        type            empty;
    }
}


// ************************************************************************* //
