/*--------------------------------*- C++ -*----------------------------------*\
  =========                 |
  \\      /  F ield         | OpenFOAM: The Open Source CFD Toolbox
   \\    /   O peration     | Website:  https://openfoam.org
    \\  /    A nd           | Version:  13
     \\/     M anipulation  |
\*---------------------------------------------------------------------------*/
FoamFile
{
    format      ascii;
    class       surfaceScalarField;
    location    "0.5";
    object      phi;
}
// * * * * * * * * * * * * * * * * * * * * * * * * * * * * * * * * * * * * * //

dimensions      [0 3 -1 0 0 0 0];

internalField   nonuniform List<scalar> 
4432
(
-1.68768e-06
1.68768e-06
4.86556e-07
-2.17424e-06
3.41314e-06
-2.92658e-06
6.21297e-06
-2.79983e-06
8.77715e-06
-2.56418e-06
1.11168e-05
-2.33968e-06
1.32534e-05
-2.13655e-06
1.51877e-05
-1.9343e-06
1.68967e-05
-1.70897e-06
1.83367e-05
-1.44008e-06
1.94522e-05
-1.1155e-06
2.01867e-05
-7.34491e-07
2.04886e-05
-3.01868e-07
2.03171e-05
1.7155e-07
1.96485e-05
6.68514e-07
1.84749e-05
1.17363e-06
1.67731e-05
1.70184e-06
1.44795e-05
2.29357e-06
1.15488e-05
2.93068e-06
7.96662e-06
3.5822e-06
3.73665e-06
4.22997e-06
-5.32669e-07
4.26932e-06
-5.32673e-07
8.96338e-07
7.91335e-07
3.27797e-06
-4.55588e-06
5.73682e-06
-5.38544e-06
8.11369e-06
-5.1767e-06
1.03407e-05
-4.79124e-06
1.24106e-05
-4.40957e-06
1.43187e-05
-4.04466e-06
1.60467e-05
-3.66227e-06
1.75576e-05
-3.21986e-06
1.87974e-05
-2.67996e-06
1.97023e-05
-2.02043e-06
2.02086e-05
-1.24077e-06
2.02528e-05
-3.46112e-07
1.97791e-05
6.45332e-07
1.88032e-05
1.64436e-06
1.73148e-05
2.662e-06
1.53602e-05
3.65652e-06
1.29667e-05
4.68706e-06
1.01981e-05
5.6993e-06
7.15024e-06
6.63001e-06
3.94421e-06
7.436e-06
1.12928e-06
7.08424e-06
5.96604e-07
2.87189e-06
-2.08055e-06
5.09182e-06
-6.77581e-06
7.16184e-06
-7.45546e-06
9.18382e-06
-7.19868e-06
1.1127e-05
-6.73445e-06
1.29729e-05
-6.25546e-06
1.46968e-05
-5.76852e-06
1.62616e-05
-5.22708e-06
1.7616e-05
-4.57427e-06
1.86949e-05
-3.75888e-06
1.94254e-05
-2.75091e-06
1.97378e-05
-1.55321e-06
1.95624e-05
-1.70698e-07
1.88525e-05
1.35524e-06
1.763e-05
2.86685e-06
1.59234e-05
4.36862e-06
1.38271e-05
5.75274e-06
1.14238e-05
7.09039e-06
8.84787e-06
8.27523e-06
6.2768e-06
9.20109e-06
3.87813e-06
9.83466e-06
1.93776e-06
9.0246e-06
2.53436e-06
4.15764e-06
-6.2382e-06
6.21474e-06
-8.83292e-06
8.00521e-06
-9.24594e-06
9.76681e-06
-8.9603e-06
1.15019e-05
-8.46959e-06
1.31857e-05
-7.93922e-06
1.47758e-05
-7.3587e-06
1.62197e-05
-6.6709e-06
1.74535e-05
-5.80814e-06
1.84019e-05
-4.70727e-06
1.89819e-05
-3.33095e-06
1.91188e-05
-1.69007e-06
1.87406e-05
2.07473e-07
1.78049e-05
2.29093e-06
1.6363e-05
4.30878e-06
1.44723e-05
6.25933e-06
1.22737e-05
7.95135e-06
9.88558e-06
9.47849e-06
7.49096e-06
1.06698e-05
5.31722e-06
1.13748e-05
3.5065e-06
1.16454e-05
2.12766e-06
1.04034e-05
4.66202e-06
4.71643e-06
-1.09546e-05
6.62941e-06
-1.07459e-05
8.28038e-06
-1.08969e-05
9.89971e-06
-1.05796e-05
1.15176e-05
-1.00874e-05
1.31063e-05
-9.52801e-06
1.4613e-05
-8.86535e-06
1.59755e-05
-8.03339e-06
1.71227e-05
-6.95538e-06
1.79712e-05
-5.55572e-06
1.84256e-05
-3.78538e-06
1.83965e-05
-1.66099e-06
1.78345e-05
7.69512e-07
1.66709e-05
3.45453e-06
1.50252e-05
5.95443e-06
1.29694e-05
8.31517e-06
1.07052e-05
1.02155e-05
8.36117e-06
1.18226e-05
6.15046e-06
1.28806e-05
4.32452e-06
1.32008e-05
2.96098e-06
1.30089e-05
2.00702e-06
1.13574e-05
6.66903e-06
4.39962e-06
-1.53543e-05
6.23337e-06
-1.25797e-05
7.86404e-06
-1.25276e-05
9.42666e-06
-1.21423e-05
1.09921e-05
-1.16529e-05
1.25309e-05
-1.10668e-05
1.39874e-05
-1.03219e-05
1.52988e-05
-9.34475e-06
1.63942e-05
-8.05082e-06
1.71908e-05
-6.35232e-06
1.75913e-05
-4.1858e-06
1.74923e-05
-1.56204e-06
1.67926e-05
1.46921e-06
1.54722e-05
4.77498e-06
1.36181e-05
7.80849e-06
1.1419e-05
1.05143e-05
9.15343e-06
1.24811e-05
6.90565e-06
1.40703e-05
4.91623e-06
1.487e-05
3.43346e-06
1.46835e-05
2.44679e-06
1.39956e-05
1.83965e-06
1.19645e-05
8.50868e-06
2.5594e-06
-1.79137e-05
4.56875e-06
-1.4589e-05
6.23942e-06
-1.41982e-05
7.8051e-06
-1.37079e-05
9.33954e-06
-1.31873e-05
1.08404e-05
-1.25677e-05
1.22743e-05
-1.17558e-05
1.35916e-05
-1.0662e-05
1.47283e-05
-9.18755e-06
1.56035e-05
-7.22753e-06
1.61086e-05
-4.69086e-06
1.607e-05
-1.52345e-06
1.52876e-05
2.25166e-06
1.38697e-05
6.19291e-06
1.19567e-05
9.72147e-06
9.83174e-06
1.26392e-05
7.63423e-06
1.46786e-05
5.61791e-06
1.60867e-05
3.93746e-06
1.65504e-05
2.8495e-06
1.57715e-05
2.24108e-06
1.4604e-05
1.90655e-06
1.22991e-05
1.04152e-05
1.07473e-06
-1.89884e-05
2.92001e-06
-1.64343e-05
4.49162e-06
-1.57699e-05
5.95505e-06
-1.51713e-05
7.36329e-06
-1.45955e-05
8.72018e-06
-1.39246e-05
1.00091e-05
-1.30447e-05
1.11989e-05
-1.18517e-05
1.22461e-05
-1.02347e-05
1.30929e-05
-8.0744e-06
1.36568e-05
-5.25473e-06
1.38291e-05
-1.69575e-06
1.34862e-05
2.59457e-06
1.24777e-05
7.20147e-06
1.06992e-05
1.14999e-05
8.36471e-06
1.49737e-05
6.2395e-06
1.68038e-05
4.59692e-06
1.77292e-05
3.37698e-06
1.77704e-05
2.84488e-06
1.63036e-05
2.71832e-06
1.47306e-05
2.77113e-06
1.22463e-05
1.31864e-05
-1.44401e-05
1.444e-05
-1.70783e-05
2.63808e-06
-1.05483e-05
-6.52989e-06
-2.83395e-06
-7.71432e-06
2.43204e-06
-5.26592e-06
6.47544e-06
-4.0433e-06
2.8874e-05
-2.23986e-05
6.39536e-05
-3.50797e-05
9.81939e-05
-3.42402e-05
0.00013262
-3.44259e-05
0.000169505
-3.68851e-05
0.000193592
-2.40867e-05
0.000192748
8.43897e-07
0.00016929
2.34583e-05
0.000130664
3.86263e-05
8.69284e-05
4.37356e-05
4.61327e-05
4.07956e-05
1.14508e-05
3.46818e-05
1.14506e-05
-1.13399e-05
2.57797e-05
-1.21041e-05
3.40227e-06
-8.10033e-06
-1.05337e-05
-3.7392e-06
-1.20754e-05
1.07766e-06
-1.00826e-05
2.74084e-05
-3.03738e-05
6.33763e-05
-5.83664e-05
7.87554e-05
-5.04589e-05
8.90541e-05
-4.45389e-05
9.93683e-05
-4.47402e-05
0.000110924
-4.84405e-05
0.000125592
-3.87554e-05
0.000135237
-8.80089e-06
0.000126136
3.256e-05
0.00010206
6.27027e-05
7.2705e-05
7.30909e-05
4.29843e-05
7.05163e-05
1.77958e-05
5.98702e-05
2.92464e-05
-8.47343e-06
3.4253e-05
-6.01621e-06
9.45054e-07
4.46822e-07
-1.69966e-05
1.5486e-05
-2.71145e-05
4.2147e-05
-3.67435e-05
6.59105e-05
-5.41373e-05
7.15913e-05
-6.40473e-05
7.75535e-05
-5.6421e-05
8.25401e-05
-4.95255e-05
8.69368e-05
-4.91369e-05
9.15397e-05
-5.30434e-05
9.79305e-05
-4.51463e-05
0.000102272
-1.31427e-05
9.60002e-05
3.8832e-05
8.0661e-05
7.80419e-05
6.05627e-05
9.31891e-05
3.87891e-05
9.22897e-05
1.89387e-05
7.97206e-05
4.81849e-05
-3.6427e-06
3.78956e-05
6.04753e-06
-8.74519e-06
2.07565e-05
-3.17055e-05
4.00616e-05
-4.64196e-05
5.6927e-05
-5.3609e-05
6.5723e-05
-6.29332e-05
7.04006e-05
-6.87249e-05
7.50754e-05
-6.10959e-05
7.84814e-05
-5.29315e-05
8.04292e-05
-5.10846e-05
8.17965e-05
-5.44108e-05
8.30516e-05
-4.64013e-05
8.44638e-05
-1.45549e-05
7.72277e-05
4.60684e-05
6.55225e-05
8.97474e-05
5.07972e-05
0.000107914
3.4419e-05
0.000108668
1.8178e-05
9.59616e-05
6.6363e-05
4.03322e-06
3.38624e-05
2.21778e-05
-2.68897e-05
3.79847e-05
-4.75124e-05
4.95636e-05
-5.79985e-05
5.78243e-05
-6.18697e-05
6.34865e-05
-6.85955e-05
6.79972e-05
-7.32356e-05
7.23967e-05
-6.54954e-05
7.54974e-05
-5.60322e-05
7.66239e-05
-5.22112e-05
7.5172e-05
-5.29589e-05
7.33263e-05
-4.45556e-05
7.01369e-05
-1.13654e-05
6.36149e-05
5.25901e-05
5.39727e-05
9.93895e-05
4.28763e-05
0.000119011
3.02646e-05
0.00012128
1.65705e-05
0.000109656
8.29333e-05
1.771e-05
1.61524e-05
3.59929e-05
-4.51727e-05
4.53147e-05
-5.68343e-05
5.08634e-05
-6.35472e-05
5.63387e-05
-6.73451e-05
6.08433e-05
-7.31001e-05
6.49315e-05
-7.73238e-05
6.93032e-05
-6.98672e-05
7.18299e-05
-5.85589e-05
7.28674e-05
-5.32487e-05
6.93907e-05
-4.94823e-05
6.38296e-05
-3.89945e-05
5.73916e-05
-4.92746e-06
5.16428e-05
5.83389e-05
4.44665e-05
0.000106566
3.62969e-05
0.000127181
2.6485e-05
0.000131092
1.47802e-05
0.00012136
9.77137e-05
3.25738e-05
-1.64215e-05
3.96241e-05
-5.2223e-05
4.54946e-05
-6.27048e-05
5.05342e-05
-6.85869e-05
5.51895e-05
-7.20004e-05
5.89064e-05
-7.6817e-05
6.18638e-05
-8.02813e-05
6.46862e-05
-7.26896e-05
6.67186e-05
-6.05912e-05
6.65435e-05
-5.30737e-05
6.23134e-05
-4.52522e-05
5.44868e-05
-3.11679e-05
4.60145e-05
3.54484e-06
4.05997e-05
6.37536e-05
3.63719e-05
0.000110794
3.07657e-05
0.000132787
2.31468e-05
0.00013871
1.32432e-05
0.000131264
0.000110957
3.31618e-05
-4.95833e-05
3.98796e-05
-5.89407e-05
4.51308e-05
-6.7956e-05
4.9724e-05
-7.31801e-05
5.39034e-05
-7.61798e-05
5.74811e-05
-8.03948e-05
5.95712e-05
-8.23713e-05
6.12347e-05
-7.43531e-05
6.21566e-05
-6.1513e-05
6.0686e-05
-5.16031e-05
5.58229e-05
-4.03891e-05
4.72894e-05
-2.26344e-05
3.7471e-05
1.33632e-05
3.22706e-05
6.8954e-05
3.00338e-05
0.00011303
2.62156e-05
0.000136605
2.02582e-05
0.000144668
1.19331e-05
0.000139589
0.00012289
8.11198e-07
-1.97996e-05
3.4385e-06
-1.90616e-05
6.05242e-06
-1.83837e-05
8.64592e-06
-1.77648e-05
1.11785e-05
-1.71281e-05
1.36211e-05
-1.63671e-05
1.59419e-05
-1.53655e-05
1.8101e-05
-1.40107e-05
2.00478e-05
-1.21815e-05
2.17181e-05
-9.74472e-06
2.30301e-05
-6.56672e-06
2.38761e-05
-2.54177e-06
2.41253e-05
2.34533e-06
2.34331e-05
7.89374e-06
2.11994e-05
1.37336e-05
1.71699e-05
1.90032e-05
1.21714e-05
2.18024e-05
8.14251e-06
2.17581e-05
7.70619e-06
1.82067e-05
8.57076e-06
1.5439e-05
1.06614e-05
1.26399e-05
1.59195e-05
6.98818e-06
-1.95057e-08
2.91253e-05
3.74391e-07
-2.0174e-05
2.02728e-06
-2.07144e-05
3.86716e-06
-2.02236e-05
5.82137e-06
-1.9719e-05
7.82216e-06
-1.91289e-05
9.80804e-06
-1.8353e-05
1.17328e-05
-1.72903e-05
1.35664e-05
-1.58443e-05
1.52901e-05
-1.39052e-05
1.68889e-05
-1.13435e-05
1.83509e-05
-8.02865e-06
1.96644e-05
-3.85532e-06
2.08179e-05
1.1918e-06
2.17561e-05
6.95552e-06
2.24348e-05
1.30549e-05
2.27405e-05
1.86974e-05
2.21216e-05
2.24213e-05
2.0869e-05
2.30107e-05
1.88219e-05
2.02538e-05
1.97377e-05
1.45233e-05
2.53496e-05
7.02792e-06
3.28845e-05
-5.46719e-07
-1.1155e-05
4.402e-05
3.51867e-07
-2.05258e-05
1.36777e-06
-2.17303e-05
2.62786e-06
-2.14837e-05
4.10749e-06
-2.11986e-05
5.71443e-06
-2.07358e-05
7.37147e-06
-2.001e-05
9.02063e-06
-1.89395e-05
1.06467e-05
-1.74704e-05
1.22603e-05
-1.55188e-05
1.389e-05
-1.29734e-05
1.55785e-05
-9.71719e-06
1.73721e-05
-5.64893e-06
1.93377e-05
-7.73746e-07
2.15648e-05
4.72832e-06
2.41873e-05
1.04324e-05
2.73215e-05
1.55632e-05
3.07247e-05
1.9018e-05
3.39775e-05
1.97578e-05
3.71754e-05
1.70559e-05
4.0595e-05
1.11036e-05
4.48645e-05
2.7584e-06
5.18241e-05
-7.5064e-06
-2.02666e-05
6.09358e-05
5.43517e-07
-2.10693e-05
9.04814e-07
-2.20916e-05
1.81078e-06
-2.23896e-05
2.99018e-06
-2.2378e-05
4.3114e-06
-2.2057e-05
5.72463e-06
-2.14233e-05
7.16465e-06
-2.03795e-05
8.6341e-06
-1.89399e-05
1.01846e-05
-1.70694e-05
1.18885e-05
-1.46773e-05
1.38427e-05
-1.16714e-05
1.61234e-05
-7.92968e-06
1.88189e-05
-3.46925e-06
2.20667e-05
1.48049e-06
2.59805e-05
6.51859e-06
3.07398e-05
1.08039e-05
3.63049e-05
1.34529e-05
4.25023e-05
1.35603e-05
4.90602e-05
1.04979e-05
5.58031e-05
4.3606e-06
6.29582e-05
-4.39681e-06
7.04666e-05
-1.50148e-05
-2.69512e-05
7.71511e-05
6.09991e-07
-2.16794e-05
2.53662e-09
-2.14841e-05
1.06735e-06
-2.34544e-05
2.32027e-06
-2.36309e-05
3.61375e-06
-2.33505e-05
4.79083e-06
-2.26004e-05
5.91007e-06
-2.14988e-05
7.22499e-06
-2.02548e-05
8.71173e-06
-1.85561e-05
1.04594e-05
-1.6425e-05
1.26524e-05
-1.38644e-05
1.54483e-05
-1.07255e-05
1.88638e-05
-6.88479e-06
2.29183e-05
-2.57404e-06
2.77993e-05
1.6376e-06
3.35892e-05
5.01389e-06
4.0324e-05
6.71815e-06
4.79146e-05
5.96966e-06
5.61668e-05
2.24567e-06
6.47054e-05
-4.1781e-06
7.29036e-05
-1.25951e-05
8.04784e-05
-2.25898e-05
-3.38786e-05
8.74056e-05
8.26817e-06
-2.9948e-05
1.72336e-06
-1.49396e-05
1.21033e-06
-2.29417e-05
2.16729e-06
-2.45882e-05
2.95877e-06
-2.41424e-05
3.17399e-06
-2.28158e-05
2.93712e-06
-2.12621e-05
4.58806e-06
-2.19057e-05
6.44348e-06
-2.04115e-05
8.77825e-06
-1.87597e-05
1.17566e-05
-1.68428e-05
1.5322e-05
-1.42909e-05
1.9421e-05
-1.09837e-05
2.42222e-05
-7.37523e-06
2.98909e-05
-4.03111e-06
3.66164e-05
-1.71162e-06
4.42084e-05
-8.7383e-07
5.25768e-05
-2.39876e-06
6.15191e-05
-6.69673e-06
7.06482e-05
-1.33072e-05
7.92879e-05
-2.12349e-05
8.70205e-05
-3.03225e-05
-4.05476e-05
9.36894e-05
6.19102e-06
-3.61393e-05
9.04543e-06
-1.77945e-05
9.69242e-06
-2.35893e-05
9.97309e-06
-2.48696e-05
9.34341e-06
-2.35135e-05
7.68832e-06
-2.11617e-05
6.27313e-06
-1.98474e-05
4.63751e-06
-2.02703e-05
5.07453e-06
-2.08486e-05
6.73393e-06
-2.04192e-05
9.45122e-06
-1.95602e-05
1.32497e-05
-1.80894e-05
1.85743e-05
-1.63084e-05
2.5004e-05
-1.3805e-05
3.24142e-05
-1.14414e-05
4.06848e-05
-9.98223e-06
4.94836e-05
-9.67266e-06
5.86453e-05
-1.15605e-05
6.77146e-05
-1.5766e-05
7.64758e-05
-2.20684e-05
8.47864e-05
-2.95455e-05
9.25195e-05
-3.80556e-05
-4.76748e-05
9.96467e-05
2.71622e-06
-3.8856e-05
1.09296e-05
-2.60083e-05
1.39966e-05
-2.66566e-05
1.56095e-05
-2.64828e-05
1.70439e-05
-2.49482e-05
1.85551e-05
-2.26731e-05
2.01304e-05
-2.1423e-05
2.10658e-05
-2.1206e-05
2.16092e-05
-2.13922e-05
2.18806e-05
-2.06909e-05
2.14468e-05
-1.91267e-05
2.04363e-05
-1.70794e-05
1.90266e-05
-1.4899e-05
2.26643e-05
-1.74429e-05
3.0502e-05
-1.92793e-05
4.03005e-05
-1.97811e-05
5.29145e-05
-2.2287e-05
6.71748e-05
-2.5821e-05
7.66055e-05
-2.51968e-05
8.38405e-05
-2.93034e-05
9.14052e-05
-3.71101e-05
9.97759e-05
-4.64264e-05
-5.64461e-05
0.000108547
2.62544e-06
-4.14817e-05
9.83251e-06
-3.32157e-05
1.44175e-05
-3.12418e-05
1.76875e-05
-2.97527e-05
2.06725e-05
-2.79331e-05
2.39622e-05
-2.59627e-05
2.69072e-05
-2.43681e-05
2.93719e-05
-2.36707e-05
3.10263e-05
-2.30468e-05
3.22489e-05
-2.19137e-05
3.34311e-05
-2.0309e-05
3.48809e-05
-1.85295e-05
3.85292e-05
-1.85476e-05
4.29773e-05
-2.18914e-05
4.92695e-05
-2.55721e-05
5.78298e-05
-2.83422e-05
6.72874e-05
-3.17455e-05
7.63759e-05
-3.49102e-05
8.10297e-05
-2.98506e-05
9.05867e-05
-3.88603e-05
0.00010013
-4.66535e-05
0.000109201
-5.54972e-05
-6.54217e-05
0.000118176
2.86383e-06
-4.43461e-05
8.53783e-06
-3.88901e-05
1.32848e-05
-3.5989e-05
1.73258e-05
-3.37937e-05
2.11382e-05
-3.17455e-05
2.49865e-05
-2.98108e-05
2.88241e-05
-2.82055e-05
3.21889e-05
-2.70354e-05
3.5119e-05
-2.59768e-05
3.79846e-05
-2.47791e-05
4.12401e-05
-2.35643e-05
4.54987e-05
-2.2788e-05
5.05178e-05
-2.35667e-05
5.5383e-05
-2.67567e-05
6.01511e-05
-3.03403e-05
6.52928e-05
-3.34839e-05
6.9989e-05
-3.64419e-05
7.34382e-05
-3.83597e-05
8.31053e-05
-3.95177e-05
9.0648e-05
-4.64028e-05
9.82077e-05
-5.42134e-05
0.000104103
-6.13924e-05
-6.76993e-05
0.00010638
2.70986e-06
-4.70562e-05
7.17459e-06
-4.33551e-05
1.1523e-05
-4.03376e-05
1.56444e-05
-3.79152e-05
1.9695e-05
-3.57962e-05
2.37877e-05
-3.39034e-05
2.78684e-05
-3.22861e-05
3.18038e-05
-3.09708e-05
3.56557e-05
-2.98285e-05
3.96742e-05
-2.87975e-05
4.41382e-05
-2.80281e-05
4.9242e-05
-2.78916e-05
5.46727e-05
-2.89972e-05
5.94785e-05
-3.15623e-05
6.37513e-05
-3.46129e-05
6.78463e-05
-3.75786e-05
7.18214e-05
-4.04166e-05
7.64352e-05
-4.29732e-05
8.29302e-05
-4.60126e-05
8.8623e-05
-5.20954e-05
9.27326e-05
-5.83228e-05
9.51634e-05
-6.38231e-05
-6.7915e-05
9.53783e-05
2.30696e-06
-4.93639e-05
5.84606e-06
-4.68947e-05
9.62675e-06
-4.41186e-05
1.34709e-05
-4.17595e-05
1.73913e-05
-3.97167e-05
2.14181e-05
-3.79302e-05
2.55324e-05
-3.64003e-05
2.96932e-05
-3.51316e-05
3.39533e-05
-3.40886e-05
3.84441e-05
-3.32882e-05
4.32815e-05
-3.28653e-05
4.84564e-05
-3.30663e-05
5.36404e-05
-3.41809e-05
5.83279e-05
-3.62496e-05
6.25179e-05
-3.88025e-05
6.64353e-05
-4.14956e-05
7.02667e-05
-4.42474e-05
7.44001e-05
-4.71061e-05
7.89787e-05
-5.05907e-05
8.22159e-05
-5.53319e-05
8.39193e-05
-6.00257e-05
8.39643e-05
-6.3868e-05
-6.6091e-05
8.21399e-05
1.83124e-06
-5.11953e-05
4.62985e-06
-4.96936e-05
7.82136e-06
-4.73104e-05
1.12366e-05
-4.51749e-05
1.48346e-05
-4.33148e-05
1.8608e-05
-4.17038e-05
2.25438e-05
-4.03361e-05
2.66279e-05
-3.92158e-05
3.08856e-05
-3.83462e-05
3.5365e-05
-3.77675e-05
4.00815e-05
-3.75817e-05
4.49535e-05
-3.79382e-05
4.97466e-05
-3.89737e-05
5.41753e-05
-4.0678e-05
5.81919e-05
-4.28188e-05
6.18917e-05
-4.51949e-05
6.53771e-05
-4.77324e-05
6.87325e-05
-5.04611e-05
7.1706e-05
-5.35636e-05
7.35077e-05
-5.7133e-05
7.39214e-05
-6.0439e-05
7.28897e-05
-6.28355e-05
-6.37307e-05
7.05289e-05
1.36663e-06
-5.25625e-05
3.54711e-06
-5.18744e-05
6.17372e-06
-4.99373e-05
9.10339e-06
-4.81047e-05
1.22791e-05
-4.64907e-05
1.56763e-05
-4.5101e-05
1.9278e-05
-4.39379e-05
2.30717e-05
-4.30095e-05
2.7058e-05
-4.23324e-05
3.12369e-05
-4.19465e-05
3.55771e-05
-4.19218e-05
3.9984e-05
-4.23449e-05
4.42893e-05
-4.32789e-05
4.83135e-05
-4.47021e-05
5.1984e-05
-4.64891e-05
5.53046e-05
-4.85151e-05
5.82808e-05
-5.07083e-05
6.08649e-05
-5.30448e-05
6.28348e-05
-5.55332e-05
6.37722e-05
-5.80697e-05
6.35295e-05
-6.01957e-05
6.21201e-05
-6.14261e-05
-6.13218e-05
5.97111e-05
9.44256e-07
-5.35068e-05
2.59176e-06
-5.35221e-05
4.68991e-06
-5.20355e-05
7.1213e-06
-5.05363e-05
9.8276e-06
-4.91971e-05
1.27767e-05
-4.80502e-05
1.59463e-05
-4.71076e-05
1.93182e-05
-4.63814e-05
2.28762e-05
-4.58903e-05
2.65957e-05
-4.56659e-05
3.04268e-05
-4.57529e-05
3.42804e-05
-4.61984e-05
3.80299e-05
-4.70282e-05
4.15459e-05
-4.82179e-05
4.47467e-05
-4.96896e-05
4.75865e-05
-5.13548e-05
5.00181e-05
-5.31396e-05
5.19561e-05
-5.49825e-05
5.32336e-05
-5.68104e-05
5.36279e-05
-5.84636e-05
5.30503e-05
-5.96177e-05
5.15353e-05
-5.99105e-05
-5.90023e-05
4.92155e-05
5.69283e-07
-5.40764e-05
1.74911e-06
-5.47021e-05
3.35823e-06
-5.36448e-05
5.30106e-06
-5.24792e-05
7.52344e-06
-5.14195e-05
9.99073e-06
-5.05175e-05
1.26766e-05
-4.97935e-05
1.5557e-05
-4.92618e-05
1.86055e-05
-4.89389e-05
2.17863e-05
-4.88467e-05
2.50446e-05
-4.90111e-05
2.83006e-05
-4.94543e-05
3.14541e-05
-5.01814e-05
3.44026e-05
-5.11663e-05
3.7064e-05
-5.23509e-05
3.93726e-05
-5.36632e-05
4.12616e-05
-5.50284e-05
4.26447e-05
-5.63653e-05
4.34045e-05
-5.75699e-05
4.34191e-05
-5.84779e-05
4.26437e-05
-5.88419e-05
4.11143e-05
-5.83813e-05
-5.68157e-05
3.89275e-05
2.33212e-07
-5.43096e-05
1.00289e-06
-5.54718e-05
2.16356e-06
-5.48055e-05
3.6402e-06
-5.39559e-05
5.3852e-06
-5.31645e-05
7.36404e-06
-5.24964e-05
9.54799e-06
-5.19774e-05
1.19091e-05
-5.16229e-05
1.44158e-05
-5.14456e-05
1.7028e-05
-5.14588e-05
1.96916e-05
-5.16746e-05
2.23366e-05
-5.20991e-05
2.488e-05
-5.27248e-05
2.7237e-05
-5.35231e-05
2.93305e-05
-5.44442e-05
3.10915e-05
-5.54241e-05
3.24521e-05
-5.63888e-05
3.33383e-05
-5.72513e-05
3.36699e-05
-5.79014e-05
3.33807e-05
-5.81884e-05
3.24527e-05
-5.79139e-05
3.09228e-05
-5.6851e-05
-5.4762e-05
2.88686e-05
-6.2923e-08
-5.42469e-05
3.43026e-07
-5.58778e-05
1.09257e-06
-5.55551e-05
2.1325e-06
-5.49958e-05
3.42032e-06
-5.44524e-05
4.9226e-06
-5.39987e-05
6.60977e-06
-5.36646e-05
8.45194e-06
-5.3465e-05
1.04155e-05
-5.34091e-05
1.24597e-05
-5.35029e-05
1.45339e-05
-5.37486e-05
1.65764e-05
-5.41415e-05
1.85175e-05
-5.46658e-05
2.02852e-05
-5.52906e-05
2.18107e-05
-5.59696e-05
2.30301e-05
-5.66435e-05
2.38827e-05
-5.72413e-05
2.43099e-05
-5.76783e-05
2.42587e-05
-5.785e-05
2.36943e-05
-5.76238e-05
2.26176e-05
-5.6837e-05
2.1068e-05
-5.53018e-05
-5.28099e-05
1.91157e-05
-3.11986e-07
-5.39346e-05
-2.44942e-07
-5.59448e-05
1.34283e-07
-5.59343e-05
7.71894e-07
-5.56334e-05
1.63141e-06
-5.53118e-05
2.68147e-06
-5.50487e-05
3.89268e-06
-5.48757e-05
5.23469e-06
-5.4807e-05
6.67374e-06
-5.48481e-05
8.17047e-06
-5.49996e-05
9.67832e-06
-5.52564e-05
1.11433e-05
-5.56065e-05
1.25062e-05
-5.60285e-05
1.37056e-05
-5.64899e-05
1.46823e-05
-5.69461e-05
1.53809e-05
-5.7342e-05
1.57509e-05
-5.76112e-05
1.57481e-05
-5.76755e-05
1.53389e-05
-5.74406e-05
1.45085e-05
-5.67933e-05
1.32701e-05
-5.55987e-05
1.16688e-05
-5.37002e-05
-5.09182e-05
9.77665e-06
-5.3958e-07
-5.33952e-05
-7.63508e-07
-5.57208e-05
-7.18166e-07
-5.59796e-05
-4.46478e-07
-5.59051e-05
1.91124e-08
-5.57774e-05
6.49479e-07
-5.5679e-05
1.41592e-06
-5.56421e-05
2.28858e-06
-5.56796e-05
3.23473e-06
-5.57942e-05
4.21739e-06
-5.59822e-05
5.19436e-06
-5.62333e-05
6.11848e-06
-5.65305e-05
6.93909e-06
-5.6849e-05
7.60449e-06
-5.71552e-05
8.06474e-06
-5.74063e-05
8.27379e-06
-5.75509e-05
8.19145e-06
-5.75288e-05
7.78595e-06
-5.72699e-05
7.03754e-06
-5.66922e-05
5.94443e-06
-5.57001e-05
4.52912e-06
-5.41833e-05
2.84106e-06
-5.20127e-05
-4.90363e-05
9.58987e-07
-7.40616e-07
-5.26543e-05
-1.22023e-06
-5.52411e-05
-1.47012e-06
-5.57296e-05
-1.52563e-06
-5.58495e-05
-1.41582e-06
-5.58872e-05
-1.16778e-06
-5.5927e-05
-8.08666e-07
-5.60012e-05
-3.67031e-07
-5.61212e-05
1.26167e-07
-5.62874e-05
6.36609e-07
-5.64926e-05
1.12632e-06
-5.67229e-05
1.55421e-06
-5.69583e-05
1.87714e-06
-5.71718e-05
2.05183e-06
-5.73298e-05
2.03699e-06
-5.73914e-05
1.79545e-06
-5.73093e-05
1.29628e-06
-5.70296e-05
5.17463e-07
-5.6491e-05
-5.50279e-07
-5.56244e-05
-1.899e-06
-5.43514e-05
-3.50013e-06
-5.25824e-05
-5.29955e-06
-5.02131e-05
-4.71222e-05
-7.21421e-06
-9.14444e-07
-5.17399e-05
-1.61666e-06
-5.45388e-05
-2.12497e-06
-5.52212e-05
-2.46896e-06
-5.55054e-05
-2.67491e-06
-5.56811e-05
-2.7681e-06
-5.58338e-05
-2.77419e-06
-5.5995e-05
-2.72016e-06
-5.61751e-05
-2.63496e-06
-5.63725e-05
-2.54995e-06
-5.65775e-05
-2.49883e-06
-5.6774e-05
-2.51725e-06
-5.69398e-05
-2.64179e-06
-5.70472e-05
-2.90839e-06
-5.70631e-05
-3.35057e-06
-5.69491e-05
-3.99747e-06
-5.66623e-05
-4.87175e-06
-5.61552e-05
-5.98706e-06
-5.53757e-05
-7.34495e-06
-5.42665e-05
-8.93187e-06
-5.27645e-05
-1.07151e-05
-5.07991e-05
-1.26397e-05
-4.8289e-05
-4.51378e-05
-1.46243e-05
-1.05998e-06
-5.06796e-05
-1.95207e-06
-5.36466e-05
-2.68282e-06
-5.44904e-05
-3.27711e-06
-5.49111e-05
-3.7588e-06
-5.51994e-05
-4.15144e-06
-5.54411e-05
-4.47911e-06
-5.56673e-05
-4.767e-06
-5.58872e-05
-5.04186e-06
-5.60976e-05
-5.33207e-06
-5.62872e-05
-5.66743e-06
-5.64386e-05
-6.07868e-06
-5.65285e-05
-6.59655e-06
-5.65293e-05
-7.25045e-06
-5.64091e-05
-8.06696e-06
-5.61325e-05
-9.06817e-06
-5.56611e-05
-1.02698e-05
-5.49536e-05
-1.1679e-05
-5.39664e-05
-1.32923e-05
-5.26532e-05
-1.50923e-05
-5.09645e-05
-1.70458e-05
-4.88458e-05
-1.90993e-05
-4.62354e-05
-4.30616e-05
-2.11757e-05
-1.1765e-06
-4.95032e-05
-2.22548e-06
-5.25975e-05
-3.14309e-06
-5.35727e-05
-3.94998e-06
-5.41041e-05
-4.66767e-06
-5.44816e-05
-5.31791e-06
-5.47908e-05
-5.92304e-06
-5.50621e-05
-6.50637e-06
-5.53038e-05
-7.09235e-06
-5.55115e-05
-7.70645e-06
-5.56731e-05
-8.37486e-06
-5.57701e-05
-9.12385e-06
-5.57794e-05
-9.97895e-06
-5.56741e-05
-1.09638e-05
-5.54242e-05
-1.2099e-05
-5.49973e-05
-1.34006e-05
-5.43594e-05
-1.48787e-05
-5.34755e-05
-1.65357e-05
-5.23095e-05
-1.83644e-05
-5.08245e-05
-2.03464e-05
-4.89824e-05
-2.24492e-05
-4.67431e-05
-2.46235e-05
-4.40613e-05
-4.08838e-05
-2.68015e-05
-1.26324e-06
-4.82397e-05
-2.43623e-06
-5.14244e-05
-3.50562e-06
-5.25032e-05
-4.48801e-06
-5.31216e-05
-5.40254e-06
-5.3567e-05
-6.269e-06
-5.39242e-05
-7.10787e-06
-5.42232e-05
-7.94046e-06
-5.44711e-05
-8.7889e-06
-5.4663e-05
-9.6759e-06
-5.4786e-05
-1.06242e-05
-5.48217e-05
-1.16562e-05
-5.47474e-05
-1.27927e-05
-5.45376e-05
-1.40524e-05
-5.41645e-05
-1.54506e-05
-5.3599e-05
-1.69985e-05
-5.28115e-05
-1.87015e-05
-5.17725e-05
-2.05586e-05
-5.04524e-05
-2.25606e-05
-4.88226e-05
-2.46886e-05
-4.68545e-05
-2.69129e-05
-4.45189e-05
-2.91901e-05
-4.17842e-05
-3.86139e-05
-3.14602e-05
-1.32029e-06
-4.69194e-05
-2.58472e-06
-5.01599e-05
-3.7714e-06
-5.13164e-05
-4.89298e-06
-5.2e-05
-5.96608e-06
-5.24939e-05
-7.00834e-06
-5.28819e-05
-8.03824e-06
-5.31933e-05
-9.07505e-06
-5.34343e-05
-1.01386e-05
-5.35994e-05
-1.1249e-05
-5.36756e-05
-1.2426e-05
-5.36447e-05
-1.3688e-05
-5.34853e-05
-1.50521e-05
-5.31734e-05
-1.65326e-05
-5.2684e-05
-1.81403e-05
-5.19912e-05
-1.98821e-05
-5.10697e-05
-2.17601e-05
-4.98945e-05
-2.37704e-05
-4.84422e-05
-2.59025e-05
-4.66904e-05
-2.81388e-05
-4.46182e-05
-3.04521e-05
-4.22057e-05
-3.28052e-05
-3.94314e-05
-3.62703e-05
-3.5149e-05
-1.34808e-06
-4.5571e-05
-2.67232e-06
-4.88355e-05
-3.94286e-06
-5.00458e-05
-5.16844e-06
-5.07743e-05
-6.363e-06
-5.12992e-05
-7.54195e-06
-5.17029e-05
-8.72171e-06
-5.20135e-05
-9.91948e-06
-5.22365e-05
-1.11529e-05
-5.23659e-05
-1.24397e-05
-5.23888e-05
-1.37966e-05
-5.22878e-05
-1.5239e-05
-5.20428e-05
-1.67803e-05
-5.16321e-05
-1.84309e-05
-5.10333e-05
-2.01981e-05
-5.0224e-05
-2.20852e-05
-4.91825e-05
-2.40913e-05
-4.78884e-05
-2.62105e-05
-4.6323e-05
-2.84319e-05
-4.44691e-05
-3.07383e-05
-4.23119e-05
-3.31065e-05
-3.98376e-05
-3.55052e-05
-3.70328e-05
-3.38822e-05
-3.78935e-05
-1.34808e-06
-4.42229e-05
-2.70183e-06
-4.74817e-05
-4.02409e-06
-4.87234e-05
-5.31982e-06
-4.94785e-05
-6.60019e-06
-5.00188e-05
-7.87833e-06
-5.04247e-05
-9.16861e-06
-5.07231e-05
-1.04863e-05
-5.09188e-05
-1.18469e-05
-5.10052e-05
-1.3266e-05
-5.09697e-05
-1.47576e-05
-5.07961e-05
-1.63345e-05
-5.04659e-05
-1.80067e-05
-4.99599e-05
-1.97815e-05
-4.92585e-05
-2.16629e-05
-4.83426e-05
-2.36513e-05
-4.71942e-05
-2.57432e-05
-4.57966e-05
-2.79312e-05
-4.4135e-05
-3.02038e-05
-4.21966e-05
-3.25452e-05
-3.99705e-05
-3.49349e-05
-3.74481e-05
-3.7347e-05
-3.46208e-05
-3.14792e-05
-3.97502e-05
-1.32206e-06
-4.29006e-05
-2.67713e-06
-4.61265e-05
-4.02078e-06
-4.73797e-05
-5.35443e-06
-4.81448e-05
-6.68661e-06
-4.86866e-05
-8.02823e-06
-4.90831e-05
-9.39176e-06
-4.93596e-05
-1.07907e-05
-4.95198e-05
-1.22387e-05
-4.95571e-05
-1.37493e-05
-4.94591e-05
-1.53343e-05
-4.9211e-05
-1.70039e-05
-4.87963e-05
-1.87655e-05
-4.81983e-05
-2.06234e-05
-4.74005e-05
-2.2579e-05
-4.6387e-05
-2.46299e-05
-4.51432e-05
-2.67707e-05
-4.36558e-05
-2.89926e-05
-4.19132e-05
-3.12835e-05
-3.99057e-05
-3.36284e-05
-3.76256e-05
-3.60095e-05
-3.50672e-05
-3.84055e-05
-3.2225e-05
-2.90937e-05
-4.07911e-05
-1.27267e-06
-4.1628e-05
-2.60336e-06
-4.47957e-05
-3.94015e-06
-4.60428e-05
-5.28135e-06
-4.68036e-05
-6.63309e-06
-4.73348e-05
-8.00439e-06
-4.77117e-05
-9.40608e-06
-4.79578e-05
-1.08501e-05
-4.80757e-05
-1.23488e-05
-4.80584e-05
-1.39135e-05
-4.78944e-05
-1.55544e-05
-4.75701e-05
-1.72793e-05
-4.70714e-05
-1.90933e-05
-4.63843e-05
-2.09983e-05
-4.54954e-05
-2.29933e-05
-4.43921e-05
-2.50737e-05
-4.30628e-05
-2.72323e-05
-4.14973e-05
-2.94587e-05
-3.96868e-05
-3.17404e-05
-3.7624e-05
-3.40628e-05
-3.53033e-05
-3.64095e-05
-3.27206e-05
-3.87628e-05
-2.98718e-05
-2.67528e-05
-4.11039e-05
-1.20272e-06
-4.0425e-05
-2.48666e-06
-4.35117e-05
-3.79087e-06
-4.47386e-05
-5.11125e-06
-4.54831e-05
-6.45217e-06
-4.59938e-05
-7.82125e-06
-4.63426e-05
-9.22818e-06
-4.65509e-05
-1.06838e-05
-4.66201e-05
-1.2199e-05
-4.65432e-05
-1.37838e-05
-4.63095e-05
-1.54467e-05
-4.59072e-05
-1.71935e-05
-4.53245e-05
-1.90274e-05
-4.45504e-05
-2.09482e-05
-4.35745e-05
-2.29529e-05
-4.23874e-05
-2.50352e-05
-4.09805e-05
-2.71859e-05
-3.93466e-05
-2.93935e-05
-3.74792e-05
-3.16444e-05
-3.53732e-05
-3.39237e-05
-3.30241e-05
-3.6216e-05
-3.04284e-05
-3.8506e-05
-2.75821e-05
-2.4481e-05
-4.07779e-05
-1.11589e-06
-3.93091e-05
-2.33449e-06
-4.2293e-05
-3.58305e-06
-4.34899e-05
-4.85631e-06
-4.42098e-05
-6.15784e-06
-4.46923e-05
-7.49471e-06
-4.50057e-05
-8.87606e-06
-4.51695e-05
-1.0312e-05
-4.51841e-05
-1.18125e-05
-4.50427e-05
-1.33863e-05
-4.47356e-05
-1.50404e-05
-4.4253e-05
-1.67792e-05
-4.35857e-05
-1.86041e-05
-4.27255e-05
-2.05135e-05
-4.16651e-05
-2.25027e-05
-4.03982e-05
-2.45639e-05
-3.89193e-05
-2.66865e-05
-3.7224e-05
-2.88574e-05
-3.53083e-05
-3.10617e-05
-3.31688e-05
-3.32838e-05
-3.08021e-05
-3.55075e-05
-2.82048e-05
-3.77185e-05
-2.53712e-05
-2.2295e-05
-3.99046e-05
-1.01655e-06
-3.82923e-05
-2.15565e-06
-4.11537e-05
-3.3283e-06
-4.23172e-05
-4.5301e-06
-4.30079e-05
-5.76544e-06
-4.34569e-05
-7.04194e-06
-4.37291e-05
-8.36893e-06
-4.38424e-05
-9.75623e-06
-4.37968e-05
-1.12131e-05
-4.35858e-05
-1.27473e-05
-4.32013e-05
-1.43645e-05
-4.26357e-05
-1.60679e-05
-4.18823e-05
-1.78578e-05
-4.09356e-05
-1.97314e-05
-3.97914e-05
-2.16831e-05
-3.84465e-05
-2.37041e-05
-3.68984e-05
-2.57825e-05
-3.51455e-05
-2.79041e-05
-3.31868e-05
-3.00521e-05
-3.10209e-05
-3.22086e-05
-2.86456e-05
-3.43563e-05
-2.60571e-05
-3.64799e-05
-2.32478e-05
-2.02072e-05
-3.85677e-05
-9.11154e-07
-3.7381e-05
-1.96118e-06
-4.01035e-05
-3.04002e-06
-4.12382e-05
-4.14757e-06
-4.19003e-05
-5.29144e-06
-4.23129e-05
-6.48121e-06
-4.25393e-05
-7.72711e-06
-4.25965e-05
-9.03898e-06
-4.24849e-05
-1.04255e-05
-4.21992e-05
-1.18934e-05
-4.17333e-05
-1.34474e-05
-4.10816e-05
-1.50897e-05
-4.02399e-05
-1.68199e-05
-3.92054e-05
-1.86349e-05
-3.79764e-05
-2.05288e-05
-3.65525e-05
-2.24926e-05
-3.49346e-05
-2.4514e-05
-3.31241e-05
-2.65775e-05
-3.11233e-05
-2.86644e-05
-2.8934e-05
-3.0754e-05
-2.6556e-05
-3.28252e-05
-2.3986e-05
-3.48597e-05
-2.12133e-05
-1.82214e-05
-3.68456e-05
-8.08864e-07
-3.65719e-05
-1.76497e-06
-3.91473e-05
-2.73354e-06
-4.02695e-05
-3.72485e-06
-4.09089e-05
-4.75323e-06
-4.12844e-05
-5.83177e-06
-4.14607e-05
-6.97204e-06
-4.14561e-05
-8.18388e-06
-4.1273e-05
-9.47514e-06
-4.09079e-05
-1.08516e-05
-4.03568e-05
-1.2317e-05
-3.96162e-05
-1.38729e-05
-3.8684e-05
-1.55188e-05
-3.75594e-05
-1.72522e-05
-3.6243e-05
-1.90677e-05
-3.47369e-05
-2.09573e-05
-3.30449e-05
-2.29095e-05
-3.1172e-05
-2.49083e-05
-2.91244e-05
-2.69337e-05
-2.69086e-05
-2.89609e-05
-2.45288e-05
-3.09634e-05
-2.19835e-05
-3.29163e-05
-1.92605e-05
-1.63343e-05
-3.48034e-05
-7.24004e-07
-3.58477e-05
-1.5853e-06
-3.82858e-05
-2.42638e-06
-3.94283e-05
-3.27884e-06
-4.00563e-05
-4.16861e-06
-4.03946e-05
-5.11354e-06
-4.05157e-05
-6.12626e-06
-4.04433e-05
-7.21592e-06
-4.01832e-05
-8.38899e-06
-3.97348e-05
-9.64989e-06
-3.90958e-05
-1.10014e-05
-3.82646e-05
-1.24449e-05
-3.72404e-05
-1.39804e-05
-3.60238e-05
-1.56066e-05
-3.46167e-05
-1.73204e-05
-3.30231e-05
-1.9116e-05
-3.12492e-05
-2.09843e-05
-2.93036e-05
-2.29112e-05
-2.71975e-05
-2.48761e-05
-2.49437e-05
-2.68511e-05
-2.25538e-05
-2.88013e-05
-2.00333e-05
-3.06906e-05
-1.73712e-05
-1.4532e-05
-3.24929e-05
-6.86019e-07
-3.51614e-05
-1.44807e-06
-3.75235e-05
-2.13805e-06
-3.87381e-05
-2.82609e-06
-3.93681e-05
-3.5549e-06
-3.96657e-05
-4.34668e-06
-3.97238e-05
-5.21334e-06
-3.95766e-05
-6.16163e-06
-3.92349e-05
-7.19554e-06
-3.87008e-05
-8.3176e-06
-3.79737e-05
-9.52961e-06
-3.70526e-05
-1.0833e-05
-3.5937e-05
-1.2229e-05
-3.46277e-05
-1.37184e-05
-3.31272e-05
-1.53013e-05
-3.14401e-05
-1.69765e-05
-2.9574e-05
-1.87395e-05
-2.75405e-05
-2.05812e-05
-2.53558e-05
-2.2484e-05
-2.30408e-05
-2.44189e-05
-2.06189e-05
-2.63422e-05
-1.81099e-05
-2.81998e-05
-1.55137e-05
-1.27874e-05
-2.99442e-05
-7.67519e-07
-3.43937e-05
-1.38862e-06
-3.69023e-05
-1.88682e-06
-3.82398e-05
-2.37979e-06
-3.8875e-05
-2.92708e-06
-3.91183e-05
-3.55071e-06
-3.91001e-05
-4.25749e-06
-3.88697e-05
-5.04891e-06
-3.84434e-05
-5.925e-06
-3.78246e-05
-6.88585e-06
-3.70128e-05
-7.93224e-06
-3.60061e-05
-9.06587e-06
-3.48033e-05
-1.02894e-05
-3.34041e-05
-1.16066e-05
-3.181e-05
-1.30216e-05
-3.0025e-05
-1.45391e-05
-2.80565e-05
-1.61625e-05
-2.59171e-05
-1.78918e-05
-2.36264e-05
-1.97192e-05
-2.12134e-05
-2.16212e-05
-1.87169e-05
-2.35495e-05
-1.61816e-05
-2.54255e-05
-1.36377e-05
-1.10536e-05
-2.71594e-05
-1.10164e-06
-3.32919e-05
-1.44396e-06
-3.65598e-05
-1.68162e-06
-3.8002e-05
-1.94468e-06
-3.86119e-05
-2.29541e-06
-3.87675e-05
-2.74355e-06
-3.86519e-05
-3.28302e-06
-3.83302e-05
-3.90649e-06
-3.78198e-05
-4.60878e-06
-3.71223e-05
-5.3873e-06
-3.62342e-05
-6.24186e-06
-3.51515e-05
-7.17451e-06
-3.38706e-05
-8.18937e-06
-3.23892e-05
-9.29273e-06
-3.07066e-05
-1.04932e-05
-2.88246e-05
-1.18017e-05
-2.6748e-05
-1.32316e-05
-2.44872e-05
-1.47968e-05
-2.20611e-05
-1.65081e-05
-1.95021e-05
-1.83623e-05
-1.68627e-05
-2.03226e-05
-1.42213e-05
-2.22892e-05
-1.16711e-05
-9.24586e-06
-2.40969e-05
-1.7999e-06
-3.14918e-05
-1.62926e-06
-3.67303e-05
-1.51016e-06
-3.8121e-05
-1.51081e-06
-3.86111e-05
-1.66403e-06
-3.86142e-05
-1.94129e-06
-3.83745e-05
-2.31372e-06
-3.79577e-05
-2.76281e-06
-3.73707e-05
-3.27823e-06
-3.66068e-05
-3.85523e-06
-3.56571e-05
-4.49294e-06
-3.45137e-05
-5.19353e-06
-3.31699e-05
-5.96189e-06
-3.16208e-05
-6.80575e-06
-2.98627e-05
-7.73635e-06
-2.78939e-05
-8.76952e-06
-2.57147e-05
-9.9273e-06
-2.33294e-05
-1.12395e-05
-2.07489e-05
-1.27436e-05
-1.79979e-05
-1.44785e-05
-1.51277e-05
-1.64586e-05
-1.22412e-05
-1.86036e-05
-9.52593e-06
-7.21486e-06
-2.06346e-05
-2.8058e-06
-2.86859e-05
-1.94946e-06
-3.75865e-05
-1.29887e-06
-3.87715e-05
-1.04125e-06
-3.88687e-05
-1.03117e-06
-3.86242e-05
-1.15923e-06
-3.82464e-05
-1.37252e-06
-3.77443e-05
-1.64488e-06
-3.70983e-05
-1.96349e-06
-3.62881e-05
-2.32292e-06
-3.52976e-05
-2.72207e-06
-3.41145e-05
-3.16273e-06
-3.27292e-05
-3.64915e-06
-3.11343e-05
-4.18823e-06
-2.93236e-05
-4.79037e-06
-2.72917e-05
-5.47131e-06
-2.50337e-05
-6.25539e-06
-2.25452e-05
-7.18116e-06
-1.98231e-05
-8.30996e-06
-1.68691e-05
-9.73534e-06
-1.37023e-05
-1.15804e-05
-1.0396e-05
-1.39246e-05
-7.18167e-06
-4.67708e-06
-1.64624e-05
-5.40449e-06
-1.90335e-06
-8.06653e-07
-4.78485e-07
-3.93969e-07
-4.11712e-07
-4.79771e-07
-5.75969e-07
-6.91062e-07
-8.21478e-07
-9.66319e-07
-1.1262e-06
-1.30291e-06
-1.49949e-06
-1.72081e-06
-1.97485e-06
-2.27551e-06
-2.64869e-06
-3.1456e-06
-3.86973e-06
-5.02314e-06
-6.97682e-06
-1.03001e-05
3.30109e-05
-3.88556e-06
3.988e-05
-6.86919e-06
5.01248e-05
-1.02448e-05
-1.45929e-05
6.47177e-05
4.96503e-05
-9.51586e-06
5.5623e-05
-1.28419e-05
6.1714e-05
-1.63358e-05
-2.05678e-05
6.76889e-05
6.55269e-05
-1.4107e-05
7.0248e-05
-1.75631e-05
7.49934e-05
-2.10813e-05
-2.48483e-05
7.9274e-05
8.04701e-05
-1.7426e-05
8.36798e-05
-2.07728e-05
8.68339e-05
-2.42355e-05
-2.76179e-05
8.96035e-05
9.02919e-05
-2.03122e-05
9.29443e-05
-2.34252e-05
9.52653e-05
-2.65565e-05
-2.95899e-05
9.72373e-05
9.63607e-05
-2.29835e-05
9.88429e-05
-2.59074e-05
0.000101149
-2.88631e-05
-3.15832e-05
0.000103143
0.000102357
-2.5694e-05
0.000104804
-2.83549e-05
0.000107082
-3.11411e-05
-3.36034e-05
0.000109103
0.000111812
-2.89588e-05
0.000114283
-3.08256e-05
0.000116335
-3.31936e-05
-3.53557e-05
0.000118088
0.000122288
-3.30713e-05
0.000125358
-3.38945e-05
0.000126481
-3.4317e-05
-3.47099e-05
0.000125835
0.00010752
-3.42124e-05
0.000107822
-3.41954e-05
0.000107468
-3.39629e-05
-3.35646e-05
0.000106323
9.37451e-05
-3.25795e-05
9.20123e-05
-3.24625e-05
9.01529e-05
-3.2103e-05
-3.16359e-05
8.82249e-05
8.06806e-05
-3.11202e-05
7.90435e-05
-3.08255e-05
7.72555e-05
-3.03142e-05
-2.96193e-05
7.52395e-05
6.91314e-05
-2.97227e-05
6.75594e-05
-2.92528e-05
6.5813e-05
-2.85675e-05
-2.76657e-05
6.38602e-05
5.8334e-05
-2.83455e-05
5.68052e-05
-2.77243e-05
5.51273e-05
-2.68888e-05
-2.58289e-05
5.32909e-05
4.79057e-05
-2.70355e-05
4.64669e-05
-2.62846e-05
4.49072e-05
-2.53291e-05
-2.41528e-05
4.32316e-05
3.77143e-05
-2.58224e-05
3.63958e-05
-2.49666e-05
3.49863e-05
-2.3919e-05
-2.2664e-05
3.34976e-05
2.77547e-05
-2.47086e-05
2.65642e-05
-2.37755e-05
2.53116e-05
-2.26667e-05
-2.13659e-05
2.40137e-05
1.80888e-05
-2.36818e-05
1.7012e-05
-2.26992e-05
1.59018e-05
-2.15561e-05
-2.0239e-05
1.47748e-05
8.81418e-06
-2.27194e-05
7.82753e-06
-2.1712e-05
6.83004e-06
-2.05589e-05
-1.92478e-05
5.83892e-06
3.59477e-08
-2.17965e-05
-8.94597e-07
-2.07822e-05
-1.81641e-06
-1.9637e-05
-1.83493e-05
-2.71514e-06
-8.12792e-06
-2.0883e-05
-9.03241e-06
-1.98773e-05
-9.91462e-06
-1.87552e-05
-1.75053e-05
-1.07587e-05
-1.5553e-05
-1.99546e-05
-1.64632e-05
-1.89677e-05
-1.73392e-05
-1.78791e-05
-1.66797e-05
-1.81651e-05
-2.21377e-05
-1.89926e-05
-2.30741e-05
-1.8031e-05
-2.397e-05
-1.69835e-05
-1.58415e-05
-2.48083e-05
-2.78057e-05
-1.79886e-05
-2.87819e-05
-1.70553e-05
-2.97153e-05
-1.60501e-05
-1.49673e-05
-3.05897e-05
-3.25074e-05
-1.69417e-05
-3.35267e-05
-1.60357e-05
-3.45053e-05
-1.50718e-05
-1.40449e-05
-3.54279e-05
-3.62325e-05
-1.58583e-05
-3.72913e-05
-1.49773e-05
-3.83136e-05
-1.40496e-05
-1.30722e-05
-3.92865e-05
-3.90016e-05
-1.47503e-05
-4.00886e-05
-1.38903e-05
-4.11449e-05
-1.29934e-05
-1.20575e-05
-4.21597e-05
-4.08681e-05
-1.36324e-05
-4.19689e-05
-1.27898e-05
-4.30449e-05
-1.19176e-05
-1.10151e-05
-4.40875e-05
-4.19036e-05
-1.252e-05
-4.30019e-05
-1.16916e-05
-4.40804e-05
-1.08393e-05
-9.96283e-06
-4.51328e-05
-4.21964e-05
-1.14276e-05
-4.3277e-05
-1.06112e-05
-4.43416e-05
-9.77486e-06
-8.91895e-06
-4.53856e-05
-4.18381e-05
-1.03675e-05
-4.28874e-05
-9.56205e-06
-4.39227e-05
-8.73959e-06
-7.90034e-06
-4.49415e-05
-4.09225e-05
-9.3496e-06
-4.19295e-05
-8.55514e-06
-4.29239e-05
-7.74534e-06
-6.92063e-06
-4.39037e-05
-3.95367e-05
-8.38066e-06
-4.04939e-05
-7.5981e-06
-4.14383e-05
-6.80103e-06
-5.98984e-06
-4.23691e-05
-3.77622e-05
-7.46409e-06
-3.86652e-05
-6.69508e-06
-3.95548e-05
-5.91148e-06
-5.11362e-06
-4.04311e-05
-3.5668e-05
-6.59954e-06
-3.65167e-05
-5.84655e-06
-3.73507e-05
-5.0775e-06
-4.2929e-06
-3.81714e-05
-3.331e-05
-5.7824e-06
-3.41081e-05
-5.04841e-06
-3.48907e-05
-4.29499e-06
-3.5228e-06
-3.56607e-05
-3.07233e-05
-5.00332e-06
-3.14796e-05
-4.29219e-06
-3.22204e-05
-3.5541e-06
-2.79135e-06
-3.29519e-05
-2.7915e-05
-4.24767e-06
-2.86435e-05
-3.56356e-06
-2.93608e-05
-2.8369e-06
-2.07557e-06
-3.00765e-05
-2.48496e-05
-3.49493e-06
-2.55727e-05
-2.84064e-06
-2.63016e-05
-2.10798e-06
-1.32733e-06
-2.70498e-05
-2.14144e-05
-2.71512e-06
-2.21694e-05
-2.08552e-06
-2.30012e-05
-1.27614e-06
-4.33363e-07
-2.38952e-05
-1.73311e-05
-1.84636e-06
-1.81996e-05
-1.2171e-06
-1.94484e-05
-2.72701e-08
8.44234e-07
-2.0726e-05
-1.20156e-05
-1.38903e-05
-1.5711e-05
-1.74886e-05
7.34963e-05
-5.83619e-05
8.47932e-05
-7.02377e-05
9.3852e-05
-7.70148e-05
0.000102578
-8.19065e-05
0.000110351
-8.39522e-05
0.00011704
-8.7084e-05
0.000120011
-8.53424e-05
0.000120524
-7.48654e-05
0.000118935
-5.99241e-05
0.000112772
-4.54402e-05
0.000100737
-2.83542e-05
8.23047e-05
-4.20199e-06
6.30146e-05
3.26533e-05
5.29939e-05
7.89746e-05
4.87304e-05
0.000117294
4.33757e-05
0.00014196
3.45661e-05
0.000153477
2.04022e-05
0.000153753
0.000143292
7.69576e-05
-6.76306e-05
8.53791e-05
-7.86592e-05
9.27533e-05
-8.4389e-05
9.95706e-05
-8.87238e-05
0.000106755
-9.11363e-05
0.000110418
-9.07476e-05
0.000110594
-8.55186e-05
0.000107956
-7.22267e-05
0.000103301
-5.52695e-05
9.48786e-05
-3.70176e-05
8.20849e-05
-1.55604e-05
6.60594e-05
1.18235e-05
5.15889e-05
4.71239e-05
4.34186e-05
8.71448e-05
3.89637e-05
0.000121749
3.45679e-05
0.000146355
2.77711e-05
0.000160274
1.67278e-05
0.000164796
0.00016002
8.46984e-05
-7.3055e-05
8.99621e-05
-8.39228e-05
9.63566e-05
-9.07836e-05
0.000101659
-9.4026e-05
0.000104643
-9.41205e-05
0.000104622
-9.07263e-05
0.000101505
-8.24016e-05
9.66478e-05
-6.73699e-05
9.00687e-05
-4.86904e-05
8.06368e-05
-2.75857e-05
6.83318e-05
-3.25544e-06
5.47633e-05
2.5392e-05
4.31795e-05
5.87078e-05
3.60886e-05
9.42357e-05
3.19666e-05
0.000125871
2.83065e-05
0.000150015
2.28745e-05
0.000165706
1.39061e-05
0.000173765
0.000173926
9.37848e-05
-7.72364e-05
9.77841e-05
-8.79221e-05
0.000101115
-9.41144e-05
0.000103007
-9.59181e-05
0.000102565
-9.36787e-05
9.90954e-05
-8.72567e-05
9.32682e-05
-7.65743e-05
8.6262e-05
-6.03636e-05
7.79121e-05
-4.03404e-05
6.77757e-05
-1.74492e-05
5.62283e-05
8.29203e-06
4.4725e-05
3.68953e-05
3.52678e-05
6.8165e-05
2.92626e-05
0.000100241
2.57885e-05
0.000129345
2.29488e-05
0.000152855
1.87752e-05
0.00016988
1.16059e-05
0.000180934
0.000185532
0.000100825
-8.08239e-05
0.000103367
-9.04641e-05
0.000104721
-9.54688e-05
0.000104302
-9.54995e-05
0.0001011
-9.04763e-05
9.47822e-05
-8.0939e-05
8.5633e-05
-6.74251e-05
7.4562e-05
-4.92927e-05
6.36595e-05
-2.94378e-05
5.32438e-05
-7.03354e-06
4.28959e-05
1.864e-05
3.34331e-05
4.63581e-05
2.60412e-05
7.55569e-05
2.14856e-05
0.000104796
1.91075e-05
0.000131723
1.74104e-05
0.000154552
1.469e-05
0.0001726
9.38711e-06
0.000186237
0.000194919
0.000106346
-8.40273e-05
0.000108217
-9.23348e-05
0.000108578
-9.58307e-05
0.00010693
-9.38511e-05
0.000101344
-8.48904e-05
9.12747e-05
-7.08695e-05
7.65449e-05
-5.26953e-05
5.74856e-05
-3.02334e-05
4.30686e-05
-1.50207e-05
3.38441e-05
2.19096e-06
2.61817e-05
2.63025e-05
1.94612e-05
5.30786e-05
1.45022e-05
8.05159e-05
1.18774e-05
0.000107421
1.11134e-05
0.000132487
1.10113e-05
0.000154654
1.01067e-05
0.000173505
6.93934e-06
0.000189404
0.000201858
0.000112004
-8.69283e-05
0.000113334
-9.36649e-05
0.000112856
-9.53529e-05
0.000109602
-9.05967e-05
0.000100729
-7.60183e-05
8.52129e-05
-5.53533e-05
5.98994e-05
-2.73823e-05
2.98242e-05
-1.58489e-07
1.36589e-05
1.14451e-06
9.3689e-06
6.48097e-06
6.32172e-06
2.93497e-05
3.0004e-06
5.64e-05
6.5537e-07
8.2861e-05
2.49472e-07
0.000107827
1.50417e-06
0.000131232
3.42447e-06
0.000152734
4.75331e-06
0.000172176
4.10564e-06
0.000190052
0.000205964
0.000118491
-8.73313e-05
0.000117596
-9.27695e-05
0.00011419
-9.19473e-05
0.00010132
-7.77278e-05
8.55405e-05
-6.02397e-05
6.78162e-05
-3.76306e-05
4.02718e-05
1.6054e-07
1.19354e-05
2.8177e-05
-4.77464e-06
1.78541e-05
-1.25547e-05
1.42611e-05
-1.3113e-05
2.99079e-05
-1.41894e-05
5.74763e-05
-1.45339e-05
8.32056e-05
-1.29285e-05
0.000106222
-9.56893e-06
0.000127873
-5.39649e-06
0.000148562
-1.56829e-06
0.000168348
8.94403e-07
0.000187589
0.000206859
0.000122157
-8.36529e-05
0.000113698
-8.43104e-05
0.000101517
-7.97669e-05
8.46067e-05
-6.08192e-05
6.58648e-05
-4.14992e-05
4.4391e-05
-1.61582e-05
2.86343e-05
1.59163e-05
1.58712e-05
4.09394e-05
-7.87383e-06
4.15998e-05
-2.43714e-05
3.0759e-05
-3.11768e-05
3.67129e-05
-3.09039e-05
5.72034e-05
-2.99875e-05
8.22892e-05
-2.68687e-05
0.000103103
-2.1614e-05
0.000122618
-1.51686e-05
0.000142116
-8.60127e-06
0.00016178
-3.06249e-06
0.00018205
0.000203796
0.000100098
-7.7427e-05
9.07718e-05
-7.49838e-05
7.7128e-05
-6.61233e-05
6.425e-05
-4.79418e-05
4.98516e-05
-2.71012e-05
3.49316e-05
-1.23859e-06
2.32735e-05
2.75742e-05
1.34611e-05
5.07524e-05
-4.61771e-06
5.96796e-05
-3.00707e-05
5.62127e-05
-4.40288e-05
5.06716e-05
-4.61784e-05
5.93528e-05
-4.46749e-05
8.07856e-05
-4.06595e-05
9.90874e-05
-3.38861e-05
0.000115845
-2.53959e-05
0.000133626
-1.61851e-05
0.00015257
-7.26805e-06
0.000173133
0.000196528
8.27676e-05
-7.19687e-05
7.38461e-05
-6.60618e-05
6.2429e-05
-5.47061e-05
5.16925e-05
-3.72052e-05
3.98319e-05
-1.52406e-05
2.8006e-05
1.05873e-05
1.75811e-05
3.79995e-05
6.91435e-06
6.14196e-05
-8.30604e-06
7.4901e-05
-2.9967e-05
7.78756e-05
-5.07099e-05
7.14144e-05
-5.8392e-05
6.70342e-05
-5.82334e-05
8.06269e-05
-5.33082e-05
9.41622e-05
-4.54971e-05
0.000108034
-3.53763e-05
0.000123505
-2.37767e-05
0.00014097
-1.15579e-05
0.000160915
0.00018497
6.93877e-05
-6.61158e-05
6.15665e-05
-5.82398e-05
5.23362e-05
-4.54754e-05
4.26007e-05
-2.74695e-05
3.24033e-05
-5.04323e-06
2.20677e-05
2.09228e-05
1.18783e-05
4.81888e-05
3.80745e-07
7.29174e-05
-1.54086e-05
9.06907e-05
-3.65861e-05
9.90531e-05
-5.96817e-05
9.45106e-05
-6.82235e-05
7.55758e-05
-6.85918e-05
8.0995e-05
-6.36247e-05
8.9195e-05
-5.54338e-05
9.98432e-05
-4.43144e-05
0.000112386
-3.08458e-05
0.000127502
-1.57157e-05
0.000145785
0.000169255
5.83521e-05
-6.06069e-05
5.14304e-05
-5.13176e-05
4.35347e-05
-3.75794e-05
3.51367e-05
-1.90716e-05
2.62992e-05
3.79389e-06
1.71595e-05
3.00617e-05
7.47471e-06
5.78731e-05
-3.99153e-06
8.43833e-05
-1.93081e-05
0.000106007
-3.9376e-05
0.000119122
-6.23394e-05
0.000117475
-7.43596e-05
8.75958e-05
-7.4534e-05
8.1169e-05
-7.04591e-05
8.512e-05
-6.27803e-05
9.21644e-05
-5.14696e-05
0.000101075
-3.68397e-05
0.000112872
-1.94179e-05
0.000128363
0.000149837
4.82867e-05
-5.56021e-05
4.2325e-05
-4.53556e-05
3.56648e-05
-3.09192e-05
2.85628e-05
-1.197e-05
2.10936e-05
1.12622e-05
1.32524e-05
3.7902e-05
4.66286e-06
6.64616e-05
-5.62718e-06
9.46727e-05
-1.89481e-05
0.000119328
-3.66213e-05
0.000136796
-5.84028e-05
0.000139257
-7.67842e-05
0.000105978
-7.68133e-05
8.11977e-05
-7.36587e-05
8.19652e-05
-6.70562e-05
8.5562e-05
-5.62936e-05
9.0313e-05
-4.13094e-05
9.78878e-05
-2.24055e-05
0.000109459
0.000127432
3.88151e-05
-5.11854e-05
3.37848e-05
-4.03253e-05
2.83048e-05
-2.54394e-05
2.25295e-05
-6.19531e-06
1.65198e-05
1.72709e-05
1.01978e-05
4.42226e-05
3.24162e-06
7.34164e-05
-4.99015e-06
0.000102903
-1.53536e-05
0.000129691
-2.87274e-05
0.000150171
-4.67015e-05
0.000157234
-7.11501e-05
0.000130428
-7.65227e-05
8.65695e-05
-7.38125e-05
7.92547e-05
-6.81497e-05
7.98993e-05
-5.84866e-05
8.06501e-05
-4.39345e-05
8.33359e-05
-2.44565e-05
8.99818e-05
0.000102975
2.97021e-05
-4.73896e-05
2.55642e-05
-3.61875e-05
2.122e-05
-2.10957e-05
1.67785e-05
-1.75454e-06
1.22933e-05
2.17551e-05
7.68036e-06
4.88342e-05
2.71629e-06
7.83791e-05
-2.97594e-06
0.000108595
-1.00003e-05
0.000136715
-1.85901e-05
0.000158761
-3.16258e-05
0.000170271
-5.58928e-05
0.000154696
-7.41035e-05
0.00010478
-7.13363e-05
7.64873e-05
-6.62034e-05
7.47662e-05
-5.79544e-05
7.24013e-05
-4.44793e-05
6.98611e-05
-2.5355e-05
7.08578e-05
7.76203e-05
2.08163e-05
-4.41923e-05
1.751e-05
-3.28815e-05
1.42371e-05
-1.78233e-05
1.10971e-05
1.38477e-06
8.14579e-06
2.47053e-05
5.32606e-06
5.16526e-05
2.50942e-06
8.11944e-05
-5.06273e-07
0.000111609
-4.17805e-06
0.000140386
-9.07956e-06
0.000163662
-1.63807e-05
0.000177574
-3.40962e-05
0.000172415
-6.02488e-05
0.000130935
-6.70796e-05
8.3317e-05
-6.21358e-05
6.98223e-05
-5.47487e-05
6.50142e-05
-4.27775e-05
5.789e-05
-2.48889e-05
5.29696e-05
5.27315e-05
1.21094e-05
-4.1527e-05
9.54201e-06
-3.03145e-05
7.24132e-06
-1.55231e-05
5.3186e-06
3.30677e-06
3.83824e-06
2.61847e-05
2.76812e-06
5.27216e-05
2.02318e-06
8.19381e-05
1.45847e-06
0.000112173
8.60771e-07
0.000140983
-4.07943e-07
0.000164931
-2.7115e-06
0.000179878
-1.20273e-05
0.000181733
-3.70285e-05
0.000155938
-5.89733e-05
0.000105262
-5.65432e-05
6.73917e-05
-4.92403e-05
5.77111e-05
-3.86465e-05
4.72963e-05
-2.27717e-05
3.7095e-05
2.996e-05
3.59929e-06
-3.92876e-05
1.65014e-06
-2.83657e-05
1.89016e-07
-1.40625e-05
-6.41717e-07
4.13684e-06
-7.80747e-07
2.6323e-05
-2.47985e-07
5.21879e-05
8.90516e-07
8.07986e-05
2.49277e-06
0.00011057
4.32708e-06
0.000139148
5.94427e-06
0.000163313
6.53793e-06
0.000179284
5.31175e-06
0.00018296
-8.17397e-06
0.000169427
-3.27942e-05
0.000129885
-4.90395e-05
8.36364e-05
-4.20746e-05
5.0746e-05
-3.18025e-05
3.70241e-05
-1.85997e-05
2.38923e-05
1.13604e-05
-4.63797e-06
-3.7365e-05
-6.09674e-06
-2.69074e-05
-6.86786e-06
-1.32919e-05
-6.77839e-06
4.04679e-06
-5.76643e-06
2.53103e-05
-3.85219e-06
5.02729e-05
-1.11422e-06
7.80599e-05
2.30119e-06
0.000107154
6.06826e-06
0.000135381
9.71166e-06
0.000159669
1.24094e-05
0.000176586
1.27835e-05
0.000182587
7.69179e-06
0.00017452
-1.12862e-05
0.000148866
-3.13443e-05
0.000103696
-3.27122e-05
5.21134e-05
-2.32405e-05
2.75523e-05
-1.2929e-05
1.35808e-05
-1.5686e-06
-1.24786e-05
-3.56455e-05
-1.3594e-05
-2.57924e-05
-1.38552e-05
-1.30312e-05
-1.30599e-05
3.25089e-06
-1.11255e-05
2.33754e-05
-8.07541e-06
4.72222e-05
-4.01867e-06
7.40026e-05
8.66057e-07
0.000102268
6.20554e-06
0.000130041
1.14359e-05
0.000154439
1.57663e-05
0.000172255
1.79245e-05
0.000180428
1.61487e-05
0.000176296
6.73867e-06
0.000158277
-1.09314e-05
0.000121368
-2.4629e-05
6.58115e-05
-1.64646e-05
1.93875e-05
-6.69603e-06
3.81216e-06
-8.26462e-06
-1.97916e-05
-3.40193e-05
-2.07226e-05
-2.48618e-05
-2.0677e-05
-1.30773e-05
-1.94119e-05
1.98534e-06
-1.68106e-05
2.07736e-05
-1.28914e-05
4.33025e-05
-7.79577e-06
6.89066e-05
-1.75795e-06
9.62301e-05
4.88276e-06
0.0001234
1.14535e-05
0.000147868
1.72522e-05
0.000166457
2.13065e-05
0.000176374
2.24622e-05
0.00017514
2.00326e-05
0.000160707
1.11018e-05
0.0001303
-1.21722e-06
7.81318e-05
-6.47392e-06
2.46451e-05
-3.18994e-06
5.2817e-07
-1.14546e-05
-2.64448e-05
-3.23832e-05
-2.73441e-05
-2.39629e-05
-2.71993e-05
-1.32226e-05
-2.57171e-05
5.02788e-07
-2.27273e-05
1.77834e-05
-1.82251e-05
3.87999e-05
-1.23726e-05
6.30538e-05
-5.44996e-06
8.93073e-05
2.18536e-06
0.000115764
9.88993e-06
0.000140163
1.68966e-05
0.00015945
2.24323e-05
0.000170838
2.55586e-05
0.000172014
2.51936e-05
0.000161072
1.93371e-05
0.000136157
1.67172e-06
9.57991e-05
-1.05808e-05
3.68985e-05
-3.36658e-06
-6.68619e-06
-1.48212e-05
-3.23143e-05
-3.0659e-05
-3.33118e-05
-2.29657e-05
-3.32578e-05
-1.3277e-05
-3.18121e-05
-9.43279e-07
-2.87308e-05
1.47018e-05
-2.39561e-05
3.4025e-05
-1.76472e-05
5.67446e-05
-1.0126e-05
8.1786e-05
-1.80512e-06
0.000107444
6.75789e-06
0.0001316
1.47001e-05
0.000151508
2.13e-05
0.000164238
2.57319e-05
0.000167582
2.69743e-05
0.00015983
2.28092e-05
0.000140323
1.03652e-05
0.000108243
-8.48577e-06
5.57497e-05
-7.8317e-06
-7.34008e-06
-2.26528e-05
-3.72934e-05
-2.87939e-05
-3.84841e-05
-2.17754e-05
-3.86772e-05
-1.30844e-05
-3.74993e-05
-2.12146e-06
-3.4625e-05
1.18272e-05
-2.99093e-05
2.9309e-05
-2.34711e-05
5.03064e-05
-1.56601e-05
7.3975e-05
-6.95442e-06
9.87379e-05
2.10096e-06
0.000122545
1.06657e-05
0.000142944
1.78883e-05
0.000157016
2.30864e-05
0.000162385
2.55474e-05
0.000157369
2.49973e-05
0.000140873
2.0778e-05
0.000112463
1.10064e-05
6.55215e-05
2.60252e-06
1.06379e-06
-2.00502e-05
-4.1309e-05
-2.67717e-05
-4.27437e-05
-2.03411e-05
-4.32875e-05
-1.25409e-05
-4.25588e-05
-2.85044e-06
-4.01628e-05
9.43094e-06
-3.5842e-05
2.49881e-05
-2.96253e-05
4.40896e-05
-2.18519e-05
6.62016e-05
-1.30622e-05
8.99484e-05
-3.89008e-06
0.000113373
4.89016e-06
0.000134164
1.22792e-05
0.000149627
1.74718e-05
0.000157192
1.99465e-05
0.000154895
1.96876e-05
0.000141132
1.8125e-05
0.000114026
1.62641e-05
6.73825e-05
1.79817e-05
-6.5366e-07
-2.06832e-06
-4.43291e-05
-2.46027e-05
-4.60132e-05
-1.86574e-05
-4.69485e-05
-1.16059e-05
-4.67748e-05
-3.02439e-06
-4.50621e-05
7.71804e-06
-4.14412e-05
2.1367e-05
-3.58011e-05
3.84494e-05
-2.84069e-05
5.88075e-05
-1.98331e-05
8.13748e-05
-1.08186e-05
0.000104359
-2.20398e-06
0.00012555
4.95634e-06
0.000142468
9.62305e-06
0.000152526
1.10977e-05
0.000153421
9.46209e-06
0.000142768
7.15002e-06
0.000116338
1.03202e-05
6.42124e-05
5.77043e-06
3.89636e-06
3.70216e-06
-4.63675e-05
-2.23231e-05
-4.82681e-05
-1.67571e-05
-4.95741e-05
-1.03002e-05
-4.99726e-05
-2.62607e-06
-4.90444e-05
6.78958e-06
-4.63436e-05
1.86661e-05
-4.15974e-05
3.37032e-05
-3.49163e-05
5.21265e-05
-2.68341e-05
7.32927e-05
-1.81646e-05
9.56898e-05
-9.87882e-06
0.000117264
-3.10063e-06
0.00013569
9.29136e-07
0.000148497
1.2779e-06
0.000153072
-1.88062e-06
0.000145927
-5.52223e-06
0.00011998
2.74447e-06
5.5946e-05
-8.45358e-08
6.72546e-06
3.61768e-06
-4.74773e-05
-1.99789e-05
-4.95361e-05
-1.46986e-05
-5.11449e-05
-8.69163e-06
-5.20522e-05
-1.71896e-06
-5.18891e-05
6.62633e-06
-5.01938e-05
1.69708e-05
-4.65571e-05
3.00665e-05
-4.08742e-05
4.64436e-05
-3.35231e-05
6.59416e-05
-2.53069e-05
8.74738e-05
-1.72794e-05
0.000109237
-1.06528e-05
0.000129063
-6.73969e-06
0.000144584
-6.58197e-06
0.000152915
-1.00089e-05
0.000149354
-1.26976e-05
0.000122669
8.6928e-07
4.23793e-05
-1.82367e-07
7.7772e-06
3.43532e-06
-4.77419e-05
-1.76229e-05
-4.98891e-05
-1.25517e-05
-5.17067e-05
-6.87419e-06
-5.30045e-05
-4.21334e-07
-5.34842e-05
7.10589e-06
-5.27263e-05
1.62128e-05
-5.02535e-05
2.75938e-05
-4.5745e-05
4.19351e-05
-3.93119e-05
5.95087e-05
-3.15958e-05
7.97578e-05
-2.36198e-05
0.000101261
-1.6611e-05
0.000122055
-1.1856e-05
0.000139829
-1.04589e-05
0.000151518
-1.18501e-05
0.000150746
-1.14833e-05
0.000122302
4.30239e-06
2.65941e-05
1.84103e-06
1.02386e-05
5.27636e-06
-4.72622e-05
-1.53024e-05
-4.9429e-05
-1.03851e-05
-5.13562e-05
-4.94721e-06
-5.29045e-05
1.12692e-06
-5.38465e-05
8.04779e-06
-5.3837e-05
1.62032e-05
-5.24068e-05
2.61635e-05
-4.90875e-05
3.86158e-05
-4.36811e-05
5.41023e-05
-3.65049e-05
7.25817e-05
-2.83825e-05
9.31386e-05
-2.04157e-05
0.000114088
-1.37887e-05
0.000133202
-9.61625e-06
0.000147345
-8.84387e-06
0.000149974
-8.74153e-06
0.0001222
-4.04282e-06
2.18954e-05
-3.34683e-07
6.53039e-06
4.94167e-06
-4.61476e-05
-1.30586e-05
-4.8275e-05
-8.25783e-06
-5.02228e-05
-2.99955e-06
-5.1889e-05
2.793e-06
-5.31058e-05
9.26451e-06
-5.36023e-05
1.66998e-05
-5.29684e-05
2.55297e-05
-5.0689e-05
3.63363e-05
-4.6319e-05
4.97324e-05
-3.97716e-05
6.60343e-05
-3.1483e-05
8.485e-05
-2.2304e-05
0.000104909
-1.32629e-05
0.000124161
-5.53088e-06
0.000139613
-1.80552e-06
0.000146248
-1.01043e-05
0.000130499
-4.32431e-05
5.5034e-05
-1.14833e-05
-2.52294e-05
-6.54168e-06
-4.45077e-05
-1.09201e-05
-4.65526e-05
-6.21308e-06
-4.84551e-05
-1.09716e-06
-5.01345e-05
4.47241e-06
-5.14661e-05
1.05961e-05
-5.22393e-05
1.74729e-05
-5.21187e-05
2.54091e-05
-5.06244e-05
3.4842e-05
-4.71964e-05
4.63043e-05
-4.14045e-05
6.02424e-05
-3.32077e-05
7.6653e-05
-2.30156e-05
9.47167e-05
-1.14917e-05
0.000112637
6.68121e-07
0.000127453
1.31779e-05
0.000133738
2.2412e-05
0.000121265
1.44006e-05
6.30453e-05
2.508e-06
-1.33371e-05
-4.03379e-06
-4.24467e-05
-8.90448e-06
-4.43831e-05
-4.27681e-06
-4.6199e-05
7.187e-07
-4.78247e-05
6.09811e-06
-4.91596e-05
1.19309e-05
-5.00353e-05
1.83486e-05
-5.01846e-05
2.55585e-05
-4.92036e-05
3.3861e-05
-4.65451e-05
4.36458e-05
-4.16129e-05
5.53101e-05
-3.39816e-05
6.90215e-05
-2.36016e-05
8.43365e-05
-1.07905e-05
9.98255e-05
3.92094e-06
0.000112742
1.95831e-05
0.000118076
3.32598e-05
0.000107588
2.75925e-05
6.87124e-05
6.17023e-06
8.08482e-06
2.13629e-06
-4.00615e-05
-7.01447e-06
-4.18822e-05
-2.45611e-06
-4.35952e-05
2.43171e-06
-4.51365e-05
7.63934e-06
-4.64133e-05
1.32078e-05
-4.7285e-05
1.92203e-05
-4.75377e-05
2.58112e-05
-4.68489e-05
3.31722e-05
-4.47571e-05
4.15539e-05
-4.06768e-05
5.12297e-05
-3.40214e-05
6.23659e-05
-2.4429e-05
7.47439e-05
-1.19675e-05
8.73637e-05
2.73255e-06
9.80412e-05
1.79159e-05
0.000102892
2.95458e-05
9.59573e-05
2.6648e-05
7.16098e-05
5.95117e-06
2.87813e-05
8.08726e-06
-3.74403e-05
-5.23489e-06
-3.91626e-05
-7.33898e-07
-4.07826e-05
4.05175e-06
-4.22369e-05
9.09364e-06
-4.34357e-05
1.44066e-05
-4.42556e-05
2.00403e-05
-4.45219e-05
2.60775e-05
-4.39826e-05
3.26329e-05
-4.22785e-05
3.98498e-05
-3.89294e-05
4.78804e-05
-3.33817e-05
5.68181e-05
-2.51694e-05
6.65313e-05
-1.41801e-05
7.63742e-05
-9.64807e-07
8.48255e-05
1.27176e-05
8.92091e-05
2.33795e-05
8.52949e-05
2.42604e-05
7.07284e-05
1.16279e-05
4.14134e-05
1.97149e-05
-3.46575e-05
-3.52929e-06
-3.6322e-05
9.30617e-07
-3.78866e-05
5.6164e-06
-3.92799e-05
1.04869e-05
-4.04131e-05
1.55398e-05
-4.11761e-05
2.08033e-05
-4.14252e-05
2.63266e-05
-4.0965e-05
3.21727e-05
-3.95274e-05
3.84122e-05
-3.67559e-05
4.51088e-05
-3.22194e-05
5.22814e-05
-2.55027e-05
5.98143e-05
-1.6416e-05
6.72873e-05
-5.32966e-06
7.37389e-05
6.38093e-06
7.74982e-05
1.59507e-05
7.57248e-05
1.88867e-05
6.7792e-05
1.18062e-05
4.84935e-05
3.15209e-05
-3.17818e-05
-1.82407e-06
-3.34617e-05
2.61056e-06
-3.50339e-05
7.18865e-06
-3.64143e-05
1.18674e-05
-3.75161e-05
1.66416e-05
-3.82433e-05
2.15305e-05
-3.84801e-05
2.65634e-05
-3.80782e-05
3.17708e-05
-3.68435e-05
3.71774e-05
-3.45263e-05
4.27915e-05
-3.08271e-05
4.85821e-05
-2.54456e-05
5.44326e-05
-1.82131e-05
6.00546e-05
-9.33966e-06
6.48652e-05
2.66406e-07
6.78918e-05
8.49138e-06
6.74995e-05
1.26143e-05
6.36687e-05
9.07839e-06
5.20292e-05
4.05991e-05
-2.88878e-05
1.39349e-08
-3.06951e-05
4.41791e-06
-3.23596e-05
8.85315e-06
-3.37895e-05
1.32974e-05
-3.49056e-05
1.77577e-05
-3.56303e-05
2.22552e-05
-3.58764e-05
2.68095e-05
-3.55371e-05
3.14315e-05
-3.44783e-05
3.61186e-05
-3.25341e-05
4.08472e-05
-2.95126e-05
4.55606e-05
-2.52255e-05
5.01453e-05
-1.9565e-05
5.4394e-05
-1.26556e-05
5.79557e-05
-5.06257e-06
6.02986e-05
1.80792e-06
6.06288e-05
6.38846e-06
5.90879e-05
5.49764e-06
5.29197e-05
4.60966e-05
-2.60766e-05
2.19535e-06
-2.81536e-05
6.49504e-06
-3.00096e-05
1.07091e-05
-3.1555e-05
1.48429e-05
-3.27311e-05
1.89339e-05
-3.3487e-05
2.30111e-05
-3.37667e-05
2.70892e-05
-3.35016e-05
3.11665e-05
-3.26068e-05
3.52237e-05
-3.09806e-05
3.9221e-05
-2.85111e-05
4.3091e-05
-2.50955e-05
4.67296e-05
-2.06847e-05
4.9983e-05
-1.53654e-05
5.26363e-05
-9.48327e-06
5.44163e-05
-3.85014e-06
5.49956e-05
6.33495e-07
5.46042e-05
1.85582e-06
5.16973e-05
4.79524e-05
-2.34954e-05
4.9648e-06
-2.60249e-05
9.0246e-06
-2.81641e-05
1.28484e-05
-2.98732e-05
1.6552e-05
-3.11391e-05
2.01998e-05
-3.19468e-05
2.38189e-05
-3.22731e-05
2.74155e-05
-3.20838e-05
3.09772e-05
-3.13335e-05
3.44734e-05
-2.99689e-05
3.78563e-05
-2.79358e-05
4.10578e-05
-2.51919e-05
4.39858e-05
-2.17315e-05
4.65226e-05
-1.76243e-05
4.85291e-05
-1.30697e-05
4.98617e-05
-8.48094e-06
5.04068e-05
-4.2218e-06
5.0345e-05
-1.4947e-06
4.89701e-05
4.64577e-05
-2.15353e-05
-2.46661e-05
-2.71091e-05
-2.89751e-05
-3.03193e-05
-3.11681e-05
-3.15259e-05
-3.13817e-05
-3.0716e-05
-2.95066e-05
-2.77352e-05
-2.53991e-05
-2.25237e-05
-1.91791e-05
-1.54942e-05
-1.16589e-05
-7.80995e-06
-4.16679e-06
)
;

boundaryField
{
    leftWall
    {
        type            calculated;
        value           uniform 0;
    }
    rightWall
    {
        type            calculated;
        value           uniform 0;
    }
    lowerWall
    {
        type            calculated;
        value           uniform 0;
    }
    atmosphere
    {
        type            calculated;
        value           nonuniform List<scalar> 
46
(
-2.32814e-05
-4.10877e-05
-3.98682e-05
-3.91968e-05
-3.87087e-05
-3.82287e-05
-3.76763e-05
-3.70021e-05
-3.6173e-05
-3.51672e-05
-3.39696e-05
-3.25693e-05
-3.09576e-05
-2.9127e-05
-2.70704e-05
-2.47797e-05
-2.22446e-05
-1.94499e-05
-1.63721e-05
-1.29782e-05
-9.24261e-06
-5.22796e-06
-1.35378e-06
-1.30786e-07
6.5762e-07
1.79348e-06
2.62183e-06
9.01147e-06
1.21555e-05
1.52913e-05
1.8418e-05
2.1544e-05
2.46678e-05
2.77732e-05
3.0833e-05
3.38078e-05
3.66469e-05
3.92864e-05
4.16496e-05
4.36472e-05
4.51846e-05
4.61768e-05
4.65715e-05
4.6496e-05
4.5327e-05
4.22909e-05
)
;
    }
    defaultFaces
    {
        type            empty;
    }
}


// ************************************************************************* //
